5 0.239338 0.918301 0.115441 0.163399
10 0.289338 0.799346 0.030147 0.071895
10 0.323897 0.704575 0.033088 0.067974
10 0.333088 0.664706 0.020588 0.069281
2 0.391912 0.637255 0.013235 0.053595
2 0.398162 0.631373 0.009559 0.047059
10 0.391544 0.658824 0.015441 0.049673
10 0.272794 0.690850 0.042647 0.058824
3 0.214338 0.596732 0.038971 0.040523
10 0.197059 0.607843 0.038235 0.052288
10 0.188971 0.626144 0.041176 0.054902
3 0.155147 0.615686 0.041176 0.052288
10 0.142279 0.657516 0.036029 0.052288
10 0.170956 0.705882 0.036029 0.052288
10 0.160662 0.722222 0.040441 0.053595
10 0.147794 0.805229 0.038235 0.054902
0 0.094485 0.764706 0.055147 0.154248
10 0.293382 0.550980 0.033824 0.045752
4 0.332353 0.418301 0.082353 0.062745
10 0.315441 0.384967 0.023529 0.037908
10 0.333824 0.387582 0.016176 0.035294
4 0.348897 0.338562 0.075735 0.057516
4 0.383088 0.302614 0.073529 0.056209
2 0.436397 0.311765 0.008088 0.037908
2 0.437500 0.309150 0.007353 0.027451
10 0.436765 0.323529 0.011765 0.032680
1 0.326103 0.196078 0.006618 0.033987
4 0.504412 0.184314 0.020588 0.041830
5 0.570221 0.422876 0.034559 0.066667
5 0.557353 0.718301 0.055882 0.155556
4 0.857721 0.942484 0.138971 0.115033
4 0.831250 0.771895 0.130147 0.103268
10 0.831985 0.618301 0.036029 0.044444
4 0.765074 0.521569 0.087500 0.070588
10 0.930515 0.501961 0.019853 0.041830
10 0.897794 0.427451 0.014706 0.044444
10 0.838235 0.426797 0.030882 0.035294
4 0.744118 0.431373 0.094118 0.062745
4 0.720956 0.367974 0.081618 0.058824
4 0.694853 0.316340 0.060294 0.052288
1 0.749265 0.333333 0.007353 0.044444
1 0.755515 0.333987 0.006618 0.035294
5 0.776103 0.306536 0.041912 0.069281
1 0.784926 0.220261 0.008088 0.032680
1 0.789706 0.231373 0.004412 0.015686
1 0.698529 0.223529 0.007353 0.033987
5 0.673162 0.209804 0.052206 0.043137
5 0.636397 0.314379 0.031618 0.069281
2 0.609926 0.264706 0.008088 0.032680
3 0.609926 0.272549 0.008088 0.032680
5 0.580147 0.177124 0.023529 0.043137
7 0.633088 0.184967 0.013235 0.030065
10 0.654044 0.163399 0.016912 0.018301
2 0.588235 0.128758 0.007353 0.024837
10 0.588603 0.134641 0.008088 0.023529
4 0.572426 0.103268 0.018382 0.028758
1 0.602574 0.104575 0.005147 0.028758
5 0.618382 0.113725 0.022059 0.041830
2 0.575368 0.077778 0.005147 0.019608
2 0.578676 0.073856 0.004412 0.022222
2 0.579044 0.075817 0.003676 0.015686
3 0.574265 0.083660 0.004412 0.015686
3 0.578676 0.079085 0.004412 0.016993
10 0.551103 0.050327 0.005147 0.019608
2 0.551103 0.046405 0.003676 0.022222
5 0.523162 0.086928 0.018382 0.035294
5 0.565809 0.056863 0.016912 0.030065
5 0.566912 0.031373 0.014706 0.023529
4 0.564338 0.009804 0.013971 0.019608
5 0.535662 0.033987 0.012500 0.033987
4 0.524632 0.011111 0.013971 0.022222
1 0.487132 0.084314 0.005147 0.024837
2 0.496691 0.041830 0.005147 0.018301
2 0.496691 0.047059 0.005147 0.018301
2 0.491544 0.016340 0.003676 0.019608
3 0.491544 0.022222 0.005147 0.015686
3 0.498897 0.048366 0.009559 0.015686
3 0.497426 0.056209 0.005147 0.015686
0 0.468015 0.088235 0.021324 0.040523
10 0.476838 0.122876 0.006618 0.020915
10 0.470956 0.141830 0.006618 0.022222
10 0.422426 0.114379 0.015441 0.016993
10 0.423897 0.122222 0.015441 0.022222
10 0.415441 0.129412 0.014706 0.020915
3 0.422426 0.219608 0.019853 0.028758
10 0.419853 0.233333 0.020588 0.022222
1 0.408824 0.088235 0.004412 0.019608
1 0.685294 0.139869 0.007353 0.033987
1 0.697426 0.115033 0.006618 0.028758
1 0.411765 0.043791 0.004412 0.022222
