1 0.409375 0.871296 0.039583 0.231481
1 0.561458 0.493519 0.035417 0.161111
1 0.713542 0.403704 0.043750 0.137037
1 0.038542 0.350000 0.025000 0.096296
1 0.087500 0.339815 0.027083 0.109259
1 0.409896 0.442593 0.026042 0.137037
1 0.412500 0.405556 0.027083 0.122222
1 0.381771 0.345370 0.030208 0.120370
1 0.441146 0.337037 0.059375 0.137037
1 0.528125 0.375926 0.035417 0.129630
1 0.573438 0.379630 0.023958 0.133333
1 0.577604 0.344444 0.021875 0.107407
1 0.646354 0.362037 0.026042 0.131481
1 0.678646 0.337037 0.028125 0.111111
1 0.697396 0.312037 0.019792 0.094444
3 0.569792 0.327778 0.047917 0.062963
1 0.769271 0.230556 0.021875 0.087037
1 0.776563 0.177778 0.017708 0.074074
1 0.830208 0.131481 0.016667 0.055556
1 0.782813 0.104630 0.017708 0.042593
1 0.322396 0.281481 0.019792 0.100000
1 0.403125 0.175926 0.014583 0.070370
2 0.350521 0.243519 0.023958 0.046296
1 0.350000 0.240741 0.010417 0.051852
2 0.146354 0.275926 0.026042 0.081481
2 0.173958 0.278704 0.025000 0.079630
1 0.144792 0.248148 0.016667 0.066667
1 0.247917 0.274074 0.018750 0.092593
1 0.244271 0.256481 0.017708 0.101852
1 0.227604 0.167593 0.017708 0.064815
1 0.230729 0.150926 0.015625 0.064815
1 0.172917 0.148148 0.012500 0.059259
1 0.314063 0.104630 0.011458 0.046296
1 0.335938 0.099074 0.011458 0.046296
1 0.343750 0.102778 0.010417 0.046296
1 0.357292 0.103704 0.010417 0.051852
1 0.367708 0.095370 0.012500 0.053704
2 0.435937 0.187037 0.009375 0.018519
1 0.423438 0.179630 0.009375 0.044444
2 0.425000 0.174074 0.008333 0.040741
2 0.430208 0.180556 0.008333 0.031481
4 0.524479 0.125926 0.013542 0.048148
1 0.509375 0.109259 0.012500 0.048148
1 0.559896 0.094444 0.007292 0.037037
1 0.529167 0.090741 0.008333 0.037037
2 0.500521 0.097222 0.011458 0.024074
1 0.475521 0.117593 0.009375 0.038889
1 0.932292 0.308333 0.029167 0.109259
1 0.972396 0.246296 0.026042 0.081481
1 0.968229 0.197222 0.015625 0.057407
2 0.903646 0.133333 0.017708 0.029630
