0 0.470588 0.194771 0.086765 0.096732
4 0.415809 0.257516 0.005147 0.007843
4 0.494118 0.258824 0.007353 0.007843
6 0.485294 0.246405 0.007353 0.014379
6 0.423897 0.265359 0.011029 0.023529
4 0.411397 0.284967 0.008088 0.010458
4 0.465441 0.281699 0.011765 0.009150
4 0.451838 0.336601 0.006618 0.014379
4 0.518750 0.345752 0.008088 0.011765
6 0.556985 0.300000 0.016912 0.035294
4 0.567279 0.354248 0.009559 0.013072
9 0.561029 0.479739 0.023529 0.052288
6 0.501838 0.747059 0.036029 0.189542
5 0.438603 0.966013 0.028676 0.067974
