0 0.490441 0.118954 0.094118 0.120261
0 0.389706 0.175817 0.054412 0.035294
0 0.556250 0.199346 0.055147 0.066667
4 0.483456 0.189542 0.009559 0.015686
4 0.454779 0.208497 0.011029 0.016993
0 0.470588 0.215686 0.005882 0.020915
1 0.435294 0.254248 0.002941 0.019608
4 0.425368 0.220261 0.012500 0.022222
4 0.489338 0.301307 0.016912 0.030065
4 0.449632 0.266667 0.015441 0.023529
4 0.411397 0.249020 0.024265 0.022222
4 0.384926 0.317647 0.016912 0.031373
4 0.423897 0.371242 0.021324 0.039216
4 0.573529 0.247712 0.026471 0.022222
10 0.545956 0.252288 0.005147 0.018301
2 0.545956 0.251634 0.003676 0.011765
2 0.545956 0.250327 0.005147 0.014379
4 0.515809 0.286275 0.016912 0.023529
4 0.514706 0.254902 0.014706 0.026144
4 0.574265 0.264052 0.025000 0.020915
4 0.572426 0.274510 0.021324 0.020915
4 0.581250 0.286928 0.021324 0.022222
5 0.582721 0.294771 0.016912 0.030065
4 0.588235 0.317647 0.023529 0.028758
10 0.574265 0.334641 0.005882 0.020915
2 0.574265 0.329412 0.007353 0.023529
0 0.624265 0.256209 0.010294 0.023529
2 0.631618 0.259477 0.004412 0.019608
4 0.620221 0.308497 0.037500 0.028758
1 0.611765 0.330719 0.007353 0.026144
1 0.561765 0.479739 0.008824 0.041830
4 0.529412 0.491503 0.026471 0.052288
4 0.633456 0.427451 0.030147 0.039216
10 0.601471 0.435948 0.008824 0.030065
2 0.602206 0.428758 0.007353 0.033987
4 0.653676 0.472549 0.036765 0.048366
10 0.633456 0.531373 0.011029 0.040523
2 0.635662 0.533333 0.009559 0.026144
2 0.633824 0.520915 0.008824 0.035294
10 0.645588 0.578431 0.011765 0.037908
2 0.645588 0.568627 0.008824 0.044444
1 0.675735 0.505882 0.007353 0.041830
7 0.657353 0.519608 0.017647 0.048366
4 0.708088 0.535294 0.080882 0.056209
1 0.789338 0.494771 0.006618 0.050980
1 0.789338 0.515033 0.005147 0.026144
2 0.795956 0.516993 0.008088 0.030065
2 0.798529 0.520915 0.008824 0.027451
2 0.808456 0.522222 0.009559 0.032680
1 0.869118 0.549020 0.022059 0.054902
4 0.788603 0.640523 0.078676 0.073203
1 0.854412 0.630719 0.013235 0.053595
2 0.887500 0.641176 0.019118 0.040523
2 0.905882 0.692157 0.020588 0.043137
2 0.870221 0.698693 0.016912 0.043137
2 0.859926 0.705882 0.021324 0.044444
5 0.765441 0.750980 0.064706 0.134641
10 0.918015 0.919608 0.046324 0.061438
10 0.875000 0.834641 0.038235 0.045752
4 0.848162 0.945098 0.093382 0.109804
4 0.560662 0.733333 0.053676 0.112418
4 0.417647 0.739869 0.052941 0.109804
10 0.487500 0.622222 0.013235 0.047059
2 0.487132 0.609150 0.013971 0.047059
0 0.369853 0.209150 0.013235 0.013072
4 0.381618 0.203268 0.019118 0.014379
4 0.384926 0.212418 0.011029 0.014379
4 0.377574 0.218954 0.016912 0.014379
4 0.352941 0.241176 0.020588 0.022222
4 0.351103 0.258170 0.016912 0.022222
4 0.368750 0.232026 0.013971 0.019608
4 0.327574 0.288235 0.021324 0.027451
4 0.315441 0.304575 0.022059 0.031373
10 0.293382 0.281699 0.007353 0.019608
4 0.274632 0.315686 0.043382 0.030065
10 0.284926 0.301307 0.015441 0.014379
4 0.290441 0.340523 0.025000 0.030065
4 0.286397 0.359477 0.027206 0.036601
4 0.254044 0.391503 0.034559 0.040523
10 0.236029 0.360131 0.010294 0.014379
3 0.239338 0.352941 0.015441 0.015686
4 0.077574 0.428105 0.065441 0.048366
4 0.114706 0.490196 0.088235 0.054902
10 0.215074 0.416993 0.008088 0.026144
2 0.194118 0.421569 0.005882 0.016993
7 0.193750 0.431373 0.041912 0.026144
4 0.041544 0.673856 0.080147 0.105882
7 0.309559 0.627451 0.025000 0.054902
2 0.305882 0.607190 0.013235 0.037908
4 0.357353 0.375817 0.026471 0.037908
