5 0.627083 0.704630 0.085417 0.150000
4 0.756771 0.535185 0.082292 0.048148
4 0.748437 0.498148 0.071875 0.037037
4 0.723958 0.483333 0.043750 0.037037
7 0.116146 0.775926 0.061458 0.133333
10 0.163021 0.709259 0.038542 0.044444
4 0.559896 0.356481 0.017708 0.031481
4 0.468750 0.256481 0.010417 0.016667
4 0.473958 0.248148 0.008333 0.014815
4 0.479687 0.235185 0.009375 0.014815
4 0.477604 0.222222 0.009375 0.014815
4 0.444271 0.273148 0.013542 0.024074
5 0.452083 0.252778 0.014583 0.024074
4 0.379688 0.271296 0.017708 0.020370
9 0.479167 0.193519 0.008333 0.020370
9 0.502604 0.168519 0.005208 0.014815
0 0.497396 0.146296 0.028125 0.014815
0 0.518750 0.189815 0.016667 0.061111
0 0.483333 0.170370 0.018750 0.018519
1 0.698958 0.519444 0.008333 0.042593
7 0.382292 0.457407 0.014583 0.040741
10 0.334375 0.484259 0.008333 0.035185
10 0.539062 0.301852 0.003125 0.011111
10 0.394271 0.360185 0.005208 0.020370
10 0.555729 0.441667 0.005208 0.020370
10 0.566146 0.437963 0.005208 0.020370
10 0.536979 0.389815 0.005208 0.016667
10 0.536458 0.343519 0.014583 0.016667
1 0.423958 0.313889 0.004167 0.024074
10 0.185417 0.660185 0.027083 0.042593
10 0.317188 0.415741 0.007292 0.024074
10 0.406771 0.363889 0.007292 0.020370
10 0.490104 0.382407 0.007292 0.016667
0 0.454688 0.213889 0.015625 0.035185
1 0.527604 0.247222 0.005208 0.016667
10 0.541667 0.265741 0.004167 0.012963
10 0.531250 0.281481 0.004167 0.011111
10 0.527083 0.309259 0.004167 0.014815
10 0.430729 0.269444 0.003125 0.012963
10 0.381250 0.292593 0.004167 0.014815
10 0.532813 0.233333 0.005208 0.011111
1 0.334375 0.471296 0.006250 0.027778
1 0.380208 0.446296 0.006250 0.022222
1 0.393750 0.350000 0.004167 0.018519
1 0.408854 0.356481 0.005208 0.020370
1 0.527083 0.301852 0.004167 0.014815
1 0.490104 0.370370 0.007292 0.022222
1 0.556771 0.429630 0.007292 0.022222
1 0.566146 0.426852 0.005208 0.020370
1 0.539062 0.336111 0.005208 0.020370
1 0.540104 0.294444 0.003125 0.014815
1 0.531771 0.276852 0.005208 0.016667
1 0.542188 0.262963 0.003125 0.018519
1 0.533333 0.226852 0.004167 0.012963
1 0.538542 0.381481 0.004167 0.014815
1 0.592187 0.488889 0.007292 0.029630
3 0.592708 0.499074 0.010417 0.031481
1 0.515104 0.326852 0.005208 0.024074
5 0.501042 0.247222 0.012500 0.027778
1 0.391146 0.296296 0.005208 0.018519
2 0.420833 0.285185 0.004167 0.018519
1 0.431250 0.264815 0.002083 0.014815
1 0.438021 0.284259 0.003125 0.016667
1 0.438021 0.253704 0.003125 0.014815
1 0.335938 0.395370 0.007292 0.042593
0 0.289583 0.478704 0.018750 0.042593
1 0.563021 0.330556 0.007292 0.027778
8 0.551042 0.324074 0.014583 0.029630
