4 0.091912 0.969935 0.183824 0.054902
4 0.394485 0.980392 0.188971 0.039216
4 0.872426 0.973203 0.187500 0.053595
4 0.652941 0.975163 0.179412 0.049673
4 0.204779 0.775817 0.100735 0.228758
4 0.126838 0.752941 0.109559 0.230065
5 0.351103 0.730719 0.065441 0.224837
5 0.461029 0.767320 0.094118 0.227451
4 0.536397 0.364052 0.049265 0.095425
4 0.317279 0.352941 0.077206 0.107190
4 0.393750 0.371895 0.047794 0.116340
4 0.455882 0.367974 0.050000 0.092810
4 0.599265 0.365359 0.051471 0.087582
4 0.663603 0.370588 0.050735 0.084967
4 0.712500 0.362092 0.058824 0.091503
4 0.756618 0.362092 0.058824 0.091503
4 0.817647 0.375163 0.054412 0.096732
4 0.873162 0.372549 0.071324 0.091503
4 0.929412 0.364706 0.079412 0.101961
4 0.224265 0.325490 0.082353 0.081046
7 0.224632 0.389542 0.040441 0.109804
1 0.091176 0.441176 0.019118 0.071895
1 0.381618 0.439869 0.025000 0.077124
10 0.480515 0.614379 0.052206 0.052288
2 0.432721 0.452941 0.021324 0.074510
4 0.020588 0.081699 0.041176 0.061438
4 0.029044 0.222222 0.058088 0.057516
10 0.040441 0.232026 0.033824 0.035294
3 0.090809 0.258170 0.025735 0.043137
8 0.070588 0.410458 0.107353 0.120261
1 0.079044 0.328105 0.011029 0.041830
2 0.106250 0.348366 0.021324 0.050980
1 0.107353 0.324837 0.016176 0.043137
2 0.134559 0.327451 0.017647 0.058824
10 0.215074 0.275163 0.019853 0.030065
8 0.038603 0.294118 0.077206 0.086275
10 0.062132 0.276471 0.030147 0.030065
10 0.060662 0.266013 0.030147 0.030065
10 0.059926 0.249020 0.030147 0.030065
8 0.163603 0.362745 0.062500 0.137255
10 0.707353 0.252941 0.027941 0.032680
10 0.698529 0.241830 0.029412 0.026144
10 0.698529 0.228105 0.029412 0.032680
1 0.990809 0.405229 0.016912 0.067974
10 0.967279 0.372549 0.019853 0.054902
10 0.968382 0.352941 0.014706 0.033987
10 0.329412 0.216993 0.011765 0.052288
2 0.576471 0.621569 0.017647 0.040523
2 0.589338 0.622876 0.018382 0.045752
2 0.708824 0.626144 0.017647 0.039216
