2 0.507552 0.979630 0.013021 0.038889
10 0.505990 0.982870 0.017188 0.034259
1 0.521354 0.926852 0.011458 0.062963
8 0.628385 0.965741 0.054688 0.068519
1 0.626823 0.989352 0.011979 0.021296
10 0.600000 0.919907 0.023958 0.037963
1 0.596094 0.895833 0.013021 0.054630
2 0.607812 0.876389 0.011458 0.030556
3 0.566406 0.897222 0.014063 0.061111
2 0.728646 0.975926 0.018750 0.046296
3 0.600000 0.828241 0.031250 0.034259
10 0.601302 0.806019 0.029687 0.028704
10 0.598177 0.795833 0.026562 0.030556
10 0.591146 0.772222 0.030208 0.029630
10 0.588802 0.756944 0.036979 0.034259
10 0.574740 0.805556 0.022396 0.038889
10 0.583854 0.712037 0.029167 0.037037
2 0.501563 0.718519 0.009375 0.035185
10 0.500781 0.735648 0.006771 0.034259
2 0.398698 0.849074 0.006771 0.025926
2 0.400000 0.843981 0.009375 0.037963
10 0.399740 0.866667 0.015104 0.046296
2 0.373437 0.851389 0.013542 0.039815
10 0.372917 0.870833 0.011458 0.049074
1 0.392969 0.538889 0.006771 0.037037
4 0.384896 0.608796 0.026042 0.060185
2 0.403906 0.621296 0.008854 0.025926
10 0.404427 0.631481 0.010937 0.035185
2 0.432031 0.596759 0.006771 0.021296
10 0.431510 0.602315 0.009896 0.045370
1 0.575260 0.668981 0.006771 0.043519
1 0.570052 0.666204 0.007812 0.043519
10 0.571615 0.659722 0.014063 0.032407
10 0.567448 0.629167 0.018229 0.025000
10 0.571094 0.610185 0.011979 0.025926
10 0.565365 0.618056 0.018229 0.023148
7 0.550521 0.513889 0.012500 0.031481
1 0.571094 0.514815 0.006771 0.033333
2 0.544531 0.557407 0.006771 0.031481
10 0.543490 0.567593 0.005729 0.022222
4 0.489063 0.501852 0.020833 0.037037
1 0.418490 0.467593 0.005729 0.031481
1 0.413802 0.468981 0.005729 0.026852
4 0.490885 0.408796 0.016146 0.030556
2 0.533073 0.410648 0.003646 0.015741
1 0.540625 0.416204 0.003125 0.019444
7 0.538802 0.422222 0.008854 0.018519
3 0.532813 0.418981 0.005208 0.017593
2 0.431250 0.390741 0.004167 0.018519
7 0.431771 0.399074 0.007292 0.020370
2 0.151562 0.328241 0.003125 0.012037
2 0.153906 0.329167 0.003646 0.013889
10 0.153646 0.334722 0.009375 0.012037
4 0.180729 0.320833 0.029167 0.023148
4 0.238542 0.331481 0.031250 0.020370
4 0.284896 0.337500 0.032292 0.021296
2 0.312760 0.348611 0.005729 0.017593
10 0.313542 0.354167 0.011458 0.013889
4 0.336458 0.374074 0.031250 0.031481
2 0.346875 0.359259 0.005208 0.020370
5 0.322917 0.337500 0.025000 0.023148
4 0.600521 0.308796 0.011458 0.021296
4 0.581771 0.307407 0.012500 0.020370
4 0.540625 0.286111 0.010417 0.016667
2 0.455729 0.316667 0.004167 0.014815
3 0.456510 0.323148 0.005729 0.012963
1 0.408854 0.307407 0.004167 0.020370
4 0.460417 0.150000 0.008333 0.007407
4 0.455208 0.145370 0.007292 0.007407
4 0.465104 0.156944 0.005208 0.010185
4 0.445052 0.159722 0.004687 0.006481
6 0.440365 0.165741 0.005729 0.012963
6 0.438021 0.168519 0.006250 0.012963
6 0.436719 0.173611 0.005729 0.015741
4 0.422917 0.232870 0.013542 0.012037
4 0.424479 0.227315 0.014583 0.013889
4 0.426042 0.221759 0.015625 0.012037
4 0.425521 0.218981 0.013542 0.015741
1 0.429948 0.241667 0.001563 0.011111
1 0.432292 0.242130 0.002083 0.010185
2 0.424479 0.266204 0.003125 0.010185
3 0.424740 0.273148 0.002604 0.011111
2 0.434896 0.266204 0.003125 0.012037
3 0.434635 0.273148 0.002604 0.011111
2 0.441927 0.261111 0.002604 0.009259
10 0.441667 0.266667 0.003125 0.011111
2 0.454688 0.246759 0.003125 0.008333
10 0.455208 0.252315 0.003125 0.008333
4 0.463281 0.236574 0.008854 0.015741
4 0.464323 0.199537 0.006771 0.010185
4 0.456250 0.193981 0.006250 0.010185
4 0.465885 0.181019 0.004687 0.008333
4 0.466406 0.171296 0.004687 0.007407
1 0.445833 0.168519 0.002083 0.007407
1 0.448177 0.168981 0.002604 0.008333
2 0.448698 0.208796 0.002604 0.006481
10 0.448958 0.212963 0.003125 0.009259
4 0.243490 0.926852 0.094271 0.105556
5 0.260937 0.831019 0.078125 0.082407
2 0.629427 0.793056 0.011979 0.025000
2 0.643490 0.794907 0.011979 0.030556
2 0.645052 0.770833 0.008854 0.025000
2 0.649479 0.753704 0.011458 0.022222
2 0.621615 0.757407 0.011979 0.031481
2 0.640365 0.718981 0.010937 0.030556
2 0.657552 0.709259 0.009896 0.033333
1 0.686458 0.787963 0.008333 0.048148
10 0.620052 0.487037 0.009896 0.025926
1 0.492188 0.169444 0.002083 0.009259
2 0.479687 0.181019 0.002083 0.004630
7 0.479427 0.183796 0.003646 0.006481
2 0.481510 0.202315 0.002604 0.006481
10 0.481510 0.206019 0.002604 0.006481
2 0.486979 0.231019 0.003125 0.008333
10 0.486458 0.235185 0.002083 0.007407
2 0.491146 0.231481 0.002083 0.007407
10 0.491406 0.237500 0.002604 0.006481
1 0.495573 0.218056 0.002604 0.013889
1 0.497396 0.218981 0.003125 0.013889
4 0.525260 0.262037 0.015104 0.014815
4 0.520573 0.236574 0.015104 0.012037
4 0.507292 0.178241 0.004167 0.008333
4 0.508854 0.181944 0.005208 0.010185
4 0.510156 0.188426 0.005729 0.010185
4 0.513021 0.195833 0.005208 0.012037
1 0.507031 0.256019 0.002604 0.013889
1 0.508854 0.256019 0.003125 0.012037
1 0.511458 0.256944 0.002083 0.015741
2 0.515625 0.264352 0.003125 0.012037
10 0.516146 0.268981 0.002083 0.010185
2 0.521354 0.278704 0.004167 0.012963
10 0.521615 0.285185 0.004687 0.011111
2 0.510677 0.287963 0.002604 0.009259
3 0.511198 0.295833 0.003646 0.010185
2 0.512500 0.310185 0.003125 0.011111
10 0.512760 0.313426 0.004687 0.017593
2 0.496875 0.271296 0.003125 0.009259
10 0.496615 0.277778 0.004687 0.011111
2 0.506250 0.275463 0.002083 0.006481
2 0.505729 0.272685 0.002083 0.006481
10 0.506250 0.280093 0.004167 0.010185
2 0.500521 0.287500 0.003125 0.008333
2 0.500781 0.285185 0.002604 0.011111
10 0.500000 0.292593 0.003125 0.007407
