4 0.580147 0.931373 0.114706 0.116340
1 0.681985 0.918301 0.019853 0.066667
1 0.613603 0.809150 0.012500 0.047059
1 0.590074 0.722876 0.015441 0.052288
10 0.575368 0.776471 0.022794 0.075817
2 0.574632 0.772549 0.018382 0.052288
4 0.183456 0.849020 0.063971 0.189542
1 0.081250 0.864706 0.027206 0.053595
4 0.060662 0.424183 0.043382 0.103268
1 0.482353 0.607190 0.011765 0.048366
10 0.431985 0.493464 0.024265 0.043137
1 0.346691 0.464052 0.011029 0.047059
2 0.369485 0.415686 0.013971 0.031373
10 0.395588 0.328758 0.026471 0.032680
7 0.320221 0.465359 0.031618 0.067974
7 0.295588 0.442484 0.042647 0.074510
1 0.305147 0.464052 0.010294 0.044444
1 0.284926 0.435294 0.008088 0.041830
1 0.282721 0.408497 0.013971 0.048366
7 0.266912 0.407190 0.026471 0.071895
1 0.258824 0.409150 0.013235 0.023529
7 0.285294 0.327451 0.054412 0.043137
1 0.286397 0.309804 0.008088 0.031373
7 0.375735 0.379739 0.029412 0.064052
6 0.337868 0.352288 0.050735 0.124183
10 0.385294 0.261438 0.023529 0.028758
10 0.373897 0.245752 0.031618 0.033987
3 0.386397 0.224837 0.012500 0.031373
5 0.340074 0.213072 0.061029 0.067974
4 0.310294 0.179085 0.044118 0.062745
5 0.284559 0.150980 0.044118 0.064052
10 0.340441 0.077778 0.010294 0.030065
2 0.295956 0.085621 0.009559 0.022222
7 0.305515 0.017647 0.040441 0.035294
1 0.285662 0.013072 0.008088 0.026144
5 0.015809 0.209150 0.031618 0.088889
4 0.914338 0.768627 0.078676 0.083660
4 0.725735 0.628105 0.080882 0.090196
10 0.581985 0.527451 0.036029 0.040523
2 0.581985 0.524183 0.012500 0.044444
7 0.498529 0.488889 0.055882 0.052288
2 0.488235 0.483007 0.011765 0.040523
1 0.462868 0.464052 0.011029 0.044444
1 0.487868 0.450327 0.011029 0.040523
1 0.478309 0.418301 0.012500 0.041830
7 0.463235 0.421569 0.029412 0.074510
1 0.515809 0.442484 0.008088 0.037908
1 0.525000 0.437908 0.010294 0.041830
2 0.533088 0.418301 0.008824 0.036601
2 0.525368 0.420261 0.009559 0.035294
7 0.508456 0.420915 0.033088 0.065359
7 0.547794 0.408497 0.029412 0.064052
10 0.505882 0.332026 0.020588 0.031373
3 0.519118 0.329412 0.020588 0.023529
1 0.494485 0.273203 0.011029 0.036601
10 0.548529 0.327451 0.008824 0.032680
1 0.548162 0.311111 0.003676 0.018301
2 0.436397 0.226797 0.008088 0.024837
2 0.533088 0.214379 0.011765 0.031373
2 0.540074 0.209804 0.009559 0.030065
3 0.582353 0.325490 0.025000 0.033987
3 0.609559 0.309804 0.023529 0.033987
10 0.594853 0.292810 0.025000 0.033987
1 0.598529 0.266667 0.008824 0.036601
10 0.569853 0.272549 0.022059 0.032680
10 0.584191 0.249020 0.022794 0.032680
1 0.629044 0.270588 0.011029 0.039216
1 0.627206 0.265359 0.008824 0.036601
1 0.645588 0.269935 0.010294 0.037908
2 0.601838 0.400000 0.009559 0.033987
2 0.626103 0.387582 0.011029 0.030065
7 0.612132 0.383660 0.033088 0.071895
7 0.644485 0.374510 0.034559 0.061438
7 0.671324 0.362745 0.036765 0.064052
2 0.684191 0.362092 0.011029 0.033987
1 0.713235 0.369281 0.010294 0.043137
1 0.724632 0.350327 0.011029 0.044444
1 0.732353 0.338562 0.011765 0.044444
1 0.726103 0.375817 0.011029 0.040523
1 0.737132 0.379085 0.011029 0.047059
7 0.737132 0.325490 0.037500 0.062745
10 0.657721 0.228105 0.012500 0.037908
4 0.717279 0.247059 0.044853 0.083660
4 0.763603 0.249020 0.062500 0.071895
4 0.836397 0.299346 0.071324 0.062745
1 0.853309 0.258170 0.012500 0.035294
5 0.861397 0.207843 0.066912 0.070588
10 0.810294 0.121569 0.019118 0.033987
10 0.844853 0.110458 0.019118 0.024837
1 0.886765 0.314379 0.014706 0.037908
10 0.819118 0.358170 0.025000 0.031373
2 0.822426 0.347712 0.013971 0.041830
6 0.675735 0.527451 0.126471 0.147712
5 0.661029 0.456863 0.070588 0.087582
5 0.746691 0.411111 0.088971 0.095425
5 0.779044 0.498693 0.072794 0.087582
5 0.847426 0.380392 0.086029 0.094118
4 0.825735 0.595425 0.092647 0.084967
4 0.886397 0.458170 0.078676 0.071895
4 0.975000 0.422876 0.050000 0.069281
5 0.919853 0.544444 0.077941 0.087582
4 0.980147 0.516993 0.039706 0.071895
5 0.930147 0.277124 0.067647 0.070588
1 0.966176 0.287582 0.011765 0.044444
