1 0.336765 0.277778 0.020588 0.071895
1 0.363603 0.278431 0.025735 0.081046
1 0.415074 0.394771 0.016912 0.088889
1 0.428676 0.374510 0.020588 0.077124
4 0.350735 0.537908 0.073529 0.220915
1 0.294853 0.963399 0.023529 0.073203
1 0.366176 0.830719 0.026471 0.074510
1 0.377941 0.939216 0.038235 0.084967
1 0.445221 0.770588 0.027206 0.077124
1 0.472059 0.773856 0.022059 0.052288
1 0.497426 0.768627 0.025735 0.083660
1 0.431618 0.928758 0.026471 0.095425
1 0.500368 0.888889 0.030147 0.094118
1 0.511765 0.967974 0.023529 0.061438
1 0.568382 0.838562 0.035294 0.098039
10 0.658456 0.780392 0.059559 0.062745
1 0.666176 0.815033 0.029412 0.079739
1 0.681618 0.841830 0.022059 0.054902
1 0.701103 0.931373 0.031618 0.087582
1 0.729779 0.893464 0.033088 0.082353
1 0.725368 0.945752 0.031618 0.084967
5 0.658824 0.431373 0.072059 0.206536
1 0.741176 0.378431 0.020588 0.074510
10 0.836765 0.360131 0.023529 0.079739
10 0.804412 0.396078 0.020588 0.065359
2 0.945588 0.919608 0.041176 0.090196
2 0.985662 0.973203 0.027206 0.053595
1 0.120588 0.964052 0.027941 0.071895
3 0.730882 0.030719 0.030882 0.040523
10 0.754412 0.076471 0.036765 0.045752
10 0.754779 0.091503 0.033088 0.041830
3 0.647059 0.098039 0.044118 0.033987
