0 0.357031 0.047685 0.043229 0.021296
0 0.478906 0.042593 0.016146 0.016667
0 0.487500 0.065278 0.025000 0.023148
0 0.499740 0.114352 0.013021 0.047222
0 0.519792 0.101852 0.009375 0.022222
0 0.526823 0.119444 0.009896 0.022222
0 0.411719 0.025463 0.003646 0.012037
0 0.393490 0.050926 0.015104 0.022222
0 0.382292 0.054630 0.006250 0.011111
0 0.441667 0.040278 0.010417 0.032407
0 0.429688 0.027778 0.004167 0.009259
0 0.433594 0.083333 0.018229 0.037037
0 0.417969 0.169907 0.014063 0.023148
10 0.858594 0.964815 0.020313 0.068519
1 0.891667 0.858333 0.015625 0.053704
2 0.880469 0.865278 0.020313 0.052778
10 0.882031 0.867593 0.017188 0.064815
1 0.861719 0.861574 0.016146 0.056481
10 0.912760 0.878241 0.027604 0.049074
1 0.945312 0.849537 0.015625 0.058333
10 0.817187 0.828241 0.031250 0.039815
10 0.817708 0.815741 0.040625 0.044444
10 0.889583 0.715741 0.029167 0.044444
4 0.744792 0.832870 0.061458 0.119444
4 0.659375 0.809259 0.055208 0.116667
4 0.708594 0.945370 0.078646 0.109259
8 0.647396 0.968519 0.076042 0.062963
4 0.630729 0.674074 0.044792 0.087037
4 0.613281 0.568981 0.036979 0.071296
2 0.287500 0.795833 0.017708 0.049074
10 0.287500 0.815278 0.021875 0.052778
10 0.285677 0.712500 0.015104 0.047222
7 0.302344 0.724537 0.023438 0.060185
8 0.326302 0.625926 0.035937 0.101852
4 0.343490 0.538889 0.032813 0.066667
0 0.308333 0.483796 0.029167 0.089815
7 0.351042 0.466667 0.019792 0.046296
2 0.380208 0.481944 0.013542 0.041667
10 0.380469 0.487037 0.011979 0.042593
7 0.358854 0.427778 0.019792 0.038889
10 0.369010 0.467130 0.010937 0.034259
2 0.367969 0.459259 0.008854 0.029630
4 0.374740 0.390741 0.028646 0.055556
4 0.427604 0.386111 0.028125 0.048148
2 0.395313 0.364815 0.007292 0.031481
7 0.396615 0.372685 0.017188 0.036111
2 0.412500 0.350926 0.007292 0.022222
10 0.412500 0.354167 0.007292 0.026852
10 0.378385 0.336111 0.007812 0.029630
4 0.401562 0.318519 0.021875 0.038889
1 0.414062 0.311111 0.006250 0.031481
4 0.464062 0.390741 0.022917 0.046296
4 0.450260 0.338889 0.026562 0.042593
1 0.386458 0.299537 0.005208 0.028704
1 0.384635 0.295833 0.004687 0.026852
1 0.451823 0.252315 0.005729 0.023148
3 0.452865 0.255093 0.010937 0.017593
2 0.408854 0.249537 0.007292 0.021296
7 0.411198 0.253704 0.013021 0.024074
2 0.436719 0.231944 0.005729 0.019444
10 0.436979 0.238426 0.005208 0.019444
2 0.446354 0.212037 0.006250 0.020370
10 0.446615 0.218519 0.005729 0.016667
8 0.407813 0.223148 0.016667 0.025926
4 0.425781 0.184259 0.013021 0.024074
1 0.436719 0.175926 0.004687 0.020370
7 0.429688 0.170833 0.008333 0.023148
0 0.443229 0.157407 0.006250 0.020370
2 0.451042 0.145370 0.004167 0.012963
7 0.451042 0.146759 0.009375 0.017593
8 0.454948 0.131019 0.009896 0.021296
4 0.426823 0.130556 0.015104 0.020370
1 0.432292 0.124537 0.003125 0.017593
1 0.431510 0.123148 0.003646 0.018519
4 0.462500 0.035185 0.014583 0.009259
8 0.449219 0.053241 0.004687 0.012037
1 0.450521 0.067130 0.004167 0.013889
9 0.461198 0.067593 0.016146 0.025926
5 0.457552 0.076389 0.011979 0.019444
5 0.463281 0.087037 0.009896 0.012963
4 0.466927 0.097685 0.010937 0.015741
8 0.470313 0.103704 0.007292 0.018519
5 0.469531 0.078704 0.008854 0.014815
4 0.473438 0.087500 0.009375 0.013889
5 0.485417 0.102778 0.011458 0.024074
2 0.515365 0.147685 0.002604 0.012037
2 0.516146 0.149537 0.003125 0.012037
10 0.515104 0.151389 0.004167 0.013889
2 0.517708 0.157870 0.004167 0.013889
10 0.517188 0.161574 0.004167 0.015741
2 0.521094 0.168981 0.004687 0.017593
10 0.521615 0.172685 0.005729 0.015741
2 0.533073 0.181019 0.004687 0.015741
10 0.532813 0.185648 0.004167 0.015741
2 0.536198 0.190741 0.004687 0.018519
10 0.535677 0.193981 0.004687 0.015741
4 0.543750 0.225926 0.017708 0.024074
1 0.549219 0.224074 0.006771 0.020370
10 0.532031 0.231481 0.006771 0.018519
2 0.532031 0.227315 0.004687 0.017593
4 0.497396 0.261111 0.016667 0.027778
2 0.491146 0.274537 0.007292 0.025000
10 0.490885 0.278704 0.010937 0.020370
5 0.528385 0.300000 0.019271 0.040741
2 0.523958 0.358333 0.007292 0.024074
10 0.523698 0.362500 0.007812 0.030556
2 0.551302 0.347685 0.006771 0.026852
10 0.551562 0.352778 0.008333 0.029630
2 0.539844 0.375000 0.006771 0.024074
10 0.539844 0.378704 0.008854 0.027778
2 0.543750 0.413889 0.007292 0.029630
10 0.544010 0.420833 0.008854 0.028704
2 0.521875 0.450926 0.006250 0.018519
2 0.522656 0.445833 0.007812 0.025000
10 0.522656 0.453704 0.008854 0.029630
2 0.551823 0.461111 0.009896 0.025926
10 0.551562 0.466667 0.009375 0.035185
2 0.575781 0.391204 0.006771 0.026852
3 0.575521 0.398148 0.007292 0.027778
0 0.722396 0.179167 0.095833 0.037963
0 0.665625 0.177778 0.026042 0.022222
0 0.602865 0.125926 0.036979 0.062963
4 0.882292 0.407870 0.050000 0.037963
4 0.859375 0.388889 0.043750 0.035185
4 0.804427 0.356944 0.056771 0.041667
4 0.782813 0.340741 0.039583 0.035185
4 0.719010 0.270833 0.032813 0.034259
4 0.706250 0.264352 0.037500 0.028704
5 0.705208 0.253704 0.032292 0.027778
5 0.700521 0.245833 0.033333 0.026852
4 0.692708 0.241667 0.035417 0.024074
4 0.689063 0.236574 0.036458 0.021296
4 0.690625 0.227778 0.035417 0.020370
4 0.683073 0.222685 0.030729 0.021296
5 0.679688 0.210185 0.029167 0.024074
4 0.673438 0.207870 0.028125 0.019444
4 0.655990 0.196759 0.021354 0.025000
5 0.640104 0.182407 0.022917 0.027778
6 0.627865 0.164815 0.024479 0.022222
8 0.627865 0.143056 0.011979 0.025000
0 0.353385 0.126852 0.046354 0.131481
