4 0.453676 0.613072 0.070588 0.112418
7 0.720956 0.730719 0.083088 0.099346
10 0.649265 0.720261 0.025000 0.067974
2 0.645588 0.726797 0.016176 0.041830
2 0.651103 0.707843 0.016912 0.058824
1 0.672794 0.570588 0.017647 0.061438
1 0.895956 0.717647 0.022794 0.075817
1 0.934926 0.732680 0.024265 0.061438
4 0.804779 0.521569 0.106618 0.075817
4 0.961029 0.525490 0.077941 0.067974
4 0.900735 0.450980 0.101471 0.067974
7 0.715809 0.454902 0.061029 0.057516
10 0.809559 0.411111 0.014706 0.045752
10 0.816544 0.410458 0.015441 0.047059
10 0.775000 0.410458 0.011765 0.041830
10 0.768750 0.410458 0.011029 0.044444
10 0.761397 0.409804 0.011029 0.045752
10 0.772794 0.449020 0.007353 0.040523
10 0.779779 0.449020 0.009559 0.043137
10 0.788235 0.450980 0.010294 0.041830
10 0.795956 0.452288 0.012500 0.041830
10 0.803676 0.454248 0.011765 0.043137
10 0.811029 0.454248 0.013235 0.040523
1 0.668750 0.386275 0.018382 0.043137
1 0.505515 0.404575 0.009559 0.053595
10 0.323529 0.441830 0.022059 0.052288
2 0.324265 0.431373 0.014706 0.041830
4 0.370221 0.347059 0.043382 0.061438
4 0.401838 0.301307 0.037500 0.056209
4 0.435294 0.294118 0.036765 0.049673
10 0.469118 0.284314 0.008824 0.035294
10 0.444853 0.247059 0.020588 0.023529
10 0.413971 0.235948 0.017647 0.027451
7 0.404779 0.222876 0.025735 0.035294
3 0.439706 0.228105 0.016176 0.019608
3 0.442647 0.224183 0.016176 0.022222
1 0.484926 0.284314 0.008088 0.037908
1 0.491176 0.279085 0.007353 0.040523
1 0.494118 0.272549 0.005882 0.037908
1 0.505147 0.266667 0.005882 0.036601
1 0.505882 0.254902 0.005882 0.031373
4 0.384559 0.203922 0.033824 0.036601
1 0.445956 0.195425 0.008088 0.043137
2 0.447426 0.185621 0.005147 0.020915
1 0.450735 0.182353 0.005882 0.030065
3 0.468750 0.166013 0.006618 0.020915
5 0.419853 0.177778 0.048529 0.049673
4 0.409559 0.168627 0.047059 0.039216
10 0.385294 0.152941 0.014706 0.020915
7 0.172059 0.277778 0.055882 0.045752
4 0.093015 0.271242 0.034559 0.050980
4 0.177206 0.242484 0.042647 0.056209
4 0.190809 0.208497 0.055147 0.037908
5 0.194853 0.186928 0.050000 0.041830
4 0.297794 0.227451 0.026471 0.047059
4 0.245588 0.183660 0.025000 0.040523
1 0.262868 0.162745 0.008088 0.035294
2 0.220588 0.158170 0.007353 0.018301
3 0.249265 0.137908 0.016176 0.016993
10 0.250368 0.132026 0.016912 0.023529
10 0.191544 0.146405 0.011029 0.023529
4 0.297426 0.123529 0.022794 0.048366
5 0.358824 0.120915 0.019118 0.035294
4 0.384191 0.137255 0.022794 0.033987
4 0.379412 0.115033 0.016176 0.023529
7 0.325735 0.104575 0.011765 0.026144
2 0.325000 0.098039 0.007353 0.023529
2 0.326471 0.094771 0.005882 0.016993
1 0.408456 0.120261 0.005147 0.031373
1 0.402206 0.119608 0.005882 0.030065
4 0.380147 0.103268 0.033824 0.026144
8 0.200735 0.087582 0.027941 0.028758
8 0.240441 0.086928 0.020588 0.027451
5 0.258088 0.095425 0.016176 0.036601
4 0.304412 0.063399 0.016176 0.027451
4 0.349265 0.066013 0.022059 0.027451
4 0.274632 0.054902 0.015441 0.026144
5 0.384191 0.088889 0.021324 0.028758
4 0.369853 0.084967 0.014706 0.026144
4 0.376471 0.052288 0.027941 0.023529
4 0.372794 0.044444 0.025000 0.018301
10 0.290074 0.034641 0.005147 0.016993
10 0.336765 0.026144 0.004412 0.015686
2 0.290809 0.029412 0.005147 0.016993
2 0.336397 0.022876 0.003676 0.016993
1 0.210662 0.075163 0.005147 0.027451
7 0.265809 0.084967 0.018382 0.023529
4 0.307721 0.011111 0.013971 0.022222
4 0.275000 0.035294 0.016176 0.020915
5 0.273529 0.019608 0.011765 0.026144
1 0.353676 0.028758 0.005882 0.018301
1 0.348897 0.029412 0.005147 0.022222
4 0.355147 0.018954 0.011765 0.019608
1 0.344485 0.014379 0.003676 0.018301
10 0.294118 0.023529 0.004412 0.013072
2 0.292647 0.016340 0.002941 0.011765
2 0.294485 0.017647 0.003676 0.014379
