5 0.306618 0.752288 0.127941 0.228758
4 0.420221 0.573856 0.150735 0.133333
3 0.820588 0.551634 0.029412 0.073203
4 0.968015 0.344444 0.063971 0.095425
10 0.966912 0.038562 0.025000 0.043137
2 0.972794 0.032680 0.014706 0.054902
1 0.880147 0.052288 0.011765 0.039216
1 0.874265 0.039869 0.013235 0.053595
1 0.867647 0.089542 0.008824 0.058824
10 0.861397 0.096078 0.022794 0.040523
10 0.930882 0.067320 0.025000 0.053595
2 0.930147 0.061438 0.011765 0.044444
2 0.933824 0.062092 0.011765 0.050980
4 0.944485 0.120261 0.087500 0.104575
4 0.823897 0.206536 0.090441 0.117647
1 0.830515 0.116993 0.016912 0.056209
1 0.792647 0.037255 0.010294 0.058824
10 0.788971 0.033333 0.033824 0.048366
10 0.749632 0.020261 0.019853 0.037908
3 0.759926 0.020261 0.022794 0.040523
3 0.725000 0.016993 0.013235 0.033987
4 0.690809 0.298039 0.112500 0.125490
4 0.696324 0.028758 0.010294 0.057516
4 0.707721 0.029412 0.028676 0.048366
1 0.683456 0.021569 0.008088 0.043137
4 0.714706 0.086928 0.080882 0.082353
5 0.631618 0.070588 0.125000 0.141176
1 0.672794 0.135948 0.014706 0.060131
1 0.667279 0.144444 0.015441 0.061438
1 0.503676 0.080392 0.013235 0.064052
3 0.647794 0.155556 0.038235 0.052288
1 0.626838 0.200000 0.013971 0.067974
3 0.607721 0.135294 0.027206 0.056209
2 0.610294 0.189542 0.017647 0.060131
7 0.564706 0.252288 0.044118 0.075817
2 0.492279 0.258170 0.011029 0.058824
1 0.408456 0.358170 0.012500 0.073203
3 0.298162 0.375817 0.028676 0.069281
2 0.297794 0.355556 0.019118 0.065359
2 0.337868 0.072549 0.015441 0.030065
7 0.307721 0.191503 0.034559 0.071895
1 0.215441 0.131373 0.014706 0.066667
1 0.213235 0.116993 0.010294 0.069281
7 0.266176 0.137255 0.039706 0.052288
7 0.288603 0.094771 0.050735 0.048366
5 0.264706 0.037255 0.080882 0.074510
5 0.142279 0.068627 0.058088 0.098039
