6 0.169118 0.737255 0.123529 0.175163
1 0.393015 0.755556 0.013971 0.052288
1 0.455147 0.734641 0.013235 0.047059
1 0.546691 0.727451 0.009559 0.045752
1 0.554044 0.686275 0.011029 0.039216
4 0.481250 0.702614 0.028676 0.050980
4 0.399265 0.703268 0.025000 0.041830
4 0.475000 0.675163 0.022059 0.040523
4 0.475368 0.658824 0.021324 0.036601
4 0.472059 0.641830 0.014706 0.036601
4 0.470956 0.626797 0.013971 0.032680
4 0.475000 0.605882 0.017647 0.027451
4 0.488971 0.599346 0.014706 0.024837
4 0.551838 0.586275 0.012500 0.019608
6 0.403676 0.656863 0.035294 0.053595
4 0.415809 0.620261 0.022794 0.024837
0 0.324265 0.603922 0.113235 0.073203
0 0.413235 0.590850 0.067647 0.031373
4 0.454412 0.594118 0.016176 0.027451
