5 0.115441 0.149020 0.022059 0.075817
4 0.398897 0.022222 0.036029 0.041830
4 0.389338 0.137908 0.027206 0.027451
4 0.377206 0.267320 0.035294 0.035294
4 0.388603 0.309150 0.033088 0.030065
5 0.386765 0.092810 0.038235 0.033987
1 0.366544 0.047712 0.005147 0.016993
1 0.335294 0.132680 0.004412 0.014379
4 0.374632 0.174510 0.031618 0.037908
4 0.374265 0.339216 0.036765 0.027451
4 0.369853 0.382353 0.035294 0.030065
4 0.317647 0.448366 0.036765 0.033987
4 0.337868 0.518954 0.034559 0.049673
4 0.508824 0.052288 0.014706 0.062745
4 0.492647 0.556209 0.029412 0.058824
4 0.456250 0.634641 0.018382 0.061438
4 0.434926 0.744444 0.016912 0.071895
4 0.489706 0.907843 0.019118 0.069281
4 0.337500 0.716340 0.017647 0.065359
4 0.345956 0.582353 0.013971 0.064052
4 0.303676 0.647712 0.020588 0.071895
4 0.329412 0.900000 0.019118 0.071895
10 0.294853 0.804575 0.011765 0.011765
10 0.293015 0.869935 0.012500 0.011765
10 0.280515 0.949673 0.005147 0.024837
10 0.298529 0.207190 0.013235 0.014379
10 0.293382 0.291503 0.007353 0.023529
9 0.448162 0.038562 0.022794 0.077124
10 0.587868 0.076471 0.012500 0.019608
3 0.438603 0.279739 0.009559 0.015686
2 0.438971 0.275163 0.005882 0.011765
1 0.570588 0.264706 0.004412 0.014379
1 0.568382 0.260131 0.004412 0.010458
1 0.576103 0.549020 0.006618 0.010458
1 0.570956 0.400000 0.005147 0.013072
4 0.693015 0.047059 0.015441 0.067974
4 0.715074 0.045098 0.016912 0.056209
4 0.736029 0.056863 0.016176 0.050980
4 0.756985 0.045098 0.016912 0.050980
4 0.776471 0.048366 0.016176 0.057516
4 0.827574 0.012418 0.027206 0.024837
4 0.629412 0.514379 0.033824 0.030065
4 0.968382 0.554902 0.036765 0.027451
4 0.947794 0.644444 0.029412 0.049673
5 0.759926 0.650327 0.031618 0.040523
4 0.587132 0.682353 0.015441 0.065359
4 0.601103 0.739869 0.028676 0.036601
4 0.585294 0.810458 0.017647 0.067974
4 0.590441 0.907843 0.033824 0.069281
10 0.643382 0.941176 0.004412 0.026144
10 0.633824 0.956863 0.004412 0.023529
10 0.633088 0.931373 0.008824 0.016993
4 0.841176 0.964052 0.023529 0.069281
4 0.878676 0.986275 0.020588 0.027451
4 0.902574 0.985621 0.016912 0.028758
4 0.977941 0.972549 0.022059 0.054902
10 0.644118 0.725490 0.011765 0.007843
1 0.626103 0.893464 0.006618 0.011765
10 0.642279 0.681046 0.006618 0.020915
1 0.635294 0.983660 0.005882 0.009150
