4 0.456510 0.763426 0.117188 0.212037
4 0.754427 0.894907 0.157812 0.210185
4 0.679948 0.924074 0.152604 0.151852
4 0.551823 0.955556 0.103646 0.088889
4 0.524479 0.721296 0.101042 0.157407
4 0.627865 0.722222 0.122396 0.187037
4 0.537500 0.600000 0.085417 0.122222
4 0.447656 0.593056 0.084896 0.121296
4 0.390625 0.640278 0.089583 0.145370
4 0.327604 0.506481 0.065625 0.116667
4 0.394010 0.499074 0.061979 0.098148
4 0.453646 0.486111 0.069792 0.103704
4 0.550521 0.419907 0.063542 0.063889
4 0.242969 0.725000 0.084896 0.161111
4 0.216927 0.593519 0.074479 0.125926
4 0.194010 0.507870 0.057813 0.112037
1 0.177604 0.726852 0.026042 0.092593
5 0.292708 0.416204 0.071875 0.132407
4 0.346094 0.424537 0.057813 0.082407
4 0.395052 0.394444 0.061979 0.096296
4 0.620833 0.406944 0.063542 0.062037
1 0.171094 0.965278 0.029687 0.069444
1 0.128125 0.973611 0.028125 0.052778
2 0.059896 0.659259 0.036458 0.064815
10 0.112500 0.450463 0.019792 0.054630
3 0.126302 0.452315 0.014063 0.037963
3 0.120833 0.425463 0.015625 0.039815
3 0.105208 0.436111 0.017708 0.044444
1 0.117969 0.373611 0.013021 0.058333
4 0.261719 0.369444 0.042188 0.070370
4 0.294271 0.344444 0.043750 0.062963
4 0.352083 0.342593 0.046875 0.061111
4 0.209896 0.373611 0.042708 0.073148
4 0.321354 0.300926 0.043750 0.059259
4 0.268490 0.298148 0.042188 0.057407
4 0.217969 0.298611 0.040104 0.056481
4 0.159635 0.390741 0.049479 0.077778
4 0.145052 0.333796 0.042188 0.058333
4 0.139063 0.293056 0.034375 0.054630
4 0.130729 0.268981 0.034375 0.054630
4 0.121875 0.243981 0.033333 0.043519
0 0.070052 0.125926 0.061979 0.251852
0 0.117188 0.109259 0.028125 0.218519
4 0.254948 0.261111 0.040104 0.044444
4 0.234635 0.230093 0.033854 0.041667
4 0.202344 0.244907 0.030729 0.054630
4 0.190625 0.219444 0.028125 0.042593
4 0.175781 0.200000 0.027604 0.042593
4 0.165625 0.174074 0.025000 0.035185
4 0.210938 0.199537 0.027083 0.036111
4 0.210417 0.198611 0.027083 0.036111
4 0.271615 0.229630 0.033854 0.044444
4 0.250521 0.194907 0.033333 0.045370
4 0.236198 0.176852 0.030729 0.035185
4 0.202604 0.170833 0.031250 0.037963
4 0.219531 0.158333 0.023438 0.033333
4 0.193750 0.160185 0.026042 0.031481
4 0.179948 0.142593 0.023438 0.029630
4 0.175521 0.132870 0.019792 0.026852
4 0.205208 0.137037 0.022917 0.022222
4 0.197656 0.124537 0.021354 0.023148
4 0.189844 0.112037 0.019271 0.025926
4 0.154427 0.146296 0.023438 0.033333
4 0.144271 0.128704 0.021875 0.029630
2 0.310417 0.856944 0.028125 0.099074
2 0.327865 0.690741 0.025521 0.072222
2 0.294531 0.789352 0.023438 0.086111
2 0.295573 0.689815 0.024479 0.079630
2 0.281771 0.518056 0.016667 0.062037
2 0.246615 0.521296 0.016146 0.062963
2 0.216927 0.444907 0.015104 0.052778
10 0.328646 0.716204 0.026042 0.075000
3 0.310156 0.893056 0.021354 0.075000
3 0.293490 0.822222 0.021354 0.075926
3 0.296615 0.719907 0.020313 0.056481
3 0.282552 0.537500 0.020313 0.056481
3 0.248958 0.539815 0.016667 0.055556
3 0.220312 0.463889 0.013542 0.042593
4 0.932031 0.817130 0.135937 0.165741
2 0.927083 0.720833 0.031250 0.054630
7 0.928125 0.736574 0.055208 0.065741
4 0.924479 0.646296 0.134375 0.088889
0 0.256250 0.047685 0.251042 0.091667
4 0.794792 0.512500 0.100000 0.084259
2 0.823958 0.623148 0.025000 0.057407
2 0.780990 0.587500 0.023438 0.060185
2 0.605208 0.407870 0.022917 0.047222
2 0.746354 0.447222 0.019792 0.042593
2 0.558594 0.362963 0.015104 0.040741
3 0.842448 0.467130 0.026562 0.039815
3 0.962760 0.547222 0.021354 0.059259
3 0.945573 0.541667 0.016146 0.050000
3 0.931771 0.541667 0.016667 0.050000
3 0.919010 0.539815 0.016146 0.050000
3 0.882292 0.497685 0.032292 0.036111
7 0.914583 0.509722 0.058333 0.041667
1 0.945052 0.349074 0.013021 0.055556
1 0.839323 0.302315 0.014063 0.041667
1 0.689844 0.424074 0.064062 0.062963
1 0.626042 0.369444 0.067708 0.064815
0 0.392188 0.117593 0.287500 0.048148
0 0.431771 0.173148 0.282292 0.061111
0 0.452083 0.236111 0.168750 0.062963
5 0.454948 0.298611 0.049479 0.060185
4 0.538281 0.297222 0.046354 0.051852
1 0.625521 0.300926 0.012500 0.044444
1 0.629948 0.232870 0.009896 0.041667
1 0.640625 0.232870 0.008333 0.041667
1 0.592187 0.215741 0.007292 0.029630
