1 0.489338 0.678431 0.036029 0.115033
1 0.539338 0.569281 0.028676 0.095425
1 0.252941 0.667974 0.030882 0.128105
1 0.187500 0.603922 0.026471 0.075817
2 0.220221 0.609804 0.030147 0.069281
1 0.284191 0.439216 0.030147 0.107190
1 0.192279 0.886928 0.034559 0.129412
1 0.456985 0.557516 0.027206 0.095425
0 0.648162 0.303268 0.094853 0.067974
1 0.398897 0.618954 0.025735 0.111111
1 0.443382 0.800654 0.029412 0.124183
1 0.319853 0.880392 0.041176 0.139869
1 0.549265 0.779085 0.022059 0.109804
1 0.409191 0.821569 0.027206 0.079739
1 0.669118 0.818954 0.025000 0.134641
1 0.399632 0.941176 0.028676 0.117647
1 0.583088 0.849020 0.044118 0.116340
2 0.590441 0.767320 0.036765 0.083660
1 0.634559 0.755556 0.014706 0.075817
2 0.650368 0.749673 0.019853 0.121569
1 0.568382 0.498693 0.022059 0.095425
1 0.448529 0.524837 0.022059 0.098039
1 0.442647 0.473856 0.023529 0.098039
1 0.431985 0.438562 0.021324 0.090196
1 0.513603 0.524183 0.028676 0.101961
1 0.502206 0.475163 0.030882 0.095425
1 0.483088 0.430065 0.026471 0.088889
1 0.477941 0.394118 0.022059 0.082353
1 0.421691 0.398693 0.019853 0.086275
1 0.405882 0.367974 0.020588 0.090196
1 0.461029 0.364052 0.020588 0.087582
1 0.400000 0.326797 0.016176 0.081046
1 0.447426 0.332026 0.015441 0.081046
1 0.555515 0.456863 0.019853 0.095425
1 0.534559 0.429412 0.019118 0.090196
1 0.513603 0.390850 0.018382 0.078431
1 0.589338 0.424837 0.019853 0.088889
1 0.496324 0.359477 0.017647 0.078431
1 0.488603 0.338562 0.013971 0.075817
1 0.557353 0.387582 0.014706 0.077124
1 0.614706 0.385621 0.019118 0.083660
1 0.541544 0.349020 0.013971 0.078431
1 0.532353 0.338562 0.013235 0.070588
1 0.586029 0.378431 0.014706 0.066667
1 0.587868 0.337908 0.015441 0.066667
1 0.579779 0.330719 0.015441 0.081046
1 0.593750 0.313725 0.016912 0.078431
1 0.552206 0.284314 0.013235 0.074510
1 0.565441 0.260784 0.014706 0.069281
2 0.470588 0.097386 0.008824 0.035294
2 0.452574 0.090850 0.012500 0.048366
4 0.626103 0.224837 0.100735 0.075817
1 0.839706 0.407190 0.019118 0.077124
1 0.818750 0.403268 0.022794 0.098039
1 0.787868 0.477124 0.022794 0.083660
1 0.738603 0.367320 0.013971 0.075817
2 0.647426 0.377778 0.013971 0.081046
1 0.673897 0.384314 0.015441 0.054902
1 0.704779 0.392157 0.013971 0.070588
1 0.717647 0.392810 0.013235 0.069281
1 0.744853 0.428758 0.014706 0.086275
1 0.727941 0.422876 0.014706 0.090196
1 0.776471 0.381699 0.020588 0.091503
1 0.721324 0.322876 0.014706 0.078431
1 0.723897 0.294771 0.018382 0.071895
1 0.706985 0.281046 0.013971 0.088889
1 0.640074 0.556209 0.022794 0.103268
1 0.640809 0.498693 0.018382 0.090196
1 0.723529 0.553595 0.022059 0.100654
1 0.729412 0.516993 0.023529 0.077124
1 0.758824 0.539216 0.029412 0.100654
1 0.750735 0.514379 0.027941 0.084967
1 0.764706 0.496078 0.020588 0.100654
1 0.672059 0.587582 0.023529 0.095425
1 0.670956 0.649673 0.030147 0.112418
1 0.656250 0.632026 0.028676 0.111111
10 0.813235 0.571242 0.048529 0.073203
1 0.757721 0.709150 0.021324 0.111111
1 0.770588 0.705882 0.019118 0.115033
7 0.795956 0.714379 0.086029 0.166013
1 0.140074 0.941830 0.031618 0.105882
2 0.895588 0.423529 0.025000 0.091503
3 0.898897 0.450327 0.058088 0.077124
4 0.873529 0.208497 0.079412 0.084967
4 0.918015 0.167320 0.075735 0.070588
4 0.980147 0.247712 0.039706 0.064052
1 0.183088 0.972549 0.036765 0.054902
3 0.345588 0.278431 0.042647 0.067974
1 0.336397 0.148366 0.012500 0.053595
1 0.319853 0.148366 0.014706 0.056209
2 0.329044 0.168627 0.019853 0.033987
7 0.369485 0.801307 0.040441 0.143791
