0 0.066146 0.435185 0.128125 0.107407
0 0.186979 0.398148 0.111458 0.055556
0 0.324479 0.362037 0.163542 0.105556
0 0.588542 0.250926 0.110417 0.053704
0 0.452083 0.295370 0.077083 0.038889
0 0.444792 0.261111 0.043750 0.025926
0 0.427604 0.356481 0.040625 0.046296
0 0.242708 0.240741 0.037500 0.025926
0 0.343229 0.243519 0.044792 0.038889
1 0.063542 0.516667 0.008333 0.040741
1 0.139063 0.504630 0.009375 0.038889
1 0.154688 0.495370 0.009375 0.038889
2 0.012500 0.638889 0.016667 0.029630
3 0.016146 0.652778 0.019792 0.020370
1 0.215625 0.545370 0.010417 0.042593
0 0.050521 0.759259 0.017708 0.074074
1 0.046875 0.698148 0.012500 0.048148
1 0.042708 0.712037 0.012500 0.042593
1 0.048438 0.821296 0.015625 0.087037
1 0.069792 0.708333 0.010417 0.031481
1 0.088542 0.695370 0.012500 0.057407
1 0.107813 0.699074 0.013542 0.057407
1 0.119271 0.705556 0.009375 0.033333
1 0.145833 0.662037 0.010417 0.050000
1 0.148958 0.651852 0.006250 0.022222
0 0.151042 0.763889 0.018750 0.072222
1 0.176563 0.785185 0.019792 0.066667
1 0.159896 0.668519 0.009375 0.033333
1 0.210417 0.635185 0.012500 0.033333
1 0.187500 0.668519 0.010417 0.040741
1 0.186979 0.696296 0.011458 0.048148
1 0.200521 0.705556 0.009375 0.055556
1 0.236979 0.641667 0.011458 0.053704
1 0.244271 0.643519 0.011458 0.046296
1 0.260417 0.641667 0.010417 0.050000
10 0.223438 0.680556 0.011458 0.046296
1 0.213021 0.682407 0.009375 0.050000
1 0.210938 0.730556 0.011458 0.061111
1 0.223438 0.750926 0.011458 0.046296
7 0.230208 0.776852 0.018750 0.042593
1 0.241146 0.831481 0.013542 0.066667
1 0.257292 0.925000 0.014583 0.068519
1 0.268750 0.897222 0.012500 0.072222
1 0.278646 0.922222 0.013542 0.074074
1 0.239063 0.695370 0.009375 0.035185
1 0.235937 0.725000 0.011458 0.057407
1 0.247917 0.725000 0.012500 0.057407
1 0.248958 0.717593 0.008333 0.031481
1 0.257292 0.713889 0.014583 0.053704
1 0.260937 0.687963 0.011458 0.027778
1 0.269792 0.727778 0.014583 0.040741
1 0.298438 0.896296 0.015625 0.070370
1 0.306771 0.945370 0.011458 0.050000
1 0.271875 0.471296 0.014583 0.031481
1 0.310417 0.471296 0.008333 0.035185
1 0.317188 0.483333 0.007292 0.029630
1 0.323958 0.488889 0.008333 0.029630
1 0.320312 0.501852 0.007292 0.040741
1 0.308333 0.559259 0.008333 0.044444
2 0.300521 0.588889 0.007292 0.014815
1 0.313542 0.575926 0.012500 0.044444
1 0.327083 0.562037 0.008333 0.042593
1 0.355208 0.449074 0.006250 0.031481
2 0.354167 0.440741 0.004167 0.014815
0 0.368750 0.444444 0.010417 0.037037
1 0.375000 0.436111 0.008333 0.027778
2 0.382292 0.448148 0.008333 0.022222
0 0.385937 0.429630 0.011458 0.014815
1 0.391146 0.448148 0.005208 0.022222
1 0.396354 0.443519 0.005208 0.035185
1 0.400000 0.445370 0.004167 0.027778
1 0.400000 0.438889 0.004167 0.029630
1 0.410417 0.436111 0.004167 0.031481
1 0.372917 0.518519 0.008333 0.040741
1 0.369792 0.511111 0.006250 0.037037
1 0.418229 0.565741 0.011458 0.027778
1 0.361458 0.673148 0.008333 0.050000
0 0.299479 0.729630 0.023958 0.051852
1 0.296875 0.701852 0.008333 0.040741
1 0.307812 0.768519 0.007292 0.033333
1 0.317188 0.760185 0.009375 0.050000
1 0.327604 0.888889 0.013542 0.066667
1 0.327604 0.833333 0.009375 0.055556
1 0.395313 0.655556 0.009375 0.033333
1 0.379688 0.784259 0.009375 0.042593
1 0.390104 0.777778 0.009375 0.040741
1 0.365625 0.875000 0.014583 0.075926
1 0.367708 0.906481 0.014583 0.050000
1 0.425521 0.470370 0.007292 0.037037
1 0.420312 0.499074 0.009375 0.038889
1 0.461458 0.509259 0.006250 0.037037
1 0.468750 0.518519 0.004167 0.018519
1 0.454167 0.562963 0.008333 0.044444
1 0.462500 0.565741 0.006250 0.027778
2 0.416146 0.682407 0.007292 0.020370
1 0.416146 0.689815 0.011458 0.053704
1 0.426563 0.672222 0.009375 0.051852
1 0.438542 0.675926 0.012500 0.059259
1 0.455729 0.914815 0.021875 0.070370
1 0.466667 0.651852 0.008333 0.048148
1 0.479687 0.679630 0.011458 0.059259
1 0.486979 0.612037 0.005208 0.020370
1 0.493229 0.586111 0.007292 0.042593
1 0.502083 0.485185 0.006250 0.037037
2 0.457292 0.388889 0.006250 0.018519
1 0.457813 0.357407 0.005208 0.025926
1 0.488542 0.360185 0.008333 0.024074
1 0.529687 0.409259 0.003125 0.025926
1 0.534375 0.411111 0.004167 0.025926
0 0.543229 0.412037 0.011458 0.042593
1 0.553125 0.414815 0.006250 0.025926
1 0.570833 0.411111 0.004167 0.029630
2 0.573438 0.587963 0.007292 0.027778
2 0.596875 0.597222 0.016667 0.031481
1 0.561458 0.637963 0.006250 0.031481
1 0.576042 0.645370 0.008333 0.050000
1 0.519792 0.714815 0.006250 0.037037
1 0.526563 0.714815 0.011458 0.051852
1 0.540104 0.749074 0.013542 0.057407
1 0.530208 0.960185 0.016667 0.075926
1 0.524479 0.939815 0.019792 0.064815
3 0.558333 0.438889 0.018750 0.018519
1 0.588021 0.358333 0.009375 0.027778
1 0.602083 0.411111 0.004167 0.025926
1 0.608854 0.415741 0.005208 0.020370
1 0.595833 0.488889 0.006250 0.037037
1 0.594792 0.477778 0.006250 0.022222
1 0.598958 0.471296 0.006250 0.024074
1 0.615104 0.503704 0.005208 0.025926
1 0.617708 0.500000 0.006250 0.037037
1 0.627083 0.506481 0.008333 0.038889
1 0.613542 0.450926 0.006250 0.024074
1 0.621354 0.450000 0.003125 0.025926
1 0.631771 0.451852 0.005208 0.033333
1 0.635417 0.457407 0.004167 0.022222
2 0.636979 0.569444 0.007292 0.024074
1 0.653646 0.639815 0.011458 0.042593
0 0.639583 0.366667 0.014583 0.048148
0 0.694792 0.403704 0.016667 0.037037
1 0.671875 0.419444 0.006250 0.027778
1 0.691667 0.450926 0.008333 0.035185
0 0.717708 0.419444 0.012500 0.053704
1 0.706771 0.432407 0.005208 0.016667
1 0.735938 0.407407 0.005208 0.029630
1 0.729167 0.414815 0.004167 0.029630
1 0.731250 0.428704 0.004167 0.027778
1 0.741146 0.412963 0.005208 0.025926
0 0.740625 0.439815 0.010417 0.024074
1 0.754167 0.417593 0.006250 0.031481
1 0.754687 0.449074 0.005208 0.035185
2 0.757292 0.440741 0.004167 0.014815
1 0.729167 0.498148 0.010417 0.037037
1 0.753125 0.484259 0.010417 0.024074
1 0.710938 0.593519 0.009375 0.046296
0 0.698438 0.605556 0.009375 0.029630
2 0.706771 0.624074 0.017708 0.022222
1 0.745833 0.823148 0.016667 0.061111
2 0.757812 0.755556 0.017708 0.040741
2 0.780729 0.752778 0.023958 0.035185
2 0.790104 0.820370 0.015625 0.040741
1 0.811458 0.923148 0.016667 0.075926
1 0.839063 0.919444 0.011458 0.046296
1 0.783333 0.583333 0.008333 0.029630
0 0.816146 0.548148 0.013542 0.044444
1 0.856250 0.562963 0.008333 0.025926
1 0.885417 0.569444 0.008333 0.031481
2 0.921875 0.523148 0.012500 0.024074
1 0.991146 0.542593 0.007292 0.037037
1 0.997396 0.543519 0.005208 0.031481
1 0.222396 0.434259 0.009375 0.031481
1 0.247917 0.426852 0.008333 0.027778
1 0.958333 0.473148 0.006250 0.031481
2 0.971354 0.469444 0.011458 0.027778
