0 0.429948 0.228704 0.059896 0.068519
9 0.395313 0.264815 0.012500 0.022222
4 0.369531 0.289815 0.008854 0.014815
4 0.451823 0.266204 0.007812 0.010185
9 0.463802 0.263889 0.008854 0.022222
4 0.457552 0.271759 0.005729 0.010185
4 0.445833 0.267593 0.006250 0.009259
4 0.445052 0.274074 0.005729 0.009259
4 0.452865 0.274537 0.006771 0.010185
4 0.453385 0.280556 0.006771 0.011111
4 0.452865 0.287037 0.006771 0.011111
4 0.443490 0.285648 0.006771 0.010185
4 0.434375 0.283796 0.007292 0.010185
4 0.441927 0.297222 0.007812 0.012963
4 0.451562 0.294907 0.007292 0.012037
4 0.451562 0.303241 0.007292 0.012037
4 0.441667 0.306019 0.007292 0.012037
4 0.441146 0.313426 0.008333 0.012037
4 0.448958 0.326389 0.009375 0.015741
4 0.438802 0.335648 0.009896 0.015741
4 0.467708 0.353241 0.011458 0.017593
4 0.452344 0.351389 0.009896 0.017593
4 0.455208 0.375000 0.012500 0.020370
4 0.473698 0.379167 0.010937 0.019444
4 0.473958 0.403704 0.013542 0.022222
4 0.442708 0.402778 0.013542 0.020370
4 0.444271 0.442130 0.015625 0.025000
4 0.463021 0.449537 0.017708 0.030556
4 0.442708 0.474074 0.016667 0.027778
4 0.479167 0.430093 0.015625 0.025000
9 0.504427 0.430093 0.028646 0.065741
4 0.485677 0.467593 0.017188 0.025926
4 0.495052 0.502315 0.019271 0.032407
4 0.439323 0.518981 0.020313 0.032407
5 0.470052 0.537963 0.022396 0.040741
4 0.445052 0.577315 0.023438 0.039815
4 0.480469 0.667593 0.027604 0.050000
4 0.521094 0.696759 0.029687 0.050926
4 0.466927 0.776389 0.033854 0.071296
4 0.502344 0.884722 0.041146 0.089815
4 0.553646 0.873611 0.042708 0.087963
4 0.450260 0.962500 0.042188 0.075000
4 0.444531 0.667593 0.027604 0.051852
4 0.410417 0.265741 0.006250 0.009259
4 0.417708 0.268056 0.006250 0.008333
4 0.425781 0.268056 0.006771 0.010185
4 0.415625 0.273148 0.005208 0.009259
4 0.411979 0.280093 0.007292 0.010185
4 0.419792 0.281481 0.006250 0.011111
4 0.399740 0.286574 0.006771 0.012037
4 0.397135 0.293056 0.007812 0.010185
4 0.408333 0.294907 0.007292 0.012037
4 0.409635 0.317130 0.008854 0.013889
4 0.395573 0.326852 0.008854 0.014815
9 0.429167 0.355093 0.020833 0.045370
4 0.368229 0.381944 0.012500 0.021296
4 0.375000 0.400463 0.013542 0.023148
4 0.391406 0.406019 0.013021 0.025000
4 0.358594 0.487500 0.019271 0.034259
4 0.326302 0.599074 0.028646 0.051852
4 0.006250 0.301852 0.012500 0.014815
4 0.021875 0.348148 0.026042 0.018519
4 0.010156 0.346759 0.020313 0.015741
5 0.037240 0.355556 0.020313 0.024074
4 0.069010 0.358333 0.026562 0.018519
4 0.059896 0.354630 0.021875 0.020370
4 0.050781 0.353704 0.022396 0.018519
4 0.079948 0.344444 0.027604 0.020370
4 0.070312 0.341667 0.027083 0.018519
0 0.018750 0.313889 0.009375 0.024074
4 0.047656 0.311111 0.015104 0.012963
4 0.929167 0.519444 0.029167 0.038889
5 0.913542 0.532870 0.044792 0.039815
4 0.924219 0.546759 0.049479 0.034259
