1 0.492279 0.369935 0.034559 0.109804
1 0.490074 0.320915 0.047794 0.121569
1 0.552206 0.244444 0.036765 0.115033
1 0.515441 0.179085 0.026471 0.117647
1 0.533824 0.175817 0.020588 0.082353
1 0.226103 0.358824 0.038971 0.108497
1 0.225735 0.318954 0.042647 0.112418
1 0.262868 0.205229 0.034559 0.141176
1 0.280515 0.166667 0.036029 0.116340
2 0.535294 0.487582 0.032353 0.078431
1 0.597426 0.844444 0.049265 0.107190
1 0.606618 0.890850 0.050000 0.098039
7 0.595588 0.383007 0.069118 0.060131
10 0.607353 0.192810 0.072059 0.105882
1 0.317647 0.131373 0.027941 0.116340
1 0.377206 0.152941 0.029412 0.120261
1 0.423897 0.128758 0.036029 0.108497
1 0.310294 0.081046 0.023529 0.099346
1 0.327574 0.076471 0.019853 0.079739
1 0.350368 0.084967 0.025735 0.088889
1 0.346691 0.142484 0.028676 0.120261
2 0.337132 0.118954 0.022794 0.075817
1 0.361029 0.133333 0.029412 0.109804
1 0.401838 0.064052 0.025735 0.117647
1 0.458088 0.048366 0.023529 0.096732
1 0.414338 0.041176 0.024265 0.082353
1 0.494485 0.098039 0.025735 0.122876
1 0.559191 0.067320 0.027206 0.121569
1 0.678676 0.088889 0.029412 0.130719
2 0.685662 0.075163 0.028676 0.069281
10 0.786765 0.088889 0.030882 0.096732
1 0.726471 0.034641 0.029412 0.069281
1 0.606618 0.037908 0.029412 0.075817
