4 0.268750 0.973148 0.043750 0.053704
1 0.265625 0.491667 0.012500 0.046296
4 0.352083 0.490741 0.031250 0.085185
8 0.343750 0.275000 0.016667 0.038889
4 0.372917 0.325000 0.025000 0.061111
4 0.497396 0.495370 0.030208 0.068519
3 0.848958 0.806481 0.022917 0.057407
2 0.521354 0.252778 0.007292 0.020370
10 0.521875 0.256481 0.008333 0.024074
2 0.510938 0.138889 0.005208 0.014815
7 0.512500 0.147222 0.008333 0.020370
4 0.470833 0.124074 0.016667 0.029630
2 0.352083 0.144444 0.006250 0.022222
10 0.351562 0.149074 0.007292 0.024074
4 0.363021 0.071296 0.015625 0.031481
4 0.407292 0.064815 0.012500 0.025926
8 0.390104 0.036111 0.011458 0.031481
0 0.404167 0.007407 0.008333 0.014815
4 0.473958 0.020370 0.012500 0.022222
