0 0.544792 0.282870 0.031250 0.054630
0 0.415104 0.317130 0.019792 0.021296
0 0.450521 0.306019 0.012500 0.036111
0 0.591667 0.329630 0.052083 0.042593
0 0.636979 0.419907 0.019792 0.025000
0 0.551302 0.335185 0.027604 0.053704
0 0.360938 0.330093 0.033333 0.010185
0 0.313281 0.368519 0.022396 0.020370
0 0.328646 0.358333 0.026042 0.020370
1 0.622135 0.343519 0.003646 0.025926
1 0.428385 0.318056 0.002604 0.015741
4 0.437760 0.325926 0.023438 0.020370
10 0.436719 0.337500 0.005729 0.013889
2 0.436458 0.332870 0.004167 0.013889
4 0.493490 0.328241 0.016146 0.021296
0 0.472396 0.301389 0.020833 0.025000
0 0.506250 0.277778 0.047917 0.042593
4 0.524740 0.309259 0.007812 0.012963
4 0.517708 0.304630 0.009375 0.011111
4 0.494792 0.306019 0.009375 0.012037
4 0.487760 0.312963 0.009896 0.014815
4 0.479167 0.321759 0.011458 0.013889
4 0.471094 0.327778 0.010937 0.018519
4 0.476823 0.339815 0.026562 0.020370
4 0.459896 0.349074 0.015625 0.024074
4 0.505990 0.311111 0.008854 0.012963
4 0.506771 0.306944 0.008333 0.013889
4 0.511979 0.321759 0.011458 0.015741
4 0.525781 0.331019 0.011979 0.019444
4 0.517969 0.312963 0.008854 0.014815
4 0.517448 0.337500 0.013021 0.019444
4 0.518750 0.352315 0.015625 0.025000
4 0.515625 0.375463 0.016667 0.025000
4 0.490365 0.345370 0.011979 0.020370
4 0.493490 0.357870 0.015104 0.023148
4 0.489323 0.371296 0.015104 0.024074
4 0.509635 0.399537 0.021354 0.030556
4 0.511719 0.433796 0.024479 0.037963
4 0.540625 0.400926 0.020833 0.029630
4 0.558594 0.439352 0.042188 0.045370
4 0.577344 0.430093 0.024479 0.036111
3 0.566146 0.390278 0.005208 0.023148
2 0.566406 0.384722 0.005729 0.026852
3 0.573698 0.382870 0.004687 0.021296
2 0.573958 0.376389 0.006250 0.025000
3 0.577083 0.387500 0.005208 0.023148
2 0.577344 0.384722 0.005729 0.021296
3 0.580208 0.368519 0.005208 0.018519
2 0.579688 0.361574 0.005208 0.019444
5 0.479687 0.389815 0.019792 0.038889
5 0.475781 0.417130 0.022396 0.045370
4 0.460156 0.460185 0.030729 0.044444
4 0.600000 0.399537 0.021875 0.034259
4 0.595052 0.388426 0.021354 0.032407
4 0.591406 0.381481 0.021354 0.027778
1 0.618750 0.402315 0.007292 0.034259
1 0.621094 0.396759 0.005729 0.036111
1 0.625000 0.399537 0.006250 0.034259
1 0.632292 0.402778 0.007292 0.033333
1 0.637240 0.399537 0.006771 0.028704
3 0.599479 0.473611 0.008333 0.034259
2 0.599219 0.462963 0.008854 0.038889
4 0.455990 0.521759 0.047396 0.065741
4 0.528125 0.588426 0.045833 0.075000
4 0.521354 0.690278 0.062500 0.102778
4 0.414583 0.615741 0.051042 0.079630
1 0.652604 0.435648 0.010417 0.039815
1 0.662240 0.441667 0.007812 0.038889
1 0.667188 0.443519 0.006250 0.035185
10 0.686979 0.456019 0.007292 0.032407
4 0.613021 0.429167 0.028125 0.032407
4 0.620052 0.445370 0.029687 0.044444
4 0.627604 0.467593 0.034375 0.048148
4 0.636458 0.493056 0.038542 0.052778
4 0.653385 0.534722 0.046354 0.062037
4 0.672135 0.579167 0.050521 0.067593
4 0.694531 0.642130 0.064062 0.093519
1 0.697135 0.542593 0.011979 0.057407
1 0.676562 0.677315 0.018750 0.089815
1 0.715104 0.586574 0.011458 0.065741
1 0.721094 0.562500 0.015104 0.065741
10 0.734375 0.550463 0.013542 0.039815
3 0.740104 0.573611 0.028125 0.043519
3 0.755729 0.666204 0.022917 0.054630
4 0.731250 0.729630 0.085417 0.105556
3 0.778906 0.703241 0.020313 0.060185
1 0.785937 0.652778 0.017708 0.075926
2 0.795833 0.612500 0.016667 0.043519
2 0.791927 0.606481 0.016146 0.048148
4 0.671094 0.843981 0.088021 0.152778
4 0.783594 0.868981 0.118229 0.169444
3 0.824219 0.807870 0.023438 0.073148
10 0.850781 0.695370 0.024479 0.072222
10 0.871094 0.734722 0.020313 0.073148
1 0.885156 0.793981 0.018229 0.102778
7 0.918750 0.799074 0.045833 0.092593
1 0.931510 0.928241 0.032813 0.128704
4 0.354167 0.788889 0.086458 0.138889
4 0.033854 0.789815 0.067708 0.157407
4 0.222917 0.649074 0.086458 0.122222
4 0.141927 0.645370 0.099479 0.103704
3 0.121875 0.594444 0.025000 0.044444
3 0.112760 0.583333 0.022396 0.048148
2 0.120833 0.575000 0.017708 0.062963
2 0.112760 0.564815 0.014063 0.059259
1 0.096875 0.412037 0.009375 0.037037
3 0.176563 0.542593 0.018750 0.040741
2 0.177083 0.528704 0.013542 0.062963
4 0.207552 0.566204 0.070312 0.089815
4 0.252344 0.523148 0.051562 0.064815
4 0.190625 0.497222 0.053125 0.055556
4 0.291927 0.485648 0.046354 0.056481
4 0.280469 0.421759 0.033854 0.049074
4 0.304167 0.437037 0.031250 0.042593
4 0.338802 0.440278 0.039062 0.060185
4 0.361979 0.425000 0.029167 0.040741
4 0.377865 0.405556 0.028646 0.037037
4 0.394271 0.388426 0.026042 0.034259
4 0.408594 0.375000 0.022396 0.029630
4 0.416667 0.366204 0.017708 0.023148
4 0.430990 0.358796 0.018229 0.025000
4 0.425521 0.340278 0.014583 0.021296
1 0.395052 0.325926 0.003646 0.020370
1 0.389062 0.329167 0.004167 0.019444
1 0.388542 0.341667 0.004167 0.024074
1 0.391146 0.346296 0.004167 0.024074
1 0.412500 0.350463 0.004167 0.021296
1 0.410677 0.355556 0.005729 0.024074
4 0.402344 0.344444 0.015104 0.024074
4 0.398698 0.352315 0.018229 0.026852
5 0.376823 0.350000 0.020313 0.029630
0 0.353906 0.347685 0.023438 0.023148
4 0.386979 0.365278 0.018750 0.026852
1 0.404687 0.356481 0.004167 0.022222
3 0.400000 0.367593 0.007292 0.018519
2 0.400000 0.361111 0.005208 0.020370
10 0.377344 0.381481 0.005729 0.020370
2 0.377604 0.375000 0.005208 0.022222
3 0.300260 0.379630 0.010937 0.014815
1 0.296094 0.372685 0.006771 0.026852
3 0.292708 0.380093 0.012500 0.019444
1 0.295833 0.376852 0.006250 0.025926
4 0.315885 0.397222 0.031771 0.037037
4 0.351302 0.374074 0.022396 0.025926
4 0.333073 0.384722 0.021354 0.030556
10 0.344271 0.382407 0.013542 0.016667
2 0.346875 0.377315 0.005208 0.019444
2 0.342708 0.378241 0.005208 0.023148
2 0.332552 0.397222 0.005729 0.031481
3 0.353385 0.398148 0.005729 0.024074
2 0.353125 0.392130 0.007292 0.030556
10 0.346615 0.412500 0.006771 0.019444
2 0.347135 0.402778 0.006771 0.024074
10 0.271354 0.388426 0.009375 0.025000
2 0.325000 0.426389 0.007292 0.025000
2 0.332552 0.416667 0.007812 0.022222
2 0.336979 0.410185 0.007292 0.022222
2 0.336458 0.401852 0.006250 0.020370
2 0.339062 0.395370 0.006250 0.022222
3 0.312760 0.450000 0.011979 0.024074
2 0.311719 0.439815 0.008854 0.038889
1 0.301823 0.449537 0.011979 0.043519
3 0.280990 0.467130 0.010937 0.021296
2 0.280208 0.456019 0.011458 0.032407
5 0.258333 0.459259 0.046875 0.059259
1 0.250781 0.475926 0.007812 0.037037
1 0.250781 0.471296 0.007812 0.050000
1 0.165885 0.378704 0.006771 0.031481
1 0.182292 0.369907 0.006250 0.032407
1 0.180469 0.368519 0.006771 0.035185
0 0.247396 0.310648 0.050000 0.026852
0 0.167187 0.321296 0.027083 0.011111
4 0.351823 0.323148 0.028646 0.016667
4 0.318490 0.322222 0.027604 0.018519
4 0.320052 0.314815 0.021354 0.016667
4 0.142448 0.526852 0.066146 0.077778
3 0.223698 0.450926 0.022396 0.025926
1 0.219792 0.453241 0.007292 0.043519
3 0.172135 0.461111 0.015104 0.029630
2 0.173177 0.454167 0.011979 0.037963
0 0.204167 0.436574 0.007292 0.025000
0 0.198437 0.459259 0.029167 0.018519
3 0.010677 0.601389 0.021354 0.036111
3 0.015365 0.597222 0.030729 0.033333
3 0.017448 0.593519 0.034896 0.035185
0 0.053385 0.569907 0.031771 0.067593
3 0.086198 0.547222 0.031771 0.035185
3 0.089323 0.544907 0.031771 0.034259
3 0.093229 0.542593 0.030208 0.031481
0 0.102344 0.517593 0.030729 0.016667
0 0.122917 0.501852 0.010417 0.011111
0 0.159375 0.481019 0.020833 0.013889
0 0.075521 0.571296 0.011458 0.025926
0 0.026302 0.566204 0.021354 0.019444
