4 0.277206 0.979085 0.160294 0.041830
4 0.511397 0.979739 0.172794 0.040523
4 0.836029 0.979739 0.188235 0.040523
5 0.041912 0.760784 0.083824 0.248366
10 0.206250 0.625490 0.050735 0.056209
4 0.143382 0.788889 0.082353 0.233987
4 0.529779 0.713725 0.081618 0.256209
4 0.635662 0.719608 0.081618 0.220915
4 0.733456 0.743137 0.088971 0.215686
4 0.833088 0.717647 0.107353 0.216993
4 0.920956 0.726144 0.118382 0.213072
4 0.026103 0.337908 0.052206 0.087582
10 0.013235 0.290850 0.020588 0.050980
10 0.148162 0.217647 0.019853 0.056209
4 0.101471 0.360784 0.070588 0.091503
4 0.174632 0.378431 0.063971 0.116340
4 0.239338 0.371242 0.058088 0.099346
4 0.326103 0.362092 0.047794 0.099346
4 0.394485 0.366667 0.046324 0.090196
4 0.456985 0.366667 0.046324 0.090196
4 0.506250 0.366013 0.046324 0.091503
4 0.553309 0.357516 0.046324 0.090196
4 0.608456 0.366667 0.041912 0.082353
4 0.670588 0.364052 0.052941 0.087582
4 0.730882 0.356209 0.069118 0.087582
1 0.763603 0.475817 0.016912 0.070588
1 0.758456 0.419608 0.018382 0.070588
3 0.847794 0.372549 0.025000 0.052288
1 0.783824 0.390850 0.017647 0.073203
1 0.798897 0.403268 0.016912 0.066667
1 0.799632 0.389542 0.013971 0.067974
10 0.771691 0.345098 0.012500 0.047059
10 0.783088 0.358170 0.026471 0.049673
10 0.917279 0.388889 0.021324 0.048366
1 0.953309 0.536601 0.027206 0.074510
1 0.975000 0.545098 0.026471 0.073203
1 0.969853 0.538562 0.016176 0.096732
7 0.924632 0.513725 0.084559 0.094118
1 0.809191 0.292810 0.013971 0.057516
10 0.531250 0.249673 0.025735 0.033987
10 0.522426 0.237908 0.025735 0.031373
10 0.525368 0.222222 0.021324 0.023529
10 0.519485 0.212418 0.022794 0.022222
2 0.319485 0.639216 0.015441 0.023529
2 0.302574 0.629412 0.019853 0.045752
1 0.327574 0.456209 0.021324 0.081046
1 0.336397 0.443791 0.016912 0.066667
2 0.385662 0.463399 0.021324 0.069281
1 0.371324 0.435294 0.011765 0.062745
1 0.378676 0.439216 0.011765 0.062745
10 0.383088 0.472549 0.039706 0.048366
10 0.372794 0.626797 0.026471 0.024837
