4 0.148529 0.017647 0.030882 0.032680
5 0.240074 0.009804 0.038971 0.019608
4 0.180882 0.028105 0.025000 0.037908
4 0.202941 0.040523 0.027941 0.033987
4 0.183088 0.065359 0.035294 0.033987
4 0.171691 0.100654 0.031618 0.039216
3 0.077574 0.107190 0.021324 0.026144
10 0.129779 0.035294 0.018382 0.023529
7 0.017279 0.138562 0.016912 0.023529
4 0.049632 0.173203 0.066912 0.043137
4 0.208088 0.165359 0.061765 0.048366
4 0.202574 0.201961 0.068382 0.048366
4 0.169118 0.250980 0.077941 0.081046
1 0.008456 0.466013 0.016912 0.056209
1 0.020588 0.452288 0.016176 0.057516
1 0.021324 0.439869 0.011765 0.048366
1 0.008456 0.438562 0.012500 0.048366
1 0.104412 0.456209 0.014706 0.052288
1 0.121324 0.449020 0.019118 0.058824
4 0.147794 0.568627 0.060294 0.133333
5 0.398897 0.133987 0.028676 0.061438
5 0.376103 0.257516 0.030147 0.083660
4 0.365441 0.362092 0.035294 0.075817
5 0.354779 0.479739 0.049265 0.122876
1 0.386765 0.462745 0.011765 0.052288
1 0.404779 0.358824 0.009559 0.048366
1 0.390074 0.339869 0.012500 0.049673
1 0.397059 0.301307 0.008824 0.040523
1 0.395588 0.279739 0.007353 0.033987
1 0.402206 0.341176 0.008824 0.036601
4 0.362500 0.830065 0.061765 0.209150
4 0.465809 0.493464 0.041912 0.116340
5 0.462868 0.148366 0.025735 0.064052
4 0.524265 0.368627 0.036765 0.081046
4 0.541176 0.133987 0.025000 0.037908
4 0.561397 0.076471 0.022794 0.040523
4 0.556985 0.041830 0.021324 0.033987
4 0.626103 0.558824 0.068382 0.121569
4 0.706250 0.693464 0.061029 0.134641
1 0.628676 0.433987 0.010294 0.049673
1 0.648529 0.401961 0.010294 0.043137
1 0.665441 0.426797 0.008824 0.050980
1 0.659191 0.441830 0.008088 0.039216
7 0.645588 0.445752 0.029412 0.078431
4 0.655882 0.015033 0.033824 0.027451
4 0.668015 0.068627 0.027206 0.043137
1 0.667279 0.100000 0.006618 0.032680
1 0.691176 0.086275 0.005882 0.036601
2 0.676103 0.109804 0.006618 0.018301
2 0.675000 0.118954 0.008824 0.020915
10 0.674632 0.124183 0.006618 0.020915
4 0.716544 0.087582 0.034559 0.023529
4 0.723897 0.099346 0.034559 0.031373
2 0.741544 0.235948 0.008088 0.030065
7 0.720221 0.216340 0.021324 0.045752
1 0.805515 0.083660 0.008088 0.031373
2 0.834926 0.090850 0.003676 0.016993
1 0.836029 0.097386 0.007353 0.027451
1 0.847059 0.094771 0.004412 0.035294
1 0.851103 0.101961 0.006618 0.028758
1 0.854412 0.095425 0.005882 0.028758
4 0.814338 0.132680 0.036029 0.056209
1 0.900368 0.215033 0.008088 0.035294
10 0.915074 0.186928 0.016912 0.033987
3 0.945956 0.241176 0.016912 0.024837
2 0.951471 0.251634 0.014706 0.022222
10 0.961029 0.254902 0.014706 0.033987
1 0.716912 0.304575 0.007353 0.044444
1 0.802574 0.409804 0.011029 0.058824
3 0.802941 0.431373 0.025000 0.031373
1 0.891912 0.495425 0.013235 0.049673
2 0.918382 0.543137 0.014706 0.032680
3 0.972059 0.569935 0.020588 0.052288
7 0.947794 0.553595 0.050000 0.077124
7 0.776103 0.598693 0.038971 0.099346
1 0.798529 0.565359 0.011765 0.061438
7 0.786029 0.707190 0.064706 0.130719
1 0.819853 0.732680 0.010294 0.056209
1 0.842647 0.703268 0.011765 0.060131
7 0.816544 0.666013 0.037500 0.084967
1 0.850368 0.680392 0.011029 0.056209
7 0.944118 0.645752 0.070588 0.067974
2 0.957353 0.656863 0.016176 0.050980
1 0.915809 0.661438 0.018382 0.057516
1 0.830515 0.750980 0.019853 0.058824
1 0.867647 0.811765 0.023529 0.075817
2 0.852941 0.754902 0.016176 0.030065
1 0.884559 0.784314 0.016176 0.062745
7 0.844118 0.794118 0.077941 0.071895
2 0.910294 0.754248 0.017647 0.060131
1 0.902574 0.741176 0.016912 0.044444
10 0.903676 0.781046 0.020588 0.061438
1 0.948529 0.808497 0.019118 0.079739
2 0.944118 0.760784 0.020588 0.047059
10 0.938971 0.792810 0.022059 0.061438
4 0.884191 0.893464 0.134559 0.037908
