0 0.195221 0.248366 0.037500 0.028758
0 0.038971 0.660784 0.076471 0.142484
0 0.184926 0.436601 0.030147 0.031373
0 0.154779 0.501307 0.052206 0.077124
0 0.109559 0.574510 0.063235 0.069281
1 0.103309 0.514379 0.012500 0.050980
1 0.091912 0.512418 0.010294 0.049673
2 0.106985 0.439869 0.008088 0.032680
3 0.105882 0.453595 0.010294 0.028758
4 0.012868 0.390196 0.025735 0.032680
1 0.155147 0.448366 0.010294 0.033987
4 0.252206 0.211111 0.005882 0.011765
4 0.269853 0.211111 0.005882 0.009150
4 0.277206 0.209150 0.005882 0.010458
4 0.284926 0.210458 0.003676 0.007843
4 0.291176 0.210458 0.004412 0.007843
4 0.287868 0.213725 0.005147 0.009150
4 0.295956 0.212418 0.005147 0.009150
4 0.296691 0.218301 0.006618 0.007843
4 0.296324 0.224183 0.007353 0.011765
4 0.308824 0.220915 0.007353 0.010458
4 0.314706 0.233333 0.007353 0.011765
4 0.252941 0.222876 0.007353 0.009150
4 0.254412 0.227451 0.005882 0.010458
4 0.258824 0.233987 0.005882 0.010458
4 0.261397 0.239216 0.006618 0.010458
4 0.263235 0.243791 0.007353 0.011765
4 0.265441 0.247059 0.007353 0.013072
9 0.250368 0.240523 0.013971 0.028758
4 0.264706 0.228105 0.007353 0.011765
4 0.266544 0.229412 0.006618 0.009150
4 0.267647 0.232026 0.005882 0.009150
4 0.272059 0.238562 0.007353 0.011765
4 0.276471 0.244444 0.007353 0.013072
4 0.279412 0.250327 0.008824 0.014379
4 0.278309 0.232026 0.008088 0.014379
4 0.281250 0.235294 0.006618 0.010458
4 0.285294 0.241176 0.007353 0.011765
4 0.291544 0.247059 0.008088 0.013072
4 0.294485 0.249673 0.009559 0.015686
1 0.351103 0.256863 0.003676 0.014379
1 0.350735 0.251634 0.004412 0.019608
1 0.356985 0.255556 0.003676 0.014379
1 0.392647 0.265359 0.002941 0.018301
2 0.372794 0.265359 0.004412 0.007843
3 0.373897 0.269935 0.009559 0.011765
4 0.343750 0.283660 0.012500 0.018301
4 0.362132 0.284314 0.013971 0.016993
4 0.354412 0.295425 0.011765 0.015686
4 0.360662 0.303922 0.015441 0.019608
4 0.375368 0.296732 0.012500 0.018301
4 0.381985 0.284967 0.012500 0.015686
4 0.395588 0.296078 0.013235 0.016993
9 0.411397 0.281046 0.031618 0.047059
4 0.406618 0.307843 0.013235 0.014379
4 0.388971 0.312418 0.016176 0.018301
4 0.369853 0.316993 0.016176 0.022222
4 0.378309 0.331373 0.016912 0.022222
4 0.396691 0.321569 0.013971 0.018301
4 0.418015 0.317647 0.015441 0.020915
4 0.428309 0.303922 0.016912 0.024837
4 0.392647 0.340523 0.020588 0.024837
4 0.397426 0.356209 0.018382 0.022222
4 0.408456 0.371242 0.019853 0.026144
4 0.418750 0.388889 0.021324 0.032680
4 0.430882 0.415686 0.026471 0.033987
4 0.441176 0.437255 0.027941 0.040523
4 0.453309 0.467320 0.031618 0.050980
4 0.460662 0.507190 0.036029 0.054902
5 0.472794 0.541830 0.035294 0.077124
4 0.489706 0.597386 0.044118 0.075817
4 0.508088 0.686928 0.058824 0.103268
4 0.062868 0.918954 0.122794 0.156863
4 0.186029 0.929412 0.094118 0.141176
4 0.332721 0.896078 0.075735 0.200000
4 0.549265 0.837908 0.075000 0.143791
4 0.407721 0.329412 0.016912 0.026144
4 0.416912 0.341830 0.017647 0.027451
4 0.427941 0.356209 0.019118 0.024837
4 0.439338 0.373856 0.021324 0.028758
4 0.448529 0.390850 0.022059 0.036601
4 0.463235 0.414379 0.025000 0.036601
4 0.484559 0.437908 0.033824 0.052288
4 0.501471 0.473856 0.035294 0.053595
4 0.520588 0.512418 0.032353 0.054902
4 0.538971 0.558170 0.050000 0.065359
4 0.427574 0.327451 0.016912 0.022222
4 0.434926 0.337255 0.016912 0.023529
4 0.448529 0.349673 0.019118 0.024837
4 0.458456 0.364052 0.021324 0.027451
4 0.474265 0.373856 0.017647 0.028758
9 0.497059 0.381699 0.055882 0.096732
4 0.525368 0.445098 0.034559 0.053595
4 0.577941 0.528758 0.044118 0.058824
4 0.626838 0.528105 0.046324 0.060131
4 0.440441 0.314379 0.016176 0.022222
4 0.454412 0.327451 0.019118 0.024837
4 0.466176 0.338562 0.017647 0.023529
4 0.504779 0.292810 0.027206 0.018301
4 0.508456 0.303268 0.024265 0.015686
4 0.519118 0.305882 0.025000 0.018301
4 0.529412 0.312418 0.027941 0.023529
4 0.543015 0.315686 0.024265 0.024837
4 0.562500 0.330065 0.035294 0.024837
2 0.518750 0.326144 0.003676 0.014379
10 0.518015 0.335294 0.005147 0.014379
4 0.508824 0.334641 0.005882 0.018301
1 0.483824 0.305882 0.004412 0.013072
10 0.483088 0.313072 0.005882 0.009150
3 0.525000 0.350327 0.014706 0.015686
2 0.536765 0.334641 0.005882 0.015686
3 0.536029 0.349020 0.007353 0.013072
2 0.569485 0.360784 0.006618 0.020915
3 0.569853 0.373856 0.005882 0.015686
4 0.625735 0.390850 0.032353 0.033987
4 0.645221 0.405882 0.037500 0.043137
4 0.658456 0.485621 0.021324 0.030065
1 0.688971 0.427451 0.005882 0.039216
1 0.695956 0.426144 0.008088 0.039216
1 0.691912 0.404575 0.007353 0.030065
2 0.708824 0.491503 0.011765 0.033987
4 0.705882 0.505882 0.014706 0.036601
2 0.731618 0.492157 0.010294 0.030065
3 0.729412 0.507190 0.016176 0.036601
2 0.750368 0.486928 0.011029 0.037908
3 0.747794 0.506536 0.014706 0.032680
1 0.753676 0.588889 0.011765 0.069281
1 0.765441 0.600000 0.013235 0.062745
2 0.793015 0.605229 0.015441 0.049673
10 0.791544 0.620915 0.018382 0.052288
2 0.812132 0.562092 0.015441 0.039216
10 0.809926 0.578431 0.018382 0.043137
10 0.837132 0.523529 0.011029 0.035294
2 0.779779 0.705882 0.016912 0.057516
10 0.779044 0.732026 0.013971 0.044444
2 0.842279 0.699346 0.016912 0.065359
3 0.841544 0.726797 0.011029 0.047059
2 0.912868 0.729412 0.027206 0.075817
3 0.909191 0.747712 0.046324 0.062745
2 0.946324 0.635948 0.019118 0.056209
3 0.940441 0.653595 0.041176 0.049673
1 0.977206 0.692157 0.020588 0.084967
1 0.952574 0.822876 0.021324 0.090196
1 0.978676 0.798039 0.019118 0.079739
2 0.986029 0.878431 0.027941 0.065359
4 0.803309 0.873203 0.128676 0.151634
