0 0.371324 0.175817 0.126471 0.037908
0 0.364706 0.237908 0.025000 0.044444
0 0.525735 0.247059 0.026471 0.070588
0 0.327206 0.242484 0.050000 0.079739
0 0.641912 0.482353 0.052941 0.015686
0 0.285662 0.284314 0.056618 0.050980
0 0.169853 0.302614 0.026471 0.024837
9 0.456618 0.258824 0.016176 0.036601
9 0.475000 0.222222 0.016176 0.026144
4 0.483088 0.258824 0.008824 0.015686
1 0.489338 0.244444 0.003676 0.015686
4 0.492279 0.252288 0.006618 0.013072
9 0.504044 0.270588 0.015441 0.041830
9 0.501838 0.256209 0.015441 0.033987
4 0.501103 0.288889 0.019853 0.023529
4 0.496324 0.297386 0.010294 0.016993
1 0.536029 0.306536 0.002941 0.022222
1 0.537868 0.313072 0.003676 0.022222
1 0.530147 0.294771 0.002941 0.019608
1 0.550735 0.316993 0.004412 0.024837
4 0.539338 0.329412 0.018382 0.026144
4 0.477574 0.364706 0.018382 0.028758
1 0.456250 0.380392 0.011029 0.047059
1 0.406618 0.381046 0.013235 0.053595
4 0.533824 0.368627 0.026471 0.036601
1 0.557353 0.374510 0.004412 0.030065
4 0.558088 0.366667 0.017647 0.032680
1 0.565809 0.356863 0.006618 0.026144
1 0.562132 0.352288 0.003676 0.027451
1 0.566544 0.401961 0.012500 0.045752
1 0.594485 0.388889 0.009559 0.050980
1 0.594118 0.384967 0.010294 0.045752
9 0.532721 0.558824 0.071324 0.184314
0 0.574632 0.311111 0.028676 0.047059
1 0.670221 0.323529 0.005147 0.022222
1 0.687868 0.322222 0.005147 0.022222
1 0.705147 0.357516 0.002941 0.024837
1 0.710294 0.360131 0.004412 0.024837
1 0.687500 0.373856 0.005882 0.031373
1 0.692647 0.398039 0.005882 0.030065
1 0.698529 0.415033 0.005882 0.037908
1 0.703676 0.377778 0.005882 0.026144
1 0.694485 0.311111 0.002206 0.023529
1 0.698529 0.311111 0.004412 0.020915
1 0.696691 0.338562 0.005147 0.023529
1 0.696691 0.334641 0.005147 0.023529
1 0.800735 0.377124 0.010294 0.056209
1 0.790809 0.392810 0.009559 0.040523
1 0.747059 0.390850 0.010294 0.054902
1 0.755515 0.392810 0.008088 0.053595
1 0.755147 0.373856 0.007353 0.049673
1 0.747059 0.372549 0.008824 0.047059
1 0.726103 0.649020 0.015441 0.053595
1 0.705515 0.632026 0.012500 0.058824
1 0.687868 0.549673 0.012500 0.045752
1 0.690809 0.520915 0.011029 0.045752
1 0.672794 0.538562 0.007353 0.044444
1 0.652941 0.524183 0.007353 0.044444
1 0.650368 0.516340 0.005147 0.044444
1 0.644118 0.513072 0.007353 0.043137
1 0.674632 0.509150 0.009559 0.045752
1 0.663235 0.513725 0.007353 0.044444
1 0.656985 0.512418 0.006618 0.041830
3 0.704779 0.586275 0.028676 0.027451
3 0.702574 0.573856 0.015441 0.033987
3 0.788603 0.701961 0.016912 0.060131
3 0.854412 0.725490 0.038235 0.044444
3 0.830882 0.711111 0.039706 0.049673
4 0.411397 0.278431 0.012500 0.020915
4 0.406985 0.284314 0.012500 0.014379
4 0.408088 0.293464 0.011765 0.016993
4 0.405147 0.302614 0.014706 0.016993
4 0.409559 0.313725 0.014706 0.020915
4 0.405882 0.322876 0.013235 0.020915
5 0.396691 0.328105 0.015441 0.033987
4 0.392647 0.345098 0.017647 0.023529
4 0.388971 0.358170 0.019118 0.023529
4 0.384926 0.368627 0.018382 0.026144
4 0.392647 0.269281 0.011765 0.015686
4 0.391912 0.278431 0.011765 0.015686
4 0.387868 0.291503 0.012500 0.020915
4 0.384191 0.298039 0.015441 0.023529
4 0.384926 0.309804 0.013971 0.018301
4 0.383824 0.320915 0.016176 0.024837
4 0.369118 0.307190 0.014706 0.020915
4 0.365074 0.318301 0.015441 0.022222
4 0.370221 0.330065 0.016912 0.027451
4 0.366544 0.341830 0.018382 0.024837
4 0.352574 0.296078 0.012500 0.022222
4 0.347426 0.307843 0.015441 0.027451
4 0.341912 0.332026 0.016176 0.028758
4 0.359191 0.365359 0.021324 0.030065
9 0.326838 0.329412 0.037500 0.081046
0 0.291912 0.343137 0.022059 0.032680
1 0.312868 0.380392 0.009559 0.047059
1 0.309926 0.373856 0.008088 0.047059
4 0.352941 0.503922 0.033824 0.061438
4 0.305147 0.507843 0.041176 0.056209
4 0.334926 0.549673 0.034559 0.061438
4 0.316544 0.608497 0.044853 0.074510
4 0.271691 0.577124 0.041912 0.069281
4 0.303676 0.690850 0.052941 0.100654
4 0.274265 0.790196 0.066176 0.126797
4 0.240074 0.646405 0.058088 0.100654
4 0.172794 0.670588 0.066176 0.096732
4 0.111397 0.777778 0.087500 0.130719
4 0.140074 0.894771 0.099265 0.160784
4 0.230147 0.927451 0.089706 0.145098
4 0.340441 0.945098 0.075000 0.109804
9 0.040809 0.875163 0.081618 0.249673
1 0.240809 0.315686 0.005147 0.022222
1 0.234559 0.332026 0.004412 0.023529
1 0.229779 0.332026 0.005147 0.023529
1 0.209191 0.303922 0.006618 0.022222
1 0.205515 0.303268 0.005147 0.020915
1 0.168750 0.335948 0.008088 0.026144
1 0.158088 0.332680 0.005882 0.027451
1 0.247059 0.377778 0.011765 0.062745
1 0.243382 0.371242 0.010294 0.060131
1 0.227206 0.375817 0.011765 0.061438
1 0.202206 0.380392 0.011765 0.052288
1 0.191544 0.383007 0.011029 0.052288
1 0.162500 0.397386 0.008824 0.060131
2 0.149265 0.337908 0.005882 0.022222
1 0.149632 0.332680 0.005147 0.030065
1 0.140809 0.390196 0.015441 0.064052
1 0.127574 0.386275 0.011029 0.050980
1 0.119853 0.356209 0.011765 0.048366
1 0.115074 0.391503 0.012500 0.050980
1 0.111397 0.386275 0.008088 0.053595
1 0.098897 0.395425 0.012500 0.069281
1 0.091912 0.398039 0.016176 0.069281
1 0.016912 0.413072 0.010294 0.065359
1 0.012132 0.568627 0.012500 0.049673
1 0.004044 0.575817 0.008088 0.050980
1 0.026471 0.571242 0.010294 0.049673
1 0.108456 0.490850 0.009559 0.045752
1 0.089706 0.476471 0.007353 0.045752
1 0.081618 0.473203 0.010294 0.049673
1 0.195221 0.503922 0.008088 0.048366
1 0.201838 0.504575 0.008088 0.049673
1 0.208824 0.492810 0.007353 0.044444
1 0.234926 0.475817 0.009559 0.044444
1 0.226103 0.473856 0.008088 0.050980
1 0.217647 0.462745 0.005882 0.041830
1 0.203309 0.491503 0.006618 0.041830
9 0.269118 0.430719 0.057353 0.126797
