4 0.055882 0.765359 0.110294 0.210458
1 0.179779 0.756863 0.018382 0.073203
2 0.221324 0.935294 0.023529 0.074510
2 0.220588 0.933987 0.023529 0.074510
3 0.222426 0.960784 0.034559 0.078431
2 0.312868 0.733987 0.016912 0.064052
10 0.312868 0.756863 0.013971 0.060131
2 0.513235 0.542484 0.014706 0.047059
3 0.513235 0.555556 0.023529 0.036601
4 0.764706 0.912418 0.100000 0.172549
8 0.940074 0.762745 0.059559 0.079739
4 0.966912 0.654248 0.066176 0.082353
3 0.915074 0.644444 0.033088 0.039216
7 0.921691 0.469281 0.033088 0.044444
6 0.814338 0.562092 0.111029 0.175163
1 0.817647 0.430065 0.008824 0.039216
2 0.763603 0.443791 0.008088 0.037908
2 0.770221 0.452288 0.008088 0.031373
2 0.777941 0.456209 0.007353 0.023529
2 0.787868 0.446405 0.008088 0.032680
2 0.770221 0.437255 0.006618 0.030065
2 0.793382 0.442484 0.007353 0.032680
2 0.805515 0.444444 0.009559 0.039216
2 0.798529 0.443137 0.007353 0.036601
2 0.789338 0.438562 0.006618 0.030065
2 0.786397 0.418301 0.006618 0.020915
10 0.822059 0.437255 0.011765 0.027451
1 0.772426 0.397386 0.009559 0.028758
4 0.834926 0.414379 0.013971 0.020915
1 0.836029 0.402614 0.008824 0.026144
10 0.747426 0.389542 0.013971 0.018301
4 0.019485 0.579085 0.038971 0.062745
4 0.079412 0.535948 0.094118 0.057516
4 0.110294 0.512418 0.091176 0.054902
4 0.118015 0.477124 0.077206 0.049673
4 0.120221 0.445098 0.040441 0.035294
1 0.081250 0.436601 0.008088 0.033987
1 0.069853 0.369935 0.007353 0.036601
10 0.008824 0.443791 0.014706 0.030065
10 0.007353 0.465359 0.014706 0.033987
4 0.210662 0.470588 0.065441 0.112418
4 0.162868 0.409804 0.038971 0.043137
4 0.180882 0.377124 0.036765 0.030065
5 0.129412 0.342484 0.045588 0.028758
5 0.141912 0.337255 0.035294 0.020915
10 0.064706 0.400654 0.017647 0.030065
1 0.236029 0.483660 0.007353 0.036601
1 0.259191 0.426797 0.006618 0.037908
1 0.253676 0.422876 0.007353 0.040523
1 0.267647 0.418954 0.007353 0.035294
1 0.275000 0.367974 0.008824 0.035294
1 0.280882 0.367320 0.005882 0.031373
1 0.290441 0.369935 0.005882 0.031373
1 0.289706 0.368627 0.005882 0.031373
1 0.316544 0.303922 0.005147 0.024837
8 0.211765 0.356863 0.019118 0.036601
1 0.174632 0.334641 0.005147 0.023529
1 0.178309 0.335948 0.005147 0.020915
1 0.187500 0.327451 0.004412 0.022222
1 0.182721 0.327451 0.005147 0.022222
1 0.218015 0.339869 0.005147 0.026144
1 0.217279 0.333987 0.005147 0.024837
1 0.223897 0.338562 0.005147 0.026144
1 0.227574 0.335948 0.005147 0.026144
1 0.243015 0.335948 0.005147 0.026144
1 0.281985 0.346405 0.003676 0.023529
1 0.289706 0.345752 0.005882 0.027451
1 0.294853 0.345752 0.005882 0.027451
1 0.283088 0.317647 0.005882 0.020915
1 0.289706 0.318954 0.005882 0.023529
1 0.294853 0.324183 0.004412 0.013072
1 0.281618 0.328758 0.005882 0.011765
1 0.221691 0.300654 0.005147 0.023529
1 0.214706 0.300654 0.004412 0.023529
1 0.217647 0.301961 0.004412 0.023529
4 0.169118 0.309804 0.041176 0.026144
4 0.275735 0.307843 0.041176 0.030065
4 0.205147 0.293464 0.036765 0.016993
4 0.288235 0.300000 0.039706 0.024837
4 0.291912 0.288889 0.033824 0.026144
0 0.326471 0.192810 0.160294 0.147712
4 0.236397 0.260131 0.015441 0.018301
4 0.261397 0.281699 0.016912 0.019608
0 0.673162 0.266667 0.249265 0.219608
0 0.437868 0.174510 0.061029 0.084967
1 0.381250 0.407190 0.008088 0.035294
1 0.377941 0.414379 0.007353 0.026144
5 0.367279 0.400654 0.036029 0.053595
4 0.418382 0.395425 0.029412 0.048366
4 0.381618 0.344444 0.022059 0.037908
4 0.382721 0.327451 0.015441 0.022222
4 0.480882 0.477778 0.032353 0.050980
4 0.530882 0.371242 0.020588 0.031373
4 0.506250 0.313072 0.019853 0.030065
4 0.488235 0.280392 0.013235 0.016993
4 0.422426 0.289542 0.013971 0.022222
4 0.422059 0.266667 0.013235 0.020915
4 0.421324 0.228758 0.010294 0.013072
1 0.543750 0.500654 0.008088 0.052288
1 0.556250 0.515033 0.006618 0.047059
1 0.570588 0.494118 0.007353 0.052288
1 0.555515 0.442484 0.009559 0.040523
1 0.523897 0.413072 0.006618 0.041830
1 0.575000 0.443137 0.005882 0.033987
1 0.570956 0.435294 0.005147 0.033987
2 0.550000 0.505882 0.007353 0.023529
3 0.549632 0.517647 0.006618 0.018301
2 0.525735 0.450980 0.010294 0.036601
10 0.524632 0.458824 0.009559 0.028758
2 0.508456 0.408497 0.006618 0.022222
2 0.507721 0.402614 0.006618 0.023529
10 0.507353 0.416993 0.005882 0.028758
4 0.594118 0.535294 0.045588 0.056209
4 0.582353 0.489542 0.039706 0.048366
2 0.479412 0.415686 0.007353 0.015686
2 0.477574 0.409804 0.008088 0.016993
7 0.478676 0.421569 0.019118 0.040523
2 0.444853 0.350980 0.007353 0.022222
10 0.444118 0.358170 0.005882 0.015686
4 0.473162 0.384314 0.022794 0.036601
2 0.479412 0.342484 0.004412 0.010458
7 0.480147 0.352288 0.011765 0.024837
4 0.502574 0.358170 0.025735 0.033987
4 0.517647 0.346405 0.014706 0.023529
8 0.484926 0.318301 0.012500 0.027451
5 0.456250 0.338562 0.015441 0.031373
4 0.454044 0.316993 0.018382 0.024837
4 0.455147 0.293464 0.013235 0.022222
4 0.458824 0.276471 0.013235 0.022222
4 0.487132 0.269935 0.012500 0.016993
4 0.482721 0.260131 0.012500 0.015686
4 0.477574 0.249673 0.011029 0.015686
4 0.481985 0.258824 0.011029 0.015686
4 0.475368 0.242484 0.009559 0.011765
4 0.469118 0.228105 0.008824 0.011765
4 0.472059 0.233333 0.008824 0.009150
2 0.462500 0.247059 0.004412 0.010458
7 0.462868 0.252288 0.006618 0.013072
