0 0.222656 0.700000 0.074479 0.100000
0 0.588021 0.151852 0.013542 0.027778
0 0.550000 0.157870 0.023958 0.032407
4 0.569010 0.148148 0.003646 0.009259
4 0.536198 0.186111 0.008854 0.007407
4 0.537500 0.183796 0.009375 0.006481
4 0.539062 0.181481 0.009375 0.005556
4 0.572135 0.200000 0.005729 0.009259
1 0.581250 0.200463 0.002083 0.010185
1 0.591667 0.203704 0.002083 0.009259
1 0.593490 0.204167 0.001563 0.010185
2 0.541146 0.190741 0.002083 0.005556
10 0.541146 0.194444 0.003125 0.005556
5 0.542188 0.226389 0.006250 0.013889
2 0.569271 0.209259 0.002083 0.005556
10 0.569010 0.212963 0.002604 0.005556
2 0.566667 0.221296 0.002083 0.007407
10 0.566406 0.224537 0.002604 0.006481
4 0.562240 0.229630 0.006771 0.009259
4 0.561458 0.237963 0.006250 0.011111
4 0.558073 0.243519 0.006771 0.011111
4 0.555729 0.253241 0.006250 0.010185
4 0.543490 0.242130 0.006771 0.012037
1 0.563802 0.249537 0.002604 0.012037
1 0.566406 0.253704 0.002604 0.011111
1 0.569271 0.247222 0.002083 0.009259
1 0.568490 0.241204 0.002604 0.010185
1 0.565885 0.266667 0.002604 0.012963
2 0.541667 0.252315 0.003125 0.006481
10 0.541927 0.256019 0.002604 0.006481
2 0.540625 0.259722 0.003125 0.006481
10 0.540625 0.262037 0.003125 0.009259
1 0.553125 0.279167 0.003125 0.013889
2 0.558333 0.274074 0.003125 0.007407
10 0.558073 0.279630 0.002604 0.007407
1 0.557552 0.286111 0.002604 0.012963
7 0.569010 0.291667 0.006771 0.014815
1 0.562500 0.295833 0.002083 0.012037
2 0.562760 0.291204 0.003646 0.013889
1 0.527865 0.263426 0.002604 0.012037
4 0.525000 0.270370 0.009375 0.014815
1 0.525521 0.277778 0.002083 0.012963
2 0.536719 0.268981 0.002604 0.008333
10 0.536719 0.273611 0.002604 0.008333
2 0.535937 0.279167 0.002083 0.008333
10 0.536198 0.283333 0.002604 0.009259
4 0.570833 0.311111 0.010417 0.020370
4 0.552344 0.336574 0.009896 0.017593
4 0.541667 0.320370 0.009375 0.018519
5 0.437240 0.316667 0.015104 0.016667
4 0.453906 0.319907 0.015104 0.013889
4 0.453646 0.305093 0.016667 0.015741
4 0.433594 0.302778 0.014063 0.014815
4 0.478125 0.216667 0.013542 0.011111
10 0.567969 0.343056 0.007812 0.010185
10 0.562240 0.361111 0.006771 0.012963
2 0.551042 0.359722 0.004167 0.010185
10 0.550000 0.366667 0.004167 0.012963
2 0.541406 0.337037 0.003646 0.009259
10 0.541406 0.338889 0.004687 0.018519
2 0.537500 0.348148 0.003125 0.009259
10 0.537760 0.352778 0.002604 0.011111
2 0.534115 0.335185 0.003646 0.009259
2 0.533594 0.338889 0.004687 0.011111
10 0.533594 0.341667 0.002604 0.011111
2 0.524740 0.325463 0.002604 0.008333
10 0.524219 0.329630 0.003646 0.012963
4 0.504167 0.329167 0.011458 0.019444
1 0.502865 0.340741 0.003646 0.014815
2 0.501302 0.343981 0.002604 0.008333
10 0.501563 0.347685 0.003125 0.012037
2 0.515104 0.354630 0.003125 0.009259
7 0.515104 0.358796 0.007292 0.013889
2 0.516667 0.362500 0.003125 0.012037
10 0.516406 0.368981 0.004687 0.010185
1 0.505469 0.366204 0.003646 0.017593
7 0.499479 0.368981 0.006250 0.017593
8 0.489323 0.367130 0.009896 0.021296
4 0.488802 0.387500 0.011979 0.019444
4 0.513802 0.395370 0.013021 0.025926
5 0.458333 0.398611 0.022917 0.026852
5 0.483854 0.420370 0.014583 0.031481
1 0.561719 0.377778 0.003646 0.018519
8 0.554427 0.393056 0.007812 0.021296
2 0.533594 0.403241 0.003646 0.010185
2 0.533073 0.408796 0.002604 0.010185
10 0.533333 0.412037 0.004167 0.014815
2 0.539323 0.429167 0.003646 0.010185
2 0.539323 0.425463 0.003646 0.012037
10 0.539583 0.432870 0.003125 0.015741
4 0.550000 0.417130 0.014583 0.025000
2 0.543490 0.447685 0.003646 0.012037
2 0.542708 0.444444 0.004167 0.012963
10 0.542969 0.452778 0.004687 0.014815
10 0.601042 0.484722 0.013542 0.019444
1 0.539844 0.481481 0.005729 0.025926
2 0.532031 0.455556 0.004687 0.014815
10 0.532031 0.463889 0.004687 0.016667
2 0.527344 0.449074 0.003646 0.009259
2 0.527604 0.443981 0.004167 0.012037
10 0.528125 0.453241 0.003125 0.013889
2 0.520833 0.466667 0.005208 0.012963
10 0.520312 0.468981 0.006250 0.023148
4 0.545573 0.520833 0.019271 0.034259
7 0.458854 0.459722 0.008333 0.019444
10 0.454167 0.474537 0.010417 0.015741
10 0.443490 0.501389 0.008854 0.017593
4 0.430990 0.565741 0.019271 0.040741
4 0.411198 0.618981 0.021354 0.039815
5 0.368490 0.608333 0.024479 0.046296
1 0.444792 0.559259 0.005208 0.027778
2 0.492969 0.462963 0.004687 0.012963
10 0.492448 0.472222 0.003646 0.014815
2 0.511198 0.503241 0.004687 0.017593
10 0.510938 0.512037 0.004167 0.016667
2 0.480729 0.477778 0.006250 0.016667
10 0.480208 0.482870 0.006250 0.019444
2 0.483073 0.498611 0.004687 0.015741
10 0.483073 0.506944 0.004687 0.021296
2 0.509115 0.593519 0.005729 0.020370
2 0.511719 0.595370 0.003646 0.020370
10 0.508854 0.603704 0.006250 0.020370
2 0.486198 0.700926 0.010937 0.025926
10 0.486198 0.711111 0.014063 0.035185
2 0.513021 0.698148 0.007292 0.020370
2 0.512760 0.691667 0.006771 0.020370
10 0.513281 0.701852 0.007812 0.025926
2 0.493229 0.740278 0.011458 0.036111
2 0.492448 0.737963 0.007812 0.020370
10 0.492448 0.748611 0.007812 0.030556
1 0.392188 0.746759 0.007292 0.039815
1 0.401042 0.751389 0.008333 0.041667
4 0.382031 0.715278 0.034896 0.067593
4 0.322396 0.712037 0.025000 0.042593
7 0.365625 0.778241 0.017708 0.058333
2 0.418750 0.746296 0.006250 0.025926
10 0.418490 0.762500 0.008854 0.030556
2 0.463021 0.792593 0.008333 0.025926
2 0.463281 0.785648 0.008854 0.019444
2 0.465104 0.787037 0.008333 0.035185
10 0.463802 0.797685 0.009896 0.034259
2 0.399219 0.825926 0.008854 0.031481
2 0.400781 0.821759 0.006771 0.028704
10 0.399740 0.843056 0.011979 0.030556
10 0.282292 0.594907 0.018750 0.026852
2 0.246354 0.581944 0.008333 0.023148
1 0.137500 0.749074 0.012500 0.044444
2 0.143229 0.820833 0.013542 0.026852
2 0.129688 0.825000 0.013542 0.033333
2 0.094271 0.885185 0.011458 0.027778
2 0.077604 0.908796 0.009375 0.025000
2 0.065365 0.904630 0.013021 0.029630
2 0.046354 0.951852 0.016667 0.031481
2 0.058073 0.960185 0.011979 0.022222
2 0.043229 0.981019 0.013542 0.026852
2 0.030469 0.976389 0.008854 0.032407
2 0.022656 0.992593 0.008854 0.014815
2 0.010937 0.989815 0.010417 0.016667
3 0.009115 0.938426 0.018229 0.021296
10 0.055469 0.861574 0.013021 0.041667
4 0.336979 0.866667 0.044792 0.090741
4 0.306510 0.955093 0.048438 0.089815
1 0.327865 0.971296 0.011979 0.044444
1 0.304427 0.989815 0.008854 0.020370
4 0.521615 0.950926 0.035937 0.098148
4 0.461719 0.980556 0.034896 0.038889
1 0.477604 0.989352 0.011458 0.017593
2 0.360156 0.978704 0.015104 0.029630
10 0.359375 0.989815 0.015625 0.020370
2 0.358854 0.931944 0.010417 0.026852
2 0.360677 0.925926 0.010937 0.033333
10 0.357552 0.951389 0.016146 0.049074
10 0.591146 0.918056 0.021875 0.034259
10 0.558594 0.922222 0.021354 0.038889
