0 0.044792 0.215278 0.089583 0.093519
0 0.318490 0.236111 0.072396 0.061111
0 0.175260 0.830093 0.051562 0.339815
0 0.157031 0.175926 0.123438 0.103704
0 0.084896 0.328704 0.035417 0.120370
0 0.242969 0.206944 0.045312 0.049074
4 0.394271 0.717593 0.050000 0.096296
4 0.235417 0.789352 0.041667 0.110185
9 0.293490 0.843056 0.095312 0.313889
4 0.195312 0.465278 0.023958 0.043519
4 0.119531 0.383796 0.022396 0.039815
4 0.033854 0.480556 0.067708 0.050000
1 0.044010 0.470833 0.007812 0.028704
1 0.050000 0.705556 0.013542 0.055556
2 0.092448 0.982407 0.017188 0.035185
1 0.052083 0.396296 0.010417 0.033333
2 0.077083 0.793519 0.016667 0.053704
3 0.075781 0.818056 0.017188 0.054630
0 0.003646 0.420370 0.007292 0.044444
4 0.029427 0.392593 0.046354 0.053704
2 0.047135 0.579167 0.011979 0.039815
3 0.048177 0.588889 0.006771 0.038889
2 0.077344 0.647222 0.014063 0.048148
3 0.076563 0.660185 0.012500 0.042593
1 0.139063 0.742593 0.011458 0.051852
0 0.113281 0.521296 0.011979 0.046296
0 0.102083 0.412037 0.006250 0.024074
2 0.079427 0.709722 0.013021 0.050926
3 0.079167 0.729630 0.014583 0.048148
2 0.095833 0.656019 0.011458 0.041667
3 0.096875 0.671759 0.012500 0.026852
0 0.104948 0.699074 0.013021 0.051852
2 0.082292 0.465278 0.010417 0.032407
3 0.082812 0.476389 0.010417 0.026852
1 0.097917 0.491667 0.007292 0.040741
4 0.233594 0.264352 0.016146 0.019444
4 0.272396 0.252778 0.017708 0.020370
4 0.269010 0.261574 0.017188 0.019444
4 0.255729 0.266204 0.018750 0.021296
4 0.247917 0.281019 0.017708 0.019444
4 0.307812 0.274537 0.017708 0.023148
4 0.275260 0.287037 0.019271 0.022222
4 0.260417 0.293981 0.016667 0.021296
0 0.444010 0.263889 0.014063 0.014815
4 0.299740 0.287500 0.020313 0.019444
4 0.274740 0.307870 0.020313 0.023148
4 0.284115 0.321759 0.021354 0.021296
4 0.299219 0.307870 0.020313 0.025000
4 0.317708 0.304630 0.019792 0.022222
4 0.332292 0.295833 0.020833 0.021296
4 0.368229 0.281944 0.022917 0.023148
4 0.300521 0.340741 0.022917 0.029630
4 0.313021 0.326389 0.020833 0.025000
4 0.315885 0.358333 0.024479 0.027778
4 0.328125 0.341667 0.022917 0.025926
4 0.335938 0.320370 0.020833 0.024074
4 0.351823 0.337500 0.024479 0.025000
4 0.355729 0.314815 0.020833 0.022222
4 0.345313 0.361111 0.026042 0.025926
9 0.381771 0.322685 0.045833 0.060185
4 0.336979 0.385185 0.025000 0.031481
4 0.373958 0.357870 0.025000 0.028704
4 0.355729 0.412963 0.029167 0.031481
4 0.380729 0.440741 0.031250 0.037037
4 0.367188 0.384259 0.027083 0.029630
9 0.404167 0.405556 0.066667 0.100000
4 0.411198 0.363889 0.028646 0.024074
4 0.405990 0.481019 0.033854 0.041667
4 0.437240 0.416667 0.024479 0.033333
9 0.457813 0.387963 0.072917 0.090741
4 0.430208 0.517130 0.036458 0.049074
4 0.459635 0.445833 0.031771 0.036111
4 0.448437 0.478241 0.036458 0.041667
9 0.514844 0.442593 0.077604 0.103704
4 0.461198 0.564815 0.045312 0.053704
4 0.481510 0.522222 0.042188 0.046296
4 0.500521 0.488889 0.035417 0.042593
4 0.499740 0.624074 0.050521 0.062963
4 0.521354 0.578704 0.053125 0.064815
4 0.531510 0.530093 0.048438 0.052778
4 0.547917 0.705556 0.061458 0.081481
4 0.581771 0.588426 0.056250 0.060185
4 0.577083 0.656944 0.065625 0.080556
4 0.626042 0.658796 0.056250 0.065741
4 0.655208 0.622685 0.060417 0.065741
4 0.627344 0.744907 0.068229 0.086111
4 0.594010 0.793519 0.071354 0.100000
4 0.705990 0.748611 0.075521 0.084259
4 0.721875 0.857407 0.071875 0.103704
9 0.720313 0.892130 0.213542 0.215741
4 0.873177 0.957407 0.109896 0.083333
4 0.950260 0.714352 0.013021 0.052778
4 0.934635 0.724537 0.015104 0.058333
1 0.820833 0.723611 0.012500 0.054630
1 0.820573 0.709722 0.009896 0.050926
2 0.816406 0.636111 0.010937 0.050000
10 0.816406 0.643056 0.030729 0.034259
1 0.909115 0.717593 0.010937 0.053704
1 0.896094 0.722685 0.014063 0.056481
1 0.904948 0.743981 0.013021 0.058333
2 0.890104 0.750000 0.015625 0.046296
3 0.885417 0.763426 0.029167 0.049074
1 0.680729 0.578704 0.011458 0.048148
3 0.679948 0.587500 0.019271 0.036111
2 0.734896 0.562037 0.014583 0.029630
3 0.732292 0.572685 0.016667 0.034259
4 0.754167 0.560185 0.052083 0.051852
3 0.640104 0.525463 0.013542 0.026852
2 0.642708 0.514815 0.011458 0.035185
3 0.683594 0.524537 0.016146 0.028704
2 0.684115 0.514815 0.011979 0.031481
4 0.619271 0.453704 0.041667 0.040741
4 0.591927 0.430093 0.038021 0.037963
0 0.453385 0.316204 0.096354 0.050926
