5 0.744853 0.541830 0.064706 0.137255
5 0.769118 0.418301 0.051471 0.094118
4 0.276471 0.674510 0.102941 0.101961
5 0.034559 0.341830 0.069118 0.082353
4 0.230882 0.301307 0.057353 0.056209
1 0.199265 0.489542 0.016176 0.053595
6 0.505515 0.533333 0.124265 0.264052
5 0.573529 0.427451 0.036765 0.081046
0 0.521691 0.373856 0.040441 0.062745
5 0.421324 0.584967 0.063235 0.103268
4 0.376838 0.556863 0.071324 0.099346
1 0.343382 0.615686 0.013235 0.057516
6 0.305882 0.536601 0.108824 0.147712
5 0.340441 0.447059 0.067647 0.075817
4 0.407353 0.398039 0.057353 0.061438
5 0.454044 0.464052 0.053676 0.083660
4 0.451838 0.414379 0.052206 0.060131
6 0.492279 0.306536 0.084559 0.134641
4 0.019485 0.238562 0.037500 0.045752
4 0.056250 0.227451 0.052206 0.049673
4 0.086765 0.175163 0.051471 0.041830
4 0.019853 0.205882 0.038235 0.040523
4 0.038235 0.158170 0.047059 0.036601
4 0.064706 0.144444 0.039706 0.027451
4 0.090074 0.132026 0.037500 0.026144
3 0.122426 0.178431 0.015441 0.024837
4 0.114706 0.080392 0.041176 0.027451
4 0.090809 0.088889 0.041912 0.031373
4 0.069118 0.096732 0.044118 0.033987
4 0.045588 0.105882 0.039706 0.033987
4 0.020956 0.116993 0.041912 0.032680
1 0.172794 0.196078 0.007353 0.031373
1 0.178309 0.198039 0.006618 0.035294
10 0.190074 0.214379 0.015441 0.023529
2 0.190074 0.203268 0.008088 0.030065
4 0.191544 0.173203 0.052206 0.053595
4 0.238971 0.150980 0.039706 0.035294
0 0.293382 0.102614 0.063235 0.082353
0 0.247059 0.120915 0.026471 0.019608
5 0.294485 0.042484 0.036029 0.032680
5 0.329779 0.049020 0.028676 0.024837
1 0.393382 0.105882 0.010294 0.028758
4 0.385662 0.090850 0.033088 0.030065
10 0.360662 0.084967 0.012500 0.018301
4 0.373162 0.083007 0.022794 0.027451
8 0.401103 0.074510 0.021324 0.026144
10 0.422794 0.057516 0.013235 0.013072
2 0.422794 0.053595 0.005882 0.023529
4 0.386397 0.058824 0.024265 0.028758
5 0.295221 0.009150 0.024265 0.018301
5 0.333824 0.010458 0.011765 0.020915
4 0.340441 0.031373 0.029412 0.020915
1 0.387500 0.019608 0.004412 0.020915
1 0.390809 0.018301 0.003676 0.020915
4 0.354779 0.012418 0.021324 0.019608
7 0.461765 0.050980 0.020588 0.023529
2 0.456618 0.043791 0.008824 0.019608
5 0.423162 0.018301 0.028676 0.026144
1 0.440441 0.024183 0.004412 0.019608
1 0.502206 0.015033 0.004412 0.019608
1 0.531985 0.032026 0.005147 0.019608
1 0.558824 0.020261 0.002941 0.019608
8 0.541176 0.010458 0.017647 0.020915
0 0.545221 0.023529 0.008088 0.020915
0 0.470588 0.015686 0.055882 0.028758
4 0.611765 0.043137 0.013235 0.023529
4 0.601838 0.023529 0.013971 0.020915
4 0.614706 0.016340 0.010294 0.016993
4 0.625000 0.027451 0.011765 0.018301
4 0.630882 0.012418 0.011765 0.016993
4 0.648897 0.020261 0.018382 0.022222
1 0.628309 0.037908 0.003676 0.020915
1 0.633088 0.035948 0.004412 0.022222
4 0.575735 0.021569 0.013235 0.019608
4 0.588235 0.011111 0.016176 0.019608
3 0.583456 0.087582 0.011029 0.018301
2 0.584559 0.084314 0.004412 0.024837
0 0.686765 0.034641 0.050000 0.066667
0 0.721691 0.032026 0.013971 0.037908
0 0.783824 0.056209 0.008824 0.031373
1 0.612868 0.109804 0.005147 0.028758
0 0.606985 0.139216 0.018382 0.024837
0 0.675368 0.105882 0.109559 0.023529
6 0.634926 0.166013 0.053676 0.091503
4 0.585662 0.173203 0.028676 0.032680
1 0.637132 0.090196 0.005147 0.026144
1 0.643382 0.091503 0.005882 0.026144
1 0.652574 0.090850 0.006618 0.027451
1 0.659559 0.086928 0.004412 0.024837
7 0.725368 0.068627 0.030147 0.027451
4 0.738603 0.058170 0.028676 0.024837
4 0.768750 0.066013 0.024265 0.024837
4 0.743382 0.082353 0.038235 0.023529
1 0.744485 0.107190 0.005147 0.023529
4 0.761765 0.107843 0.032353 0.024837
4 0.775000 0.122876 0.019118 0.026144
4 0.797059 0.066667 0.013235 0.028758
4 0.325735 0.279739 0.050000 0.047059
4 0.344118 0.311765 0.050000 0.050980
4 0.377941 0.236601 0.042647 0.047059
4 0.448897 0.218301 0.037500 0.039216
4 0.422426 0.194771 0.036029 0.041830
5 0.457721 0.162745 0.030147 0.037908
4 0.483088 0.147059 0.029412 0.032680
4 0.512500 0.183007 0.041176 0.031373
4 0.507721 0.156209 0.031618 0.035294
4 0.534559 0.137908 0.027941 0.032680
4 0.509559 0.120915 0.025000 0.030065
1 0.529412 0.102614 0.005882 0.024837
