4 0.972396 0.922222 0.055208 0.077778
6 0.940625 0.761111 0.118750 0.118519
10 0.394792 0.818519 0.012500 0.040741
10 0.416667 0.831481 0.012500 0.048148
10 0.502083 0.825926 0.014583 0.048148
10 0.538021 0.669444 0.009375 0.035185
10 0.429688 0.672222 0.017708 0.029630
10 0.535937 0.410185 0.005208 0.016667
10 0.497396 0.454630 0.005208 0.012963
10 0.523958 0.348148 0.004167 0.011111
2 0.395313 0.800926 0.011458 0.035185
2 0.416667 0.813889 0.012500 0.042593
2 0.501563 0.825926 0.009375 0.037037
2 0.501563 0.812037 0.011458 0.038889
2 0.538021 0.661111 0.007292 0.037037
2 0.428125 0.662963 0.008333 0.033333
2 0.497396 0.449074 0.005208 0.016667
2 0.535937 0.405556 0.005208 0.014815
2 0.523958 0.344444 0.004167 0.011111
4 0.515104 0.578704 0.023958 0.038889
7 0.555208 0.562037 0.010417 0.024074
2 0.557813 0.555556 0.007292 0.025926
1 0.496354 0.469444 0.005208 0.027778
4 0.309896 0.788889 0.055208 0.051852
4 0.464583 0.501852 0.018750 0.037037
4 0.442188 0.462037 0.030208 0.027778
4 0.525000 0.456481 0.016667 0.027778
1 0.469792 0.480556 0.004167 0.012963
1 0.473438 0.475926 0.005208 0.025926
1 0.478125 0.412963 0.004167 0.022222
2 0.549479 0.432407 0.005208 0.016667
4 0.520833 0.387037 0.010417 0.018519
1 0.546354 0.379630 0.003125 0.014815
7 0.543750 0.400926 0.006250 0.016667
2 0.543750 0.398148 0.004167 0.011111
1 0.472396 0.412037 0.005208 0.020370
1 0.539062 0.376852 0.003125 0.016667
3 0.539062 0.379630 0.005208 0.011111
10 0.516667 0.345370 0.002083 0.009259
2 0.517188 0.341667 0.003125 0.009259
0 0.522396 0.338889 0.063542 0.059259
