0 0.386198 0.276852 0.074479 0.235185
4 0.434635 0.242130 0.013021 0.039815
6 0.448698 0.245833 0.021354 0.041667
4 0.445833 0.322685 0.017708 0.030556
4 0.497656 0.307870 0.018229 0.025000
6 0.509115 0.408333 0.076563 0.155556
4 0.570312 0.446296 0.039583 0.062963
6 0.410938 0.692593 0.144792 0.522222
1 0.223698 0.709259 0.023438 0.105556
0 0.206771 0.850463 0.041667 0.156481
4 0.303385 0.403704 0.031771 0.057407
4 0.321875 0.314815 0.023958 0.037037
4 0.310417 0.340741 0.030208 0.040741
4 0.337760 0.286574 0.015104 0.030556
