10 0.418750 0.949074 0.031250 0.098148
2 0.418750 0.941667 0.022917 0.064815
2 0.418750 0.920370 0.027083 0.074074
10 0.517708 0.854630 0.022917 0.068519
2 0.519792 0.851852 0.014583 0.048148
2 0.517188 0.829630 0.017708 0.055556
7 0.544271 0.721296 0.042708 0.109259
10 0.386458 0.715741 0.020833 0.072222
2 0.386458 0.699074 0.018750 0.072222
2 0.345833 0.618519 0.012500 0.033333
2 0.352604 0.605556 0.013542 0.048148
10 0.301563 0.725926 0.017708 0.062963
1 0.294792 0.719444 0.016667 0.064815
10 0.179167 0.832407 0.027083 0.098148
2 0.186458 0.818519 0.037500 0.081481
1 0.200521 0.800000 0.015625 0.085185
1 0.271875 0.671296 0.016667 0.068519
7 0.349479 0.627778 0.026042 0.066667
7 0.363542 0.541667 0.025000 0.061111
1 0.342708 0.542593 0.012500 0.055556
1 0.300000 0.533333 0.010417 0.048148
1 0.391146 0.483333 0.009375 0.048148
8 0.371354 0.476852 0.026042 0.053704
1 0.595313 0.705556 0.017708 0.077778
1 0.575521 0.694444 0.015625 0.085185
8 0.621354 0.740741 0.023958 0.100000
1 0.611979 0.686111 0.009375 0.053704
10 0.627604 0.679630 0.019792 0.066667
2 0.630729 0.675926 0.023958 0.070370
10 0.648438 0.650000 0.019792 0.055556
1 0.647917 0.644444 0.018750 0.062963
1 0.610417 0.662963 0.008333 0.048148
1 0.597396 0.661111 0.017708 0.062963
1 0.556771 0.643519 0.013542 0.064815
7 0.475000 0.535185 0.020833 0.048148
2 0.475000 0.517593 0.014583 0.035185
7 0.498437 0.475000 0.015625 0.038889
2 0.497396 0.466667 0.009375 0.044444
7 0.532292 0.468519 0.018750 0.051852
10 0.591146 0.627778 0.013542 0.040741
2 0.590104 0.616667 0.011458 0.040741
1 0.740104 0.610185 0.011458 0.072222
10 0.751563 0.586111 0.034375 0.038889
2 0.752604 0.577778 0.013542 0.044444
10 0.752083 0.536111 0.025000 0.042593
4 0.668750 0.538889 0.093750 0.074074
5 0.648438 0.512037 0.067708 0.064815
5 0.639583 0.422222 0.054167 0.051852
1 0.584375 0.447222 0.010417 0.038889
10 0.579688 0.451852 0.009375 0.033333
1 0.569271 0.449074 0.009375 0.046296
1 0.556771 0.453704 0.007292 0.037037
10 0.565625 0.377778 0.012500 0.025926
1 0.555208 0.389815 0.006250 0.035185
1 0.516667 0.416667 0.008333 0.037037
7 0.523438 0.421296 0.011458 0.027778
7 0.504167 0.411111 0.014583 0.022222
2 0.502604 0.404630 0.007292 0.024074
2 0.507812 0.401852 0.007292 0.025926
1 0.541146 0.447222 0.007292 0.038889
10 0.551042 0.443519 0.012500 0.031481
2 0.548958 0.441667 0.008333 0.027778
2 0.552604 0.437037 0.007292 0.033333
3 0.544792 0.453704 0.006250 0.037037
7 0.557813 0.345370 0.013542 0.031481
2 0.558854 0.337963 0.007292 0.024074
1 0.569271 0.282407 0.005208 0.020370
10 0.492708 0.323148 0.006250 0.020370
2 0.493229 0.318519 0.005208 0.022222
5 0.494271 0.248148 0.013542 0.025926
1 0.578125 0.268519 0.006250 0.018519
5 0.552083 0.272222 0.010417 0.018519
10 0.536458 0.287037 0.004167 0.018519
2 0.536458 0.284259 0.006250 0.020370
0 0.549479 0.204630 0.071875 0.120370
