5 0.181985 0.305882 0.024265 0.015686
6 0.217279 0.330065 0.063971 0.045752
4 0.260662 0.310458 0.027206 0.016993
4 0.248897 0.325490 0.025735 0.018301
4 0.482353 0.411765 0.019118 0.026144
4 0.461765 0.262092 0.008824 0.011765
4 0.476103 0.304575 0.009559 0.015686
4 0.505882 0.286928 0.008824 0.014379
4 0.461765 0.243791 0.005882 0.009150
4 0.686029 0.502614 0.027941 0.037908
5 0.761397 0.489542 0.028676 0.040523
0 0.502574 0.164706 0.086029 0.054902
4 0.464706 0.219608 0.005882 0.007843
4 0.459559 0.220261 0.007353 0.009150
6 0.478309 0.215033 0.016912 0.019608
6 0.499632 0.232026 0.009559 0.019608
6 0.569485 0.313725 0.027206 0.062745
4 0.600735 0.308497 0.011765 0.015686
4 0.662500 0.305229 0.008824 0.014379
4 0.527206 0.213072 0.010294 0.007843
4 0.517279 0.211765 0.011029 0.007843
4 0.522059 0.216993 0.005882 0.007843
6 0.501838 0.211765 0.009559 0.013072
6 0.513603 0.222876 0.011029 0.024837
5 0.518750 0.236601 0.008088 0.018301
4 0.546324 0.218301 0.005882 0.007843
4 0.551103 0.222876 0.005147 0.009150
0 0.581250 0.215686 0.055147 0.010458
4 0.631985 0.318954 0.012500 0.018301
4 0.619853 0.309150 0.010294 0.014379
4 0.616544 0.300654 0.011029 0.015686
6 0.677206 0.273856 0.020588 0.037908
6 0.665074 0.250327 0.019853 0.030065
6 0.661397 0.275817 0.015441 0.031373
6 0.651471 0.247059 0.019118 0.028758
4 0.638235 0.309804 0.011765 0.015686
4 0.645588 0.302614 0.013235 0.014379
4 0.639706 0.295425 0.008824 0.015686
4 0.630515 0.303268 0.009559 0.013072
4 0.626471 0.298039 0.010294 0.015686
4 0.632353 0.288889 0.008824 0.015686
4 0.608824 0.295425 0.010294 0.013072
4 0.605147 0.289542 0.010294 0.016993
0 0.589338 0.247712 0.050735 0.050980
4 0.619118 0.290850 0.010294 0.014379
4 0.616544 0.284314 0.008088 0.011765
4 0.600000 0.284314 0.010294 0.011765
4 0.626103 0.281699 0.008088 0.011765
4 0.621324 0.277124 0.007353 0.013072
4 0.613603 0.281046 0.009559 0.018301
6 0.647059 0.277778 0.014706 0.024837
4 0.637500 0.274510 0.008824 0.010458
4 0.632721 0.270588 0.006618 0.007843
4 0.635662 0.255556 0.008088 0.014379
6 0.622059 0.252288 0.022059 0.028758
