0 0.858456 0.041830 0.163971 0.081046
4 0.978676 0.806536 0.042647 0.130719
2 0.945588 0.511111 0.016176 0.044444
3 0.945956 0.520915 0.012500 0.045752
1 0.921324 0.360784 0.013235 0.039216
1 0.901471 0.170588 0.005882 0.024837
6 0.890074 0.116340 0.038971 0.028758
4 0.658088 0.752941 0.058824 0.120261
4 0.709559 0.473203 0.038235 0.067974
4 0.771691 0.324183 0.030147 0.047059
4 0.749265 0.247712 0.025000 0.043137
4 0.786765 0.192157 0.020588 0.033987
2 0.807721 0.213072 0.006618 0.020915
10 0.807353 0.218954 0.007353 0.027451
4 0.783088 0.164706 0.017647 0.026144
4 0.789706 0.132026 0.016176 0.023529
4 0.834191 0.120915 0.012500 0.019608
4 0.773897 0.094771 0.012500 0.019608
4 0.757721 0.142484 0.016912 0.028758
4 0.732353 0.196732 0.020588 0.032680
4 0.636765 0.292157 0.033824 0.053595
4 0.574632 0.378431 0.063971 0.048366
4 0.476838 0.381046 0.071324 0.064052
5 0.351103 0.361438 0.059559 0.064052
6 0.316544 0.392157 0.087500 0.078431
4 0.315809 0.284967 0.047794 0.036601
6 0.398529 0.286928 0.091176 0.064052
4 0.275735 0.616993 0.083824 0.109804
4 0.341176 0.539216 0.067647 0.087582
4 0.241912 0.517647 0.067647 0.073203
4 0.272794 0.475817 0.076471 0.054902
5 0.059191 0.486275 0.100735 0.104575
4 0.131985 0.603268 0.086029 0.090196
4 0.080515 0.650327 0.090441 0.095425
4 0.062500 0.890850 0.125000 0.163399
4 0.034559 0.743137 0.069118 0.108497
2 0.496324 0.440523 0.010294 0.028758
7 0.496691 0.455556 0.015441 0.045752
2 0.545588 0.451634 0.011765 0.032680
2 0.547426 0.439869 0.009559 0.027451
7 0.550735 0.456863 0.026471 0.048366
5 0.513971 0.317647 0.048529 0.052288
4 0.550368 0.272549 0.033088 0.043137
4 0.575000 0.243791 0.027941 0.037908
4 0.606250 0.198693 0.021324 0.031373
4 0.623529 0.183007 0.022059 0.031373
4 0.637500 0.164052 0.020588 0.035294
4 0.658456 0.137908 0.016912 0.022222
5 0.692647 0.091503 0.013235 0.026144
4 0.711765 0.066667 0.011765 0.020915
1 0.147426 0.461438 0.012500 0.047059
2 0.351103 0.583007 0.009559 0.031373
2 0.354779 0.573203 0.011029 0.032680
2 0.364706 0.576471 0.010294 0.031373
2 0.356618 0.584314 0.005882 0.026144
7 0.356985 0.598039 0.033088 0.066667
2 0.540809 0.330065 0.011029 0.030065
10 0.541176 0.341176 0.013235 0.028758
4 0.730882 0.042484 0.010294 0.016993
1 0.464338 0.353595 0.008088 0.030065
2 0.681985 0.195425 0.005147 0.022222
10 0.681618 0.199346 0.007353 0.019608
2 0.698529 0.189542 0.005882 0.020915
10 0.698529 0.194771 0.007353 0.023529
2 0.816912 0.120261 0.005882 0.013072
10 0.816544 0.124837 0.005147 0.016993
4 0.948162 0.047712 0.011029 0.014379
4 0.966912 0.062745 0.010294 0.015686
4 0.962868 0.049020 0.011029 0.014379
4 0.966544 0.052941 0.018382 0.014379
