1 0.301471 0.936601 0.005882 0.027451
1 0.442647 0.896732 0.007353 0.026144
5 0.355147 0.845098 0.013235 0.037908
5 0.276103 0.883660 0.055147 0.049673
4 0.293015 0.841830 0.041912 0.041830
6 0.348529 0.751634 0.020588 0.047059
4 0.534191 0.765359 0.031618 0.030065
4 0.572794 0.769935 0.029412 0.031373
1 0.564338 0.726144 0.003676 0.022222
4 0.465809 0.664706 0.012500 0.024837
10 0.540074 0.650327 0.009559 0.014379
1 0.501838 0.639216 0.002206 0.015686
1 0.497426 0.638562 0.003676 0.019608
4 0.495221 0.618301 0.025735 0.018301
4 0.493015 0.597386 0.024265 0.018301
4 0.494118 0.610458 0.022059 0.015686
4 0.529412 0.583007 0.022059 0.015686
4 0.513971 0.573203 0.022059 0.016993
10 0.381618 0.721569 0.005882 0.018301
4 0.405147 0.676471 0.011765 0.024837
4 0.372059 0.669281 0.014706 0.020915
4 0.380147 0.623529 0.010294 0.020915
4 0.376471 0.578431 0.023529 0.016993
8 0.370221 0.587582 0.015441 0.009150
1 0.390809 0.577124 0.002206 0.019608
1 0.408088 0.571895 0.002941 0.016993
4 0.398529 0.566013 0.008824 0.018301
1 0.453676 0.567320 0.002941 0.015686
4 0.465074 0.532680 0.006618 0.019608
0 0.390809 0.533333 0.027206 0.026144
4 0.407353 0.527451 0.008824 0.014379
1 0.412868 0.532680 0.003676 0.014379
5 0.411029 0.516340 0.007353 0.018301
4 0.398529 0.511765 0.017647 0.011765
5 0.424632 0.493464 0.011029 0.014379
4 0.445588 0.503268 0.008824 0.015686
0 0.463235 0.511111 0.007353 0.013072
0 0.401471 0.475163 0.011765 0.032680
4 0.407353 0.493464 0.016176 0.011765
0 0.488603 0.550980 0.018382 0.019608
0 0.512132 0.486928 0.013971 0.019608
4 0.492647 0.468627 0.014706 0.009150
4 0.507353 0.468627 0.008824 0.011765
0 0.493015 0.445752 0.008088 0.013072
4 0.463235 0.492157 0.008824 0.011765
0 0.416912 0.362745 0.014706 0.050980
4 0.422426 0.416340 0.005147 0.006536
4 0.433456 0.414379 0.005147 0.007843
4 0.445588 0.420261 0.005882 0.009150
4 0.445588 0.414379 0.004412 0.007843
4 0.452941 0.413072 0.004412 0.007843
4 0.456250 0.430065 0.005147 0.007843
4 0.425000 0.435294 0.005882 0.010458
4 0.419485 0.444444 0.011029 0.010458
4 0.419118 0.460131 0.005882 0.010458
4 0.463603 0.472549 0.006618 0.011765
1 0.417647 0.480392 0.002941 0.009150
1 0.422426 0.505229 0.002206 0.011765
1 0.426103 0.459477 0.002206 0.011765
0 0.434191 0.341830 0.013971 0.027451
0 0.443015 0.367974 0.013971 0.019608
4 0.440809 0.396732 0.003676 0.003922
4 0.433824 0.400654 0.004412 0.006536
4 0.429779 0.375817 0.003676 0.006536
4 0.429044 0.367974 0.003676 0.003922
5 0.433088 0.392810 0.002941 0.009150
5 0.450368 0.390196 0.003676 0.009150
4 0.480515 0.446405 0.011029 0.009150
4 0.480515 0.432680 0.008088 0.005229
1 0.477941 0.460131 0.001471 0.010458
1 0.475735 0.460131 0.001471 0.007843
1 0.499632 0.458824 0.002206 0.007843
1 0.496691 0.459477 0.002206 0.009150
1 0.484559 0.461438 0.002941 0.010458
