4 0.022917 0.875000 0.045833 0.164815
2 0.011719 0.958333 0.023438 0.083333
1 0.096354 0.648148 0.012500 0.077778
4 0.535937 0.916204 0.087500 0.160185
4 0.555729 0.715741 0.065625 0.100000
2 0.861979 0.957870 0.034375 0.084259
4 0.920573 0.683796 0.105729 0.071296
0 0.846615 0.587963 0.218229 0.092593
0 0.665365 0.511111 0.144271 0.138889
0 0.586458 0.447685 0.012500 0.026852
0 0.488802 0.370370 0.133854 0.200000
0 0.654687 0.398611 0.194792 0.071296
1 0.758073 0.458796 0.007812 0.036111
1 0.797917 0.477778 0.008333 0.033333
0 0.342187 0.350000 0.160417 0.144444
1 0.115104 0.639815 0.018750 0.075926
1 0.118490 0.639815 0.013021 0.074074
1 0.126562 0.629630 0.010417 0.066667
1 0.102344 0.612500 0.019271 0.067593
1 0.157552 0.560185 0.013021 0.055556
1 0.142187 0.560185 0.013542 0.061111
1 0.134896 0.550926 0.014583 0.061111
1 0.140625 0.511574 0.007292 0.043519
1 0.131250 0.513426 0.007292 0.043519
1 0.125521 0.510648 0.007292 0.047222
3 0.115365 0.513889 0.028646 0.027778
2 0.182292 0.600000 0.016667 0.053704
3 0.182552 0.618519 0.020313 0.044444
2 0.302604 0.608333 0.015625 0.051852
2 0.179427 0.505093 0.010937 0.045370
2 0.158073 0.500926 0.010937 0.037037
1 0.246615 0.444444 0.008854 0.033333
1 0.182292 0.486574 0.010417 0.041667
3 0.180208 0.517130 0.017708 0.028704
3 0.158333 0.514815 0.010417 0.029630
10 0.304948 0.620370 0.029687 0.044444
2 0.828906 0.686111 0.019271 0.061111
3 0.850521 0.647222 0.033333 0.029630
2 0.710156 0.615278 0.017188 0.060185
1 0.565104 0.450463 0.007292 0.025000
5 0.570833 0.481944 0.031250 0.041667
4 0.674219 0.606481 0.063021 0.050000
2 0.634115 0.642593 0.017188 0.048148
2 0.637760 0.605093 0.017188 0.047222
2 0.539323 0.579630 0.010937 0.042593
2 0.545052 0.531481 0.010937 0.042593
10 0.826302 0.702315 0.046354 0.058333
10 0.676562 0.691667 0.041667 0.055556
2 0.664844 0.675926 0.019271 0.057407
2 0.677083 0.681019 0.018750 0.058333
3 0.707031 0.629630 0.032813 0.035185
3 0.631771 0.658796 0.018750 0.054630
7 0.637500 0.617130 0.035417 0.039815
1 0.554427 0.581019 0.011979 0.058333
4 0.571094 0.566204 0.041146 0.056481
4 0.566146 0.528704 0.034375 0.046296
4 0.536198 0.487037 0.027604 0.033333
4 0.401562 0.586574 0.042708 0.069444
4 0.459896 0.588889 0.036458 0.059259
4 0.508333 0.573148 0.042708 0.062963
4 0.509635 0.531019 0.061979 0.041667
3 0.478646 0.478241 0.007292 0.013889
4 0.444531 0.544907 0.035937 0.050926
4 0.424740 0.508796 0.066146 0.041667
4 0.390625 0.487500 0.026042 0.041667
4 0.396354 0.469907 0.023958 0.036111
4 0.396354 0.450000 0.019792 0.024074
4 0.399219 0.437500 0.020313 0.023148
4 0.401562 0.429630 0.020833 0.014815
4 0.369531 0.443056 0.020313 0.034259
4 0.332031 0.462037 0.023438 0.035185
2 0.346615 0.443519 0.006771 0.024074
3 0.346875 0.456019 0.005208 0.019444
4 0.282813 0.443519 0.021875 0.033333
0 0.213021 0.434722 0.050000 0.062037
