1 0.751103 0.648366 0.022794 0.120261
1 0.763971 0.692810 0.022059 0.099346
1 0.804779 0.674510 0.021324 0.078431
1 0.851103 0.831373 0.046324 0.115033
1 0.861397 0.918301 0.033088 0.124183
1 0.904779 0.778431 0.034559 0.111111
1 0.929779 0.704575 0.022794 0.088889
1 0.921691 0.658824 0.030147 0.088889
1 0.943015 0.692810 0.019853 0.104575
2 0.820588 0.586928 0.019118 0.070588
1 0.952941 0.379739 0.019118 0.087582
1 0.893750 0.383660 0.018382 0.079739
1 0.667279 0.479739 0.013971 0.086275
3 0.668750 0.486928 0.058088 0.058824
1 0.735294 0.446405 0.014706 0.087582
1 0.745221 0.445098 0.012500 0.077124
1 0.768750 0.501307 0.013971 0.082353
1 0.783088 0.510458 0.014706 0.058824
1 0.785294 0.469935 0.014706 0.040523
1 0.802941 0.481699 0.026471 0.092810
1 0.816544 0.485621 0.013971 0.066667
0 0.956618 0.291503 0.070588 0.083660
1 0.694485 0.365359 0.015441 0.084967
1 0.747059 0.249020 0.011765 0.064052
1 0.841912 0.284314 0.020588 0.069281
1 0.834559 0.278431 0.013235 0.073203
1 0.864706 0.249673 0.011765 0.065359
1 0.855147 0.245098 0.010294 0.058824
1 0.836765 0.228105 0.014706 0.056209
0 0.972426 0.210458 0.055147 0.070588
2 0.893382 0.266667 0.023529 0.047059
1 0.801103 0.219608 0.012500 0.078431
1 0.820956 0.233333 0.013971 0.050980
1 0.811029 0.221569 0.010294 0.050980
1 0.394485 0.874510 0.027206 0.125490
1 0.297059 0.894771 0.022059 0.095425
1 0.354779 0.824183 0.027206 0.126797
1 0.344853 0.728105 0.026471 0.083660
1 0.405515 0.658170 0.030147 0.121569
1 0.434191 0.626797 0.033088 0.113725
1 0.541176 0.496078 0.016176 0.082353
1 0.529779 0.479739 0.015441 0.088889
1 0.476103 0.468627 0.019853 0.100654
1 0.402206 0.498693 0.022059 0.087582
1 0.418750 0.502614 0.008088 0.064052
3 0.437500 0.484314 0.023529 0.045752
1 0.403676 0.436601 0.017647 0.047059
1 0.476838 0.382353 0.016912 0.074510
1 0.269118 0.875817 0.020588 0.120261
1 0.267647 0.675817 0.032353 0.096732
1 0.036397 0.857516 0.044853 0.133333
1 0.073162 0.864706 0.036029 0.139869
1 0.104412 0.862745 0.027941 0.141176
1 0.133824 0.823529 0.038235 0.125490
1 0.175000 0.764706 0.035294 0.120261
1 0.075368 0.736601 0.038971 0.087582
1 0.118750 0.725490 0.036029 0.078431
1 0.096324 0.684967 0.035294 0.060131
1 0.130515 0.690850 0.028676 0.105882
1 0.127206 0.634641 0.030882 0.027451
1 0.109191 0.624837 0.018382 0.052288
1 0.165074 0.676471 0.012500 0.061438
1 0.178309 0.687582 0.025735 0.099346
1 0.085294 0.540523 0.032353 0.064052
1 0.134926 0.593464 0.021324 0.078431
1 0.156985 0.581699 0.021324 0.104575
1 0.203309 0.554248 0.044853 0.101961
2 0.236397 0.463399 0.024265 0.082353
10 0.237500 0.492810 0.055882 0.067974
1 0.022426 0.326144 0.021324 0.082353
1 0.103676 0.347712 0.020588 0.086275
1 0.112868 0.342484 0.021324 0.073203
1 0.162132 0.346405 0.018382 0.062745
1 0.163971 0.316993 0.013235 0.074510
1 0.159559 0.331373 0.011765 0.061438
1 0.280515 0.338562 0.022794 0.083660
1 0.243750 0.339869 0.019853 0.081046
1 0.393382 0.384314 0.014706 0.073203
1 0.516544 0.334641 0.019853 0.078431
3 0.512132 0.354248 0.040441 0.039216
1 0.530147 0.296732 0.020588 0.060131
3 0.537868 0.318301 0.025735 0.043137
1 0.599632 0.299346 0.009559 0.083660
1 0.623529 0.318954 0.019118 0.078431
1 0.613971 0.306536 0.010294 0.077124
1 0.120588 0.233987 0.022059 0.065359
1 0.157353 0.254248 0.011765 0.064052
1 0.147426 0.275817 0.018382 0.067974
1 0.677574 0.330719 0.018382 0.062745
1 0.661029 0.324183 0.019118 0.073203
1 0.647059 0.264052 0.011765 0.073203
1 0.664706 0.267320 0.013235 0.064052
0 0.678309 0.189542 0.040441 0.088889
1 0.644485 0.190850 0.009559 0.057516
1 0.633824 0.172549 0.008824 0.052288
1 0.647426 0.162745 0.009559 0.035294
1 0.564706 0.125490 0.008824 0.036601
1 0.582721 0.132026 0.006618 0.044444
1 0.595221 0.150980 0.008088 0.030065
1 0.604412 0.141830 0.010294 0.050980
1 0.550000 0.091503 0.010294 0.047059
1 0.573162 0.100654 0.009559 0.047059
1 0.439338 0.043791 0.005147 0.037908
1 0.461029 0.057516 0.010294 0.036601
1 0.468382 0.060784 0.005882 0.043137
1 0.543382 0.254902 0.014706 0.067974
2 0.538235 0.211111 0.011765 0.043137
2 0.550368 0.209150 0.009559 0.036601
2 0.568382 0.222876 0.014706 0.035294
3 0.608088 0.224837 0.032353 0.041830
1 0.005515 0.158824 0.011029 0.032680
1 0.039706 0.158170 0.016176 0.062745
1 0.035294 0.176471 0.011765 0.031373
2 0.059191 0.146405 0.015441 0.047059
0 0.091176 0.143137 0.030882 0.043137
2 0.071324 0.147059 0.010294 0.048366
2 0.112132 0.142484 0.011029 0.041830
0 0.165441 0.144444 0.092647 0.050980
1 0.193015 0.188235 0.016912 0.065359
2 0.216912 0.147059 0.008824 0.035294
1 0.020221 0.050327 0.012500 0.045752
0 0.061765 0.033987 0.041176 0.047059
1 0.208824 0.048366 0.011765 0.047059
1 0.188235 0.052288 0.013235 0.049673
1 0.227941 0.019608 0.007353 0.028758
1 0.218382 0.033987 0.007353 0.041830
1 0.268750 0.036601 0.009559 0.041830
1 0.261765 0.027451 0.005882 0.044444
1 0.080515 0.226144 0.013971 0.054902
1 0.208456 0.241830 0.013971 0.067974
1 0.215441 0.198693 0.011765 0.031373
1 0.216912 0.218954 0.010294 0.045752
1 0.223897 0.262745 0.016912 0.067974
1 0.256618 0.284967 0.014706 0.075817
1 0.243750 0.256863 0.013971 0.069281
1 0.232353 0.246405 0.013235 0.066667
1 0.266544 0.235294 0.013971 0.067974
0 0.286397 0.218954 0.024265 0.069281
1 0.336029 0.255556 0.010294 0.069281
1 0.325735 0.235294 0.011765 0.067974
2 0.312132 0.207190 0.015441 0.050980
1 0.359559 0.319608 0.010294 0.087582
1 0.373162 0.274510 0.011029 0.073203
1 0.365809 0.271242 0.006618 0.069281
1 0.405882 0.265359 0.013235 0.070588
1 0.430882 0.279085 0.013235 0.071895
1 0.442279 0.294771 0.011029 0.069281
1 0.454779 0.295425 0.015441 0.073203
1 0.468750 0.298693 0.012500 0.058824
1 0.390074 0.245098 0.012500 0.066667
0 0.238235 0.146405 0.029412 0.039216
1 0.261397 0.168627 0.011029 0.060131
1 0.272426 0.167974 0.009559 0.050980
1 0.250368 0.200000 0.012500 0.057516
1 0.237500 0.196732 0.011765 0.056209
1 0.354779 0.247059 0.009559 0.057516
1 0.460294 0.232680 0.007353 0.062745
1 0.413603 0.232026 0.009559 0.069281
1 0.339706 0.179739 0.008824 0.064052
0 0.306250 0.157516 0.055147 0.040523
1 0.353676 0.188889 0.011765 0.053595
2 0.347426 0.158824 0.008088 0.037908
0 0.491912 0.195425 0.077941 0.064052
1 0.380147 0.217647 0.010294 0.066667
1 0.404779 0.197386 0.012500 0.057516
0 0.429044 0.166013 0.031618 0.033987
1 0.435662 0.200000 0.008088 0.044444
1 0.482721 0.252288 0.012500 0.047059
1 0.495588 0.249020 0.013235 0.045752
0 0.297426 0.034641 0.031618 0.043137
4 0.683088 0.151634 0.073529 0.083660
