4 0.387500 0.894444 0.050000 0.096296
4 0.391146 0.780556 0.038542 0.087037
2 0.440625 0.831481 0.020833 0.051852
2 0.440104 0.755556 0.019792 0.051852
2 0.488021 0.774074 0.019792 0.051852
2 0.486979 0.771296 0.011458 0.035185
2 0.494271 0.975926 0.019792 0.040741
10 0.438542 0.848148 0.016667 0.048148
10 0.486979 0.782407 0.017708 0.057407
10 0.442708 0.759259 0.016667 0.048148
2 0.480729 0.669444 0.011458 0.024074
7 0.479687 0.690741 0.028125 0.055556
7 0.440104 0.587037 0.028125 0.059259
2 0.439583 0.573148 0.010417 0.027778
1 0.350521 0.675926 0.013542 0.048148
1 0.340104 0.664815 0.009375 0.048148
2 0.343229 0.657407 0.007292 0.025926
2 0.779687 0.619444 0.013542 0.027778
8 0.776563 0.620370 0.040625 0.055556
2 0.783333 0.659259 0.012500 0.029630
2 0.774479 0.658333 0.013542 0.031481
10 0.776563 0.677778 0.038542 0.044444
8 0.824479 0.649074 0.046875 0.064815
2 0.834375 0.645370 0.012500 0.031481
2 0.808333 0.610185 0.008333 0.024074
2 0.818229 0.612037 0.007292 0.024074
8 0.817187 0.612963 0.030208 0.044444
4 0.775000 0.550926 0.066667 0.053704
6 0.828125 0.529630 0.083333 0.062963
4 0.730208 0.528704 0.058333 0.042593
4 0.654167 0.546296 0.064583 0.037037
4 0.650521 0.518519 0.055208 0.037037
2 0.686458 0.501852 0.008333 0.033333
2 0.748958 0.507407 0.010417 0.025926
2 0.755729 0.510185 0.007292 0.016667
10 0.748958 0.514815 0.020833 0.022222
3 0.684896 0.510185 0.023958 0.027778
2 0.317188 0.569444 0.013542 0.031481
2 0.296354 0.571296 0.013542 0.031481
2 0.330729 0.488889 0.009375 0.029630
2 0.543750 0.539815 0.012500 0.031481
2 0.551562 0.543519 0.007292 0.027778
2 0.496875 0.532407 0.012500 0.031481
2 0.420312 0.559259 0.007292 0.029630
0 0.402604 0.331481 0.063542 0.307407
1 0.275521 0.486111 0.011458 0.038889
1 0.227083 0.425926 0.010417 0.033333
4 0.826042 0.449074 0.027083 0.042593
4 0.778646 0.444444 0.023958 0.040741
5 0.716667 0.450000 0.043750 0.040741
4 0.741146 0.434259 0.026042 0.053704
4 0.676562 0.434259 0.023958 0.038889
1 0.667708 0.453704 0.010417 0.029630
10 0.656771 0.473148 0.017708 0.027778
1 0.595833 0.446296 0.006250 0.029630
0 0.301042 0.321296 0.135417 0.287037
2 0.464583 0.538889 0.008333 0.029630
2 0.459375 0.534259 0.008333 0.027778
0 0.476042 0.274074 0.081250 0.188889
0 0.550521 0.302778 0.063542 0.083333
4 0.642188 0.428704 0.019792 0.042593
4 0.614062 0.431481 0.019792 0.040741
4 0.588021 0.431481 0.019792 0.040741
4 0.642708 0.385185 0.033333 0.022222
4 0.651563 0.406481 0.042708 0.027778
4 0.528125 0.423148 0.018750 0.038889
4 0.560937 0.425926 0.017708 0.037037
4 0.617188 0.382407 0.030208 0.027778
4 0.599479 0.379630 0.026042 0.025926
4 0.584896 0.374074 0.026042 0.025926
4 0.545312 0.365741 0.026042 0.027778
4 0.532813 0.362963 0.026042 0.025926
6 0.564583 0.363889 0.037500 0.031481
5 0.500000 0.416667 0.033333 0.037037
5 0.490625 0.407407 0.033333 0.037037
5 0.482292 0.397222 0.033333 0.035185
4 0.469271 0.390741 0.030208 0.025926
4 0.460417 0.384259 0.027083 0.024074
1 0.559896 0.445370 0.009375 0.031481
1 0.573958 0.438889 0.008333 0.029630
1 0.590625 0.443519 0.008333 0.035185
10 0.507812 0.452778 0.013542 0.024074
10 0.458854 0.544444 0.019792 0.029630
10 0.494792 0.540741 0.027083 0.029630
10 0.544271 0.552778 0.023958 0.027778
2 0.580729 0.536111 0.009375 0.035185
2 0.586458 0.538889 0.008333 0.029630
10 0.583333 0.543519 0.025000 0.031481
8 0.586458 0.504630 0.033333 0.038889
2 0.581250 0.505556 0.010417 0.033333
4 0.399479 0.557407 0.057292 0.055556
10 0.294792 0.578704 0.014583 0.027778
10 0.318229 0.582407 0.009375 0.031481
10 0.333854 0.492593 0.019792 0.025926
10 0.423438 0.572222 0.015625 0.022222
