4 0.422396 0.883796 0.028125 0.067593
4 0.388542 0.884259 0.026042 0.072222
4 0.335156 0.486111 0.011979 0.025926
4 0.391667 0.822222 0.025000 0.059259
4 0.509635 0.966667 0.029687 0.066667
4 0.613802 0.947685 0.044271 0.073148
4 0.663802 0.841667 0.035937 0.059259
4 0.491927 0.821296 0.022396 0.051852
4 0.361979 0.787037 0.020833 0.053704
0 0.279167 0.745370 0.035417 0.064815
0 0.249219 0.812500 0.033854 0.052778
1 0.176042 0.894444 0.007292 0.037037
4 0.715365 0.897685 0.038021 0.063889
4 0.691927 0.837963 0.031771 0.048148
4 0.673698 0.793981 0.031771 0.039815
4 0.658594 0.756481 0.027604 0.038889
4 0.642448 0.719444 0.025521 0.037037
4 0.579427 0.711574 0.023438 0.036111
4 0.607292 0.704167 0.027083 0.037963
4 0.508073 0.660185 0.020313 0.029630
5 0.877865 0.790741 0.029687 0.055556
4 0.863542 0.753241 0.051042 0.034259
4 0.899219 0.981019 0.045312 0.036111
4 0.860938 0.922222 0.062500 0.050000
4 0.880729 0.960185 0.068750 0.050000
4 0.844531 0.893519 0.057813 0.046296
4 0.829948 0.862963 0.059896 0.048148
4 0.813542 0.837500 0.050000 0.036111
4 0.787760 0.792130 0.054688 0.036111
4 0.775260 0.769907 0.051562 0.036111
4 0.765885 0.750926 0.050521 0.035185
4 0.748698 0.728704 0.049479 0.035185
4 0.743229 0.711111 0.040625 0.025926
4 0.733854 0.695833 0.039583 0.026852
4 0.708333 0.664815 0.034375 0.022222
4 0.704167 0.651852 0.042708 0.029630
4 0.685937 0.630556 0.029167 0.024074
4 0.679948 0.616204 0.034896 0.026852
5 0.703906 0.540278 0.027604 0.034259
4 0.656771 0.544907 0.023958 0.021296
4 0.677604 0.544907 0.021875 0.021296
4 0.636979 0.544444 0.020833 0.024074
4 0.637240 0.522685 0.027604 0.017593
4 0.646615 0.512037 0.028646 0.016667
4 0.634896 0.507870 0.023958 0.017593
4 0.624479 0.503704 0.028125 0.020370
4 0.616667 0.491667 0.020833 0.016667
0 0.061719 0.945833 0.118229 0.104630
0 0.135417 0.897685 0.044792 0.056481
0 0.210938 0.887963 0.030208 0.040741
1 0.135937 0.956019 0.010417 0.039815
1 0.126823 0.956019 0.008854 0.037963
10 0.415885 0.968056 0.024479 0.026852
2 0.416927 0.959722 0.008854 0.030556
0 0.582552 0.452778 0.036979 0.038889
3 0.626042 0.638889 0.006250 0.018519
4 0.599740 0.630093 0.021354 0.030556
4 0.590625 0.607870 0.020833 0.026852
4 0.577604 0.583796 0.019792 0.026852
4 0.501302 0.568056 0.016146 0.023148
4 0.470313 0.530556 0.013542 0.020370
9 0.492708 0.501852 0.028125 0.051852
0 0.216927 0.254167 0.027604 0.026852
2 0.355990 0.508333 0.003646 0.012963
3 0.349740 0.502315 0.003646 0.010185
2 0.350000 0.495833 0.004167 0.012037
3 0.355469 0.512963 0.003646 0.012963
4 0.447917 0.489352 0.014583 0.021296
4 0.437500 0.477315 0.011458 0.015741
4 0.453385 0.467593 0.014063 0.018519
4 0.466927 0.464815 0.013021 0.016667
4 0.435417 0.447222 0.012500 0.014815
4 0.493750 0.463426 0.014583 0.017593
4 0.502865 0.474074 0.014063 0.016667
4 0.511458 0.483796 0.013542 0.015741
5 0.453646 0.421759 0.014583 0.015741
4 0.519531 0.495370 0.015104 0.016667
4 0.462500 0.429630 0.012500 0.014815
4 0.445573 0.415741 0.010937 0.012963
4 0.439323 0.408333 0.010937 0.012963
4 0.432292 0.402315 0.010417 0.012037
4 0.424219 0.397222 0.011979 0.012963
4 0.428646 0.422222 0.010417 0.012963
4 0.419271 0.431944 0.009375 0.012037
4 0.406510 0.430556 0.010937 0.014815
4 0.406771 0.412500 0.010417 0.012037
4 0.401302 0.421296 0.010937 0.012963
4 0.392188 0.413426 0.011458 0.012037
4 0.381771 0.401389 0.010417 0.013889
4 0.390885 0.399537 0.009896 0.010185
4 0.390885 0.387037 0.010937 0.012963
4 0.369531 0.390741 0.009896 0.011111
4 0.375260 0.384722 0.009896 0.012037
4 0.373437 0.373148 0.009375 0.009259
4 0.357292 0.378704 0.009375 0.011111
9 0.355990 0.363426 0.019271 0.023148
4 0.376823 0.347685 0.013021 0.008333
4 0.343490 0.344444 0.013021 0.007407
4 0.332031 0.359722 0.009896 0.010185
4 0.337500 0.357407 0.008333 0.009259
4 0.345313 0.354630 0.008333 0.009259
4 0.321615 0.352315 0.009896 0.010185
4 0.317188 0.343519 0.009375 0.009259
4 0.559375 0.508796 0.023958 0.015741
4 0.553385 0.499537 0.023438 0.013889
4 0.551042 0.488889 0.016667 0.016667
4 0.576823 0.482870 0.011979 0.017593
4 0.562240 0.478704 0.013021 0.016667
4 0.533594 0.479167 0.016146 0.017593
4 0.552083 0.467593 0.014583 0.016667
4 0.515365 0.469907 0.011979 0.013889
4 0.499740 0.453241 0.014063 0.012037
4 0.508333 0.460185 0.011458 0.012963
5 0.523438 0.443056 0.016667 0.015741
0 0.550521 0.448148 0.035417 0.020370
9 0.126562 0.397222 0.014583 0.031481
9 0.143229 0.417593 0.012500 0.033333
9 0.140625 0.398148 0.011458 0.024074
9 0.110677 0.417130 0.013021 0.032407
9 0.110677 0.400926 0.011979 0.022222
9 0.115885 0.369907 0.010937 0.026852
9 0.073438 0.402315 0.012500 0.028704
9 0.009896 0.434722 0.019792 0.041667
0 0.063281 0.369444 0.021354 0.018519
0 0.098958 0.358796 0.026042 0.012037
9 0.101302 0.369444 0.011979 0.022222
0 0.148177 0.362963 0.014063 0.014815
9 0.070833 0.469444 0.067708 0.044444
0 0.271875 0.803241 0.027083 0.034259
3 0.291406 0.792593 0.006771 0.025926
3 0.252604 0.850926 0.018750 0.020370
3 0.236198 0.875000 0.019271 0.018519
3 0.235677 0.865741 0.015104 0.018519
3 0.189062 0.912037 0.019792 0.025926
3 0.173958 0.925926 0.019792 0.031481
3 0.182031 0.924074 0.013021 0.029630
3 0.217188 0.796296 0.017708 0.024074
3 0.223438 0.779630 0.017708 0.020370
3 0.139323 0.937037 0.008854 0.038889
5 0.229427 0.321759 0.010937 0.010185
5 0.266406 0.275000 0.007812 0.007407
0 0.427344 0.356019 0.019271 0.023148
4 0.412500 0.366667 0.009375 0.011111
4 0.470313 0.406944 0.011458 0.015741
4 0.480990 0.415278 0.010937 0.013889
