0 0.553676 0.158170 0.276471 0.159477
1 0.161765 0.307190 0.020588 0.083660
1 0.288235 0.302614 0.019118 0.066667
1 0.275368 0.307843 0.011029 0.053595
1 0.273529 0.292157 0.011765 0.061438
1 0.405147 0.201961 0.016176 0.064052
3 0.372426 0.188235 0.013971 0.044444
5 0.507353 0.650980 0.157353 0.222222
10 0.541544 0.796078 0.075735 0.091503
2 0.546324 0.775163 0.029412 0.122876
4 0.776471 0.818301 0.157353 0.214379
4 0.863603 0.452288 0.106618 0.133333
4 0.632721 0.315686 0.111029 0.090196
10 0.727941 0.287582 0.042647 0.041830
2 0.729779 0.275817 0.011029 0.049673
2 0.740809 0.264052 0.009559 0.044444
1 0.627574 0.266667 0.013971 0.057516
1 0.498897 0.273856 0.013971 0.066667
1 0.500735 0.268627 0.008824 0.061438
1 0.734926 0.224183 0.011029 0.053595
10 0.702206 0.215033 0.017647 0.035294
1 0.727206 0.213725 0.008824 0.040523
4 0.765074 0.192810 0.063971 0.071895
4 0.743750 0.156863 0.063971 0.060131
5 0.253676 0.128105 0.050000 0.062745
1 0.262500 0.080392 0.013235 0.045752
2 0.331250 0.116340 0.013971 0.031373
1 0.336397 0.054902 0.008088 0.033987
1 0.397059 0.069281 0.008824 0.036601
1 0.368750 0.060131 0.011029 0.041830
1 0.413235 0.125490 0.010294 0.047059
5 0.941176 0.263399 0.075000 0.077124
4 0.974632 0.345098 0.050735 0.101961
