4 0.508073 0.754167 0.044271 0.075000
6 0.440104 0.745370 0.033333 0.075926
4 0.448958 0.648611 0.020833 0.034259
4 0.325260 0.741204 0.040104 0.067593
4 0.296354 0.685185 0.036458 0.038889
4 0.511719 0.666204 0.031771 0.032407
4 0.598958 0.694907 0.038542 0.043519
4 0.777865 0.915741 0.111979 0.131481
4 0.709115 0.827315 0.063021 0.080556
8 0.226042 0.873611 0.045833 0.125000
5 0.033333 0.740741 0.066667 0.070370
4 0.113542 0.709259 0.082292 0.044444
4 0.233594 0.697685 0.043229 0.045370
4 0.225000 0.643056 0.022917 0.032407
10 0.117969 0.960185 0.028646 0.079630
4 0.032813 0.872685 0.065625 0.102778
2 0.119531 0.931481 0.030729 0.087037
3 0.226042 0.765741 0.013542 0.038889
2 0.226302 0.748148 0.011979 0.050000
1 0.373698 0.625463 0.004687 0.017593
10 0.373437 0.631019 0.004167 0.015741
0 0.188281 0.683333 0.020313 0.044444
1 0.206771 0.718981 0.012500 0.043519
4 0.144792 0.700463 0.057292 0.041667
4 0.256510 0.625463 0.032813 0.023148
1 0.265365 0.631944 0.004687 0.021296
4 0.282813 0.621759 0.025000 0.023148
5 0.369531 0.612963 0.017188 0.022222
2 0.323958 0.658796 0.005208 0.026852
3 0.324479 0.670833 0.006250 0.025000
7 0.356510 0.671296 0.015104 0.029630
0 0.337760 0.605556 0.029687 0.025926
0 0.435156 0.552315 0.018229 0.025000
0 0.470052 0.562963 0.016146 0.024074
4 0.451562 0.606019 0.013542 0.021296
4 0.487760 0.593056 0.010937 0.013889
4 0.473438 0.619444 0.014583 0.020370
4 0.520833 0.641204 0.020833 0.026852
4 0.510417 0.633796 0.016667 0.023148
4 0.499479 0.609259 0.012500 0.016667
5 0.505990 0.623148 0.015104 0.025926
10 0.482031 0.647685 0.006771 0.019444
4 0.456250 0.574074 0.007292 0.014815
4 0.578125 0.677778 0.028125 0.033333
4 0.537240 0.626389 0.014063 0.019444
4 0.955469 0.870833 0.089063 0.082407
4 0.918750 0.840741 0.136458 0.074074
4 0.865104 0.793981 0.110417 0.097222
4 0.779948 0.732870 0.091146 0.054630
4 0.598698 0.637500 0.033854 0.025000
4 0.590885 0.623611 0.033854 0.025000
1 0.652604 0.698611 0.007292 0.043519
1 0.645833 0.698611 0.007292 0.043519
2 0.696875 0.764815 0.010417 0.040741
10 0.698698 0.782870 0.017188 0.037963
2 0.667969 0.875000 0.020313 0.064815
10 0.666667 0.897685 0.026042 0.069444
2 0.696094 0.979630 0.031771 0.040741
4 0.552344 0.599537 0.033854 0.025000
4 0.537760 0.592130 0.033854 0.025000
10 0.496354 0.681019 0.007292 0.025000
10 0.492188 0.637500 0.006250 0.017593
10 0.423177 0.601852 0.008854 0.009259
10 0.386719 0.624074 0.003646 0.012963
10 0.390625 0.625463 0.003125 0.012037
10 0.389062 0.602315 0.003125 0.012037
10 0.415625 0.593519 0.003125 0.011111
10 0.410677 0.584259 0.002604 0.011111
10 0.421094 0.579630 0.002604 0.007407
4 0.416667 0.582870 0.007292 0.013889
2 0.497396 0.669907 0.007292 0.025000
2 0.491927 0.630093 0.006771 0.015741
2 0.482292 0.638426 0.008333 0.019444
2 0.391406 0.620370 0.004687 0.014815
2 0.386979 0.617593 0.005208 0.014815
2 0.373437 0.623148 0.005208 0.014815
2 0.421875 0.595370 0.003125 0.011111
1 0.437500 0.592130 0.003125 0.013889
2 0.474479 0.607407 0.004167 0.014815
10 0.446615 0.582870 0.002604 0.010185
10 0.438281 0.578704 0.002604 0.007407
10 0.466146 0.584259 0.003125 0.007407
2 0.438281 0.574074 0.001563 0.007407
2 0.446354 0.577778 0.002083 0.007407
2 0.465625 0.580093 0.002083 0.008333
8 0.385156 0.589352 0.009896 0.025000
0 0.398698 0.581944 0.016146 0.021296
8 0.489323 0.586111 0.007812 0.016667
0 0.503906 0.588426 0.007812 0.019444
0 0.371094 0.587500 0.016146 0.021296
10 0.388802 0.650463 0.006771 0.021296
2 0.388542 0.642130 0.006250 0.021296
