5 0.944485 0.949020 0.111029 0.099346
4 0.962868 0.883660 0.074265 0.073203
4 0.966912 0.795425 0.066176 0.095425
4 0.951471 0.724837 0.072059 0.100654
4 0.878309 0.784967 0.087500 0.124183
4 0.783824 0.769281 0.054412 0.113725
5 0.703309 0.750980 0.052206 0.124183
1 0.689706 0.687582 0.014706 0.057516
5 0.622794 0.600000 0.036765 0.086275
10 0.664706 0.599346 0.029412 0.037908
4 0.567279 0.498693 0.031618 0.061438
4 0.492647 0.611765 0.036765 0.081046
4 0.487500 0.473203 0.030882 0.062745
4 0.487868 0.373203 0.025735 0.048366
4 0.475735 0.304575 0.023529 0.044444
4 0.464338 0.259477 0.022794 0.037908
4 0.435294 0.243137 0.020588 0.041830
4 0.495221 0.214379 0.021324 0.031373
4 0.447794 0.138562 0.014706 0.028758
4 0.450735 0.101307 0.014706 0.024837
6 0.451838 0.064706 0.015441 0.037908
6 0.454044 0.027451 0.015441 0.031373
4 0.452941 0.015686 0.010294 0.015686
4 0.469118 0.013725 0.010294 0.016993
6 0.530515 0.274510 0.036029 0.078431
6 0.545221 0.318301 0.033088 0.074510
10 0.570221 0.928105 0.040441 0.049673
2 0.570588 0.928105 0.019118 0.073203
2 0.584926 0.922222 0.012500 0.053595
9 0.490441 0.888889 0.079412 0.222222
4 0.394853 0.816340 0.048529 0.139869
4 0.325735 0.695425 0.047059 0.115033
4 0.420221 0.584967 0.044853 0.111111
4 0.347426 0.555556 0.037500 0.101961
4 0.408824 0.414379 0.033824 0.070588
4 0.377206 0.332026 0.025000 0.039216
1 0.393750 0.354902 0.008088 0.037908
2 0.436029 0.358170 0.008824 0.031373
10 0.435662 0.366667 0.008088 0.032680
4 0.598897 0.373203 0.049265 0.053595
4 0.588235 0.309804 0.052941 0.039216
5 0.505882 0.126144 0.017647 0.040523
4 0.525000 0.118301 0.030882 0.030065
4 0.506985 0.101307 0.013971 0.019608
4 0.527574 0.100000 0.024265 0.022222
4 0.523897 0.088235 0.024265 0.019608
6 0.502941 0.013072 0.022059 0.026144
1 0.482721 0.158824 0.006618 0.024837
4 0.405882 0.167320 0.017647 0.033987
4 0.366176 0.156209 0.039706 0.027451
4 0.377941 0.146405 0.038235 0.026144
4 0.372426 0.135294 0.030147 0.019608
4 0.388603 0.130719 0.033088 0.023529
4 0.395588 0.126144 0.032353 0.024837
4 0.383088 0.115033 0.032353 0.026144
4 0.356618 0.109804 0.033824 0.023529
4 0.384559 0.105882 0.032353 0.018301
5 0.389338 0.098039 0.034559 0.028758
4 0.408088 0.096078 0.027941 0.022222
6 0.396324 0.068627 0.038235 0.032680
4 0.397059 0.077778 0.029412 0.022222
4 0.393382 0.084967 0.030882 0.018301
4 0.336029 0.086275 0.014706 0.023529
9 0.423529 0.042484 0.016176 0.032680
5 0.117647 0.834641 0.075000 0.139869
4 0.025000 0.739216 0.050000 0.124183
4 0.192647 0.595425 0.052941 0.103268
10 0.058088 0.581046 0.033824 0.037908
10 0.101103 0.525490 0.033088 0.039216
10 0.111765 0.505882 0.032353 0.036601
10 0.104779 0.518954 0.025735 0.028758
1 0.142647 0.289542 0.013235 0.035294
1 0.041176 0.321569 0.014706 0.036601
1 0.042647 0.311765 0.011765 0.035294
5 0.069485 0.131373 0.025735 0.035294
4 0.064338 0.086275 0.037500 0.023529
4 0.027206 0.095425 0.022059 0.026144
4 0.029779 0.120915 0.021324 0.030065
4 0.008088 0.148366 0.016176 0.030065
4 0.008824 0.097386 0.017647 0.024837
10 0.984926 0.630719 0.021324 0.043137
2 0.507721 0.303268 0.008088 0.026144
7 0.508824 0.315033 0.010294 0.033987
4 0.401838 0.041176 0.024265 0.016993
4 0.395221 0.030719 0.019853 0.016993
4 0.404044 0.013725 0.021324 0.019608
6 0.428309 0.021569 0.015441 0.027451
1 0.508088 0.232026 0.004412 0.030065
1 0.512500 0.232026 0.004412 0.030065
1 0.509926 0.232680 0.003676 0.031373
1 0.547794 0.262745 0.005882 0.031373
1 0.558824 0.264052 0.005882 0.031373
1 0.564338 0.254902 0.005147 0.023529
1 0.560294 0.245752 0.005882 0.028758
10 0.509191 0.203268 0.009559 0.022222
