4 0.647794 0.930065 0.007353 0.014379
4 0.605147 0.917647 0.005882 0.010458
4 0.602206 0.945098 0.005882 0.015686
4 0.571324 0.765359 0.004412 0.009150
4 0.566176 0.987582 0.007353 0.016993
4 0.576471 0.967320 0.005882 0.015686
4 0.575735 0.989542 0.007353 0.013072
4 0.570588 0.933987 0.005882 0.014379
4 0.569118 0.949673 0.005882 0.014379
4 0.570956 0.858824 0.005147 0.013072
4 0.570221 0.874510 0.005147 0.013072
4 0.563235 0.852288 0.005882 0.013072
4 0.559559 0.864052 0.005882 0.013072
4 0.562868 0.874510 0.005147 0.010458
4 0.555147 0.886275 0.005882 0.010458
4 0.551838 0.867974 0.005147 0.013072
4 0.551103 0.855556 0.005147 0.011765
5 0.558456 0.908497 0.006618 0.018301
4 0.559559 0.925490 0.005882 0.015686
4 0.561397 0.942484 0.005147 0.015686
4 0.555882 0.825490 0.004412 0.014379
4 0.559191 0.792810 0.005147 0.011765
4 0.554044 0.802614 0.005147 0.013072
6 0.547059 0.819608 0.008824 0.031373
6 0.542647 0.788889 0.007353 0.027451
5 0.554044 0.764706 0.003676 0.010458
4 0.549632 0.738562 0.003676 0.007843
4 0.546324 0.761438 0.004412 0.006536
4 0.546324 0.718301 0.004412 0.006536
4 0.540074 0.723529 0.003676 0.006536
4 0.554412 0.705229 0.002941 0.006536
4 0.574265 0.664706 0.002941 0.006536
6 0.561765 0.635294 0.005882 0.015686
4 0.545956 0.667320 0.003676 0.006536
4 0.550000 0.658824 0.002941 0.007843
0 0.540441 0.518954 0.054412 0.214379
0 0.530882 0.668627 0.022059 0.090196
0 0.540809 0.633987 0.012500 0.018301
4 0.567647 0.973203 0.005882 0.019608
4 0.564338 0.958170 0.005147 0.013072
6 0.535662 0.734641 0.008088 0.028758
4 0.537868 0.755556 0.005147 0.015686
4 0.540074 0.768627 0.006618 0.015686
