1 0.127941 0.684314 0.030882 0.082353
1 0.247426 0.722876 0.022794 0.094118
1 0.253676 0.711111 0.014706 0.099346
1 0.483088 0.509804 0.014706 0.073203
2 0.976838 0.898693 0.037500 0.082353
3 0.966176 0.934641 0.067647 0.078431
4 0.962132 0.732026 0.074265 0.135948
4 0.877574 0.672549 0.149265 0.108497
4 0.874265 0.612418 0.123529 0.082353
4 0.759559 0.560784 0.088235 0.094118
10 0.972794 0.540523 0.016176 0.053595
10 0.958824 0.541830 0.013235 0.053595
10 0.931618 0.532026 0.016176 0.052288
2 0.124265 0.371895 0.010294 0.037908
2 0.131250 0.375817 0.009559 0.030065
10 0.126471 0.389542 0.019118 0.036601
0 0.333088 0.026797 0.042647 0.053595
4 0.263971 0.276471 0.026471 0.043137
4 0.267279 0.175163 0.018382 0.026144
4 0.302941 0.130719 0.013235 0.018301
8 0.284926 0.116340 0.006618 0.018301
4 0.303309 0.098039 0.009559 0.015686
4 0.293750 0.092157 0.009559 0.014379
4 0.313235 0.088235 0.010294 0.014379
4 0.306250 0.071895 0.006618 0.010458
4 0.318382 0.069281 0.007353 0.010458
4 0.310294 0.065359 0.005882 0.010458
4 0.314338 0.059477 0.005147 0.009150
4 0.323529 0.058170 0.005882 0.009150
4 0.333824 0.067974 0.005882 0.010458
4 0.331985 0.073856 0.006618 0.011765
4 0.329412 0.082353 0.007353 0.013072
4 0.329412 0.093464 0.008824 0.014379
4 0.330147 0.101961 0.007353 0.013072
4 0.341912 0.097386 0.008824 0.014379
4 0.355147 0.087582 0.008824 0.015686
4 0.345221 0.083660 0.006618 0.010458
4 0.337500 0.077778 0.005882 0.011765
1 0.351838 0.067320 0.002206 0.009150
1 0.346324 0.064706 0.002941 0.009150
1 0.351103 0.108497 0.005147 0.013072
4 0.361765 0.104575 0.008824 0.018301
1 0.007353 0.346405 0.014706 0.052288
4 0.048162 0.211765 0.047794 0.041830
4 0.345221 0.119608 0.009559 0.016993
2 0.341544 0.130065 0.003676 0.014379
3 0.341544 0.135948 0.006618 0.010458
4 0.324632 0.196732 0.018382 0.027451
4 0.325000 0.160784 0.016176 0.020915
4 0.347059 0.167974 0.014706 0.024837
4 0.375000 0.199346 0.016176 0.030065
5 0.412132 0.088889 0.022794 0.023529
5 0.428676 0.122222 0.022059 0.019608
1 0.455515 0.133987 0.005147 0.016993
1 0.472059 0.147712 0.004412 0.015686
1 0.476471 0.145752 0.004412 0.016993
1 0.480515 0.140523 0.003676 0.014379
1 0.484559 0.140523 0.004412 0.014379
2 0.450368 0.135294 0.005147 0.014379
10 0.450000 0.141176 0.011765 0.010458
4 0.473162 0.169281 0.015441 0.024837
5 0.479779 0.186928 0.016912 0.031373
1 0.503676 0.183660 0.007353 0.022222
4 0.497426 0.204575 0.030147 0.027451
2 0.569118 0.242484 0.005882 0.016993
2 0.577574 0.244444 0.005147 0.015686
2 0.583088 0.244444 0.005882 0.018301
2 0.575000 0.262745 0.007353 0.020915
2 0.586765 0.263399 0.005882 0.016993
2 0.593015 0.264052 0.005147 0.018301
2 0.589338 0.258824 0.005147 0.018301
2 0.582353 0.258824 0.004412 0.013072
10 0.610662 0.294118 0.019853 0.023529
3 0.625368 0.307843 0.015441 0.022222
10 0.639706 0.324183 0.010294 0.028758
10 0.649632 0.323529 0.012500 0.032680
5 0.554779 0.325490 0.038971 0.062745
5 0.473529 0.326797 0.030882 0.054902
10 0.492279 0.273856 0.008088 0.019608
4 0.588971 0.424183 0.035294 0.061438
10 0.629779 0.450980 0.011029 0.052288
10 0.626103 0.420261 0.013971 0.040523
10 0.637868 0.438562 0.011029 0.037908
3 0.642279 0.420915 0.012500 0.044444
10 0.662868 0.424183 0.016912 0.035294
10 0.659559 0.455556 0.022059 0.027451
10 0.664706 0.460131 0.022059 0.023529
10 0.669118 0.466667 0.026471 0.031373
10 0.744485 0.394118 0.015441 0.035294
3 0.718382 0.396078 0.020588 0.023529
10 0.694118 0.409150 0.026471 0.036601
3 0.700735 0.430719 0.016176 0.035294
10 0.715074 0.424183 0.016912 0.048366
10 0.691544 0.463399 0.015441 0.043137
10 0.707721 0.450327 0.022794 0.030065
10 0.715074 0.456863 0.011029 0.032680
10 0.728676 0.456209 0.013235 0.036601
10 0.723162 0.475817 0.021324 0.047059
3 0.770956 0.418301 0.019853 0.044444
10 0.746324 0.445752 0.022059 0.026144
10 0.742647 0.488889 0.019118 0.033987
10 0.763235 0.464706 0.023529 0.043137
10 0.763235 0.481699 0.010294 0.040523
10 0.773897 0.487582 0.009559 0.047059
10 0.779044 0.469935 0.011029 0.037908
10 0.794485 0.480392 0.021324 0.040523
3 0.799265 0.494118 0.017647 0.044444
