7 0.223958 0.980556 0.033333 0.038889
2 0.370312 0.625926 0.009375 0.022222
2 0.375000 0.622222 0.010417 0.037037
7 0.375521 0.626852 0.017708 0.038889
6 0.558333 0.665741 0.056250 0.120370
8 0.606771 0.659259 0.021875 0.059259
2 0.601562 0.656481 0.007292 0.024074
10 0.604167 0.750926 0.014583 0.042593
2 0.605208 0.747222 0.012500 0.031481
2 0.605729 0.741667 0.011458 0.038889
1 0.732812 0.851852 0.017708 0.048148
4 0.809375 0.912037 0.054167 0.131481
5 0.890625 0.978704 0.045833 0.042593
6 0.573438 0.496296 0.063542 0.155556
6 0.502604 0.405556 0.046875 0.137037
4 0.465104 0.324074 0.015625 0.029630
4 0.444792 0.288889 0.014583 0.025926
6 0.464583 0.207407 0.014583 0.033333
6 0.435417 0.184259 0.016667 0.053704
6 0.428646 0.142593 0.013542 0.037037
4 0.452083 0.161111 0.010417 0.014815
1 0.141146 0.483333 0.011458 0.040741
4 0.342187 0.452778 0.032292 0.046296
2 0.359896 0.325000 0.003125 0.016667
2 0.368750 0.262963 0.006250 0.014815
3 0.372917 0.217593 0.004167 0.020370
2 0.373437 0.216667 0.003125 0.011111
2 0.371354 0.200000 0.003125 0.011111
3 0.371354 0.204630 0.005208 0.012963
3 0.457292 0.137963 0.004167 0.012963
2 0.457813 0.135185 0.003125 0.011111
10 0.368750 0.268519 0.006250 0.014815
10 0.360417 0.332407 0.004167 0.016667
4 0.418229 0.096296 0.005208 0.007407
4 0.429688 0.095370 0.005208 0.009259
4 0.378125 0.137963 0.008333 0.012963
0 0.382812 0.116667 0.017708 0.025926
0 0.410938 0.050000 0.057292 0.070370
0 0.185938 0.047222 0.161458 0.038889
