5 0.421324 0.844444 0.019118 0.070588
4 0.448897 0.828105 0.019853 0.069281
4 0.346324 0.940523 0.027941 0.077124
4 0.520588 0.727451 0.020588 0.079739
4 0.590441 0.893464 0.032353 0.084967
4 0.646324 0.593464 0.047059 0.041830
4 0.742279 0.582353 0.044853 0.037908
4 0.751103 0.511765 0.043382 0.037908
4 0.762132 0.452941 0.047794 0.037908
4 0.579044 0.515686 0.041912 0.064052
4 0.506618 0.479739 0.022059 0.078431
4 0.448897 0.167320 0.018382 0.078431
4 0.861029 0.167320 0.044118 0.036601
4 0.182721 0.585621 0.050735 0.039216
4 0.110294 0.586275 0.050000 0.035294
4 0.013971 0.585621 0.027941 0.031373
4 0.057721 0.509150 0.043382 0.035294
4 0.848162 0.900000 0.044853 0.043137
6 0.782353 0.749020 0.047059 0.039216
7 0.859191 0.727451 0.028676 0.024837
7 0.825368 0.732680 0.034559 0.032680
7 0.846691 0.800654 0.025735 0.019608
5 0.961397 0.734641 0.041912 0.031373
4 0.991176 0.734641 0.017647 0.031373
4 0.878676 0.501961 0.042647 0.033987
7 0.763603 0.867320 0.028676 0.035294
7 0.799265 0.838562 0.029412 0.027451
7 0.933824 0.850327 0.030882 0.022222
1 0.631250 0.251634 0.006618 0.011765
1 0.630147 0.266667 0.007353 0.015686
1 0.153309 0.883660 0.011029 0.013072
1 0.166912 0.891503 0.010294 0.015686
2 0.130882 0.466667 0.008824 0.013072
10 0.133088 0.468627 0.017647 0.014379
1 0.308824 0.190196 0.007353 0.014379
1 0.310294 0.179739 0.005882 0.011765
1 0.289338 0.562092 0.006618 0.013072
1 0.265441 0.577778 0.008824 0.015686
2 0.079779 0.667320 0.011029 0.014379
10 0.079412 0.667320 0.019118 0.019608
2 0.200000 0.640523 0.010294 0.013072
3 0.201103 0.639216 0.015441 0.013072
2 0.369853 0.949020 0.007353 0.015686
10 0.369853 0.946405 0.007353 0.028758
1 0.288603 0.914379 0.009559 0.011765
2 0.258088 0.716993 0.008824 0.014379
2 0.258456 0.754248 0.008088 0.010458
10 0.258824 0.753595 0.013235 0.016993
10 0.258456 0.716340 0.016912 0.013072
10 0.849265 0.034641 0.013235 0.024837
10 0.794118 0.068627 0.013235 0.022222
10 0.936765 0.275817 0.019118 0.020915
7 0.926471 0.031373 0.032353 0.031373
10 0.979044 0.767974 0.019853 0.016993
10 0.981985 0.797386 0.016912 0.015686
2 0.919853 0.813072 0.008824 0.015686
2 0.973897 0.849020 0.006618 0.014379
2 0.980515 0.849020 0.008088 0.014379
2 0.885294 0.848366 0.007353 0.013072
2 0.856618 0.752288 0.007353 0.016993
2 0.850000 0.752941 0.005882 0.015686
