10 0.015074 0.756863 0.028676 0.047059
3 0.738971 0.960131 0.064706 0.074510
10 0.703309 0.767320 0.046324 0.067974
10 0.619118 0.469935 0.039706 0.043137
10 0.627206 0.447712 0.038235 0.043137
10 0.875368 0.383007 0.033088 0.039216
10 0.882721 0.092810 0.005147 0.020915
10 0.850000 0.167974 0.008824 0.032680
10 0.915441 0.179739 0.023529 0.022222
10 0.911029 0.152941 0.022059 0.023529
10 0.228309 0.569935 0.044853 0.060131
10 0.238603 0.535948 0.033088 0.047059
10 0.022426 0.207843 0.022794 0.036601
10 0.068750 0.222876 0.019853 0.035294
10 0.090809 0.235294 0.024265 0.039216
10 0.168382 0.254902 0.022059 0.039216
10 0.188603 0.264052 0.019853 0.036601
10 0.203676 0.266013 0.020588 0.030065
3 0.357721 0.298693 0.016912 0.040523
10 0.367647 0.305229 0.014706 0.043137
10 0.381250 0.305229 0.012500 0.048366
10 0.578676 0.240523 0.022059 0.033987
10 0.618750 0.216993 0.021324 0.033987
10 0.609926 0.199346 0.009559 0.030065
0 0.631618 0.181046 0.029412 0.019608
10 0.654412 0.160784 0.016176 0.026144
10 0.682353 0.157516 0.017647 0.030065
10 0.693015 0.143137 0.018382 0.024837
4 0.657353 0.126797 0.050000 0.033987
5 0.690074 0.081699 0.050735 0.050980
1 0.727941 0.089542 0.007353 0.037908
10 0.959191 0.152941 0.024265 0.026144
10 0.969118 0.191503 0.025000 0.027451
0 0.925368 0.015033 0.050735 0.027451
10 0.907353 0.226144 0.029412 0.023529
10 0.913235 0.235948 0.027941 0.024837
10 0.975735 0.428758 0.042647 0.044444
10 0.894853 0.060131 0.007353 0.020915
10 0.886029 0.016993 0.004412 0.018301
3 0.774265 0.022876 0.005882 0.016993
3 0.805515 0.090196 0.006618 0.023529
10 0.956618 0.354248 0.032353 0.031373
3 0.626838 0.384967 0.031618 0.043137
7 0.797426 0.537255 0.069853 0.065359
7 0.476838 0.603922 0.044853 0.062745
7 0.328676 0.539216 0.054412 0.077124
7 0.255882 0.266667 0.030882 0.054902
4 0.054044 0.260131 0.069853 0.057516
4 0.177941 0.424183 0.088235 0.084967
4 0.386397 0.437908 0.096324 0.091503
4 0.445956 0.534641 0.119853 0.104575
4 0.917279 0.531373 0.115441 0.103268
4 0.958824 0.494118 0.082353 0.094118
4 0.754044 0.164052 0.031618 0.058824
4 0.863603 0.076471 0.022794 0.035294
4 0.836029 0.038562 0.017647 0.027451
4 0.844118 0.018301 0.017647 0.026144
3 0.876471 0.032026 0.007353 0.016993
1 0.980882 0.121569 0.008824 0.039216
1 0.975000 0.094771 0.007353 0.032680
1 0.888235 0.135948 0.010294 0.033987
1 0.841176 0.110458 0.010294 0.032680
1 0.847794 0.284967 0.011765 0.049673
1 0.897059 0.290850 0.013235 0.045752
1 0.550368 0.833333 0.021324 0.098039
1 0.510662 0.894118 0.022794 0.088889
10 0.472794 0.977124 0.061765 0.045752
2 0.469118 0.966667 0.033824 0.064052
2 0.740809 0.951634 0.030147 0.086275
2 0.705515 0.751634 0.024265 0.073203
2 0.711029 0.754902 0.013235 0.058824
2 0.791176 0.520915 0.020588 0.048366
2 0.623897 0.462745 0.016912 0.052288
2 0.629779 0.437255 0.015441 0.050980
2 0.629044 0.375817 0.013971 0.050980
1 0.134559 0.243137 0.010294 0.049673
2 0.230147 0.556209 0.022059 0.069281
2 0.237500 0.521569 0.022059 0.057516
2 0.337132 0.539869 0.021324 0.060131
2 0.482721 0.601307 0.019853 0.062745
2 0.877941 0.379739 0.014706 0.058824
1 0.961765 0.349020 0.013235 0.054902
2 0.850368 0.165359 0.006618 0.024837
2 0.851103 0.160131 0.006618 0.030065
1 0.840074 0.109150 0.008088 0.030065
1 0.886029 0.057516 0.005882 0.028758
1 0.886765 0.060784 0.005882 0.024837
1 0.965074 0.091503 0.009559 0.031373
1 0.972426 0.080392 0.008088 0.027451
1 0.937500 0.166667 0.008824 0.037908
2 0.805882 0.081046 0.005882 0.026144
2 0.883824 0.085621 0.005882 0.024837
2 0.876838 0.026797 0.006618 0.024837
2 0.774265 0.016993 0.007353 0.023529
1 0.891912 0.031373 0.007353 0.028758
4 0.197059 0.301307 0.079412 0.064052
4 0.414338 0.303268 0.038971 0.067974
4 0.473897 0.292810 0.046324 0.065359
