0 0.499219 0.159722 0.051562 0.167593
0 0.487240 0.249074 0.075521 0.081481
0 0.571875 0.200926 0.051042 0.064815
0 0.641667 0.295833 0.047917 0.102778
0 0.646615 0.375000 0.041146 0.064815
0 0.538802 0.335648 0.024479 0.052778
5 0.709896 0.969444 0.090625 0.061111
1 0.717187 0.500463 0.004167 0.023148
1 0.702083 0.495833 0.007292 0.028704
1 0.693490 0.454630 0.005729 0.027778
10 0.698958 0.529167 0.010417 0.036111
0 0.711719 0.557870 0.024479 0.021296
10 0.622917 0.669444 0.026042 0.037037
10 0.623437 0.637500 0.018750 0.032407
10 0.603385 0.597222 0.005729 0.027778
10 0.576562 0.594907 0.023958 0.036111
7 0.580990 0.631481 0.022396 0.053704
1 0.679427 0.417593 0.006771 0.027778
2 0.672135 0.443519 0.005729 0.022222
2 0.700260 0.414352 0.011979 0.023148
1 0.672396 0.332870 0.006250 0.023148
1 0.565104 0.654167 0.008333 0.043519
1 0.558333 0.660185 0.008333 0.042593
10 0.259635 0.932407 0.025521 0.042593
3 0.332031 0.817130 0.031771 0.034259
10 0.298438 0.803704 0.025000 0.031481
10 0.278125 0.830093 0.032292 0.037963
10 0.538542 0.874537 0.016667 0.056481
2 0.538802 0.864352 0.013021 0.039815
10 0.558073 0.886574 0.013021 0.050926
2 0.559375 0.878241 0.013542 0.050926
2 0.559375 0.889815 0.009375 0.033333
7 0.439583 0.969907 0.029167 0.060185
1 0.442448 0.945370 0.017188 0.061111
1 0.318750 0.888889 0.011458 0.055556
3 0.294792 0.985185 0.035417 0.029630
10 0.323698 0.969907 0.021354 0.043519
10 0.305208 0.971296 0.030208 0.048148
3 0.303646 0.948148 0.034375 0.037037
10 0.320052 0.925463 0.036979 0.045370
10 0.308594 0.913426 0.034896 0.036111
1 0.257812 0.657407 0.006250 0.044444
1 0.263021 0.639352 0.006250 0.036111
1 0.268229 0.634722 0.007292 0.039815
1 0.273438 0.633333 0.006250 0.035185
1 0.292708 0.687963 0.007292 0.042593
6 0.305729 0.746296 0.069792 0.066667
8 0.351042 0.715278 0.020833 0.065741
10 0.379427 0.631944 0.023438 0.030556
4 0.383073 0.669907 0.031771 0.076852
3 0.398958 0.958333 0.011458 0.059259
2 0.400000 0.937963 0.013542 0.053704
10 0.381250 0.934722 0.015625 0.069444
2 0.381510 0.929630 0.019271 0.055556
2 0.304948 0.551389 0.013021 0.030556
10 0.453646 0.305556 0.007292 0.022222
4 0.504687 0.301852 0.012500 0.024074
4 0.504948 0.332870 0.015104 0.026852
4 0.486198 0.327778 0.014063 0.025926
4 0.472135 0.384722 0.016146 0.032407
10 0.454688 0.542130 0.008333 0.032407
2 0.455208 0.535648 0.008333 0.028704
10 0.421875 0.553241 0.008333 0.028704
2 0.423438 0.549074 0.010417 0.031481
4 0.425260 0.515741 0.025521 0.050000
10 0.413281 0.428704 0.014063 0.016667
0 0.653125 0.559259 0.023958 0.031481
4 0.625000 0.240278 0.023958 0.019444
1 0.528906 0.475926 0.006771 0.031481
1 0.537760 0.476852 0.004687 0.033333
10 0.510938 0.506944 0.007292 0.025000
2 0.511198 0.502778 0.006771 0.025926
10 0.458854 0.456944 0.007292 0.023148
2 0.458854 0.453241 0.006250 0.026852
1 0.552083 0.495833 0.006250 0.030556
4 0.550260 0.461574 0.019271 0.034259
10 0.509896 0.440741 0.008333 0.025926
2 0.509896 0.437037 0.006250 0.024074
2 0.509375 0.437963 0.008333 0.020370
1 0.450000 0.346296 0.004167 0.024074
7 0.421094 0.405556 0.018229 0.024074
2 0.427083 0.401389 0.007292 0.019444
7 0.425000 0.390278 0.017708 0.021296
4 0.437760 0.350000 0.017188 0.025926
10 0.444792 0.381019 0.007292 0.025000
2 0.445312 0.378704 0.009375 0.025926
10 0.475521 0.302778 0.004167 0.016667
2 0.475000 0.300000 0.004167 0.018519
10 0.459896 0.320370 0.004167 0.016667
2 0.460156 0.315278 0.005729 0.017593
10 0.465625 0.331019 0.005208 0.017593
2 0.466146 0.327315 0.004167 0.019444
10 0.466927 0.317130 0.004687 0.013889
2 0.467187 0.314815 0.004167 0.016667
3 0.677604 0.465741 0.013542 0.018519
