1 0.446691 0.390196 0.027206 0.077124
5 0.202206 0.159477 0.063235 0.091503
1 0.022794 0.267320 0.022059 0.053595
1 0.008824 0.263399 0.016176 0.066667
4 0.230515 0.024183 0.063971 0.048366
4 0.085662 0.022876 0.066912 0.045752
2 0.332353 0.035948 0.013235 0.027451
1 0.315074 0.193464 0.012500 0.052288
10 0.336397 0.050327 0.019853 0.024837
2 0.323162 0.027451 0.011029 0.028758
10 0.321324 0.044444 0.019118 0.018301
1 0.240074 0.124837 0.012500 0.050980
1 0.230515 0.125490 0.009559 0.052288
2 0.931618 0.823529 0.035294 0.067974
2 0.890441 0.796078 0.029412 0.067974
1 0.791544 0.632680 0.028676 0.062745
2 0.988971 0.761438 0.022059 0.079739
2 0.732353 0.694771 0.019118 0.064052
