7 0.476471 0.877124 0.061765 0.078431
4 0.338603 0.826797 0.094853 0.079739
4 0.776103 0.950327 0.071324 0.099346
2 0.761029 0.959477 0.022059 0.033987
4 0.864338 0.944444 0.071324 0.111111
10 0.972794 0.956209 0.025000 0.050980
4 0.079044 0.871895 0.106618 0.083660
10 0.247059 0.766667 0.023529 0.043137
2 0.245956 0.758170 0.012500 0.047059
10 0.015074 0.600654 0.030147 0.037908
2 0.009926 0.592810 0.015441 0.040523
5 0.069118 0.521569 0.075000 0.065359
1 0.151471 0.470588 0.011765 0.039216
1 0.231250 0.473856 0.012500 0.043137
1 0.234926 0.462745 0.012500 0.041830
1 0.097059 0.491503 0.013235 0.044444
1 0.031985 0.503922 0.013971 0.040523
7 0.017279 0.500000 0.034559 0.032680
2 0.006618 0.502614 0.010294 0.035294
7 0.102941 0.490850 0.042647 0.035294
1 0.100735 0.480392 0.010294 0.032680
1 0.095588 0.460784 0.008824 0.040523
2 0.110662 0.458824 0.011029 0.020915
1 0.137868 0.456209 0.009559 0.036601
1 0.160294 0.456863 0.008824 0.040523
1 0.156618 0.454248 0.007353 0.040523
1 0.163971 0.452288 0.008824 0.039216
1 0.172426 0.451634 0.011029 0.037908
1 0.177941 0.444444 0.010294 0.039216
1 0.176471 0.437255 0.010294 0.035294
1 0.173162 0.429412 0.011029 0.027451
7 0.158824 0.440523 0.020588 0.054902
7 0.167279 0.396078 0.024265 0.041830
1 0.170588 0.409150 0.007353 0.033987
1 0.177206 0.399346 0.008824 0.032680
1 0.173529 0.395425 0.008824 0.035294
1 0.131985 0.342484 0.009559 0.036601
1 0.138971 0.333333 0.010294 0.036601
4 0.290441 0.346405 0.025000 0.054902
7 0.251103 0.343791 0.013971 0.041830
2 0.251471 0.338562 0.010294 0.026144
5 0.225368 0.326144 0.025735 0.064052
5 0.181985 0.320261 0.036029 0.062745
5 0.209559 0.271895 0.022059 0.057516
5 0.182721 0.262092 0.025735 0.066667
3 0.244118 0.288235 0.005882 0.030065
2 0.244118 0.283007 0.007353 0.027451
2 0.064338 0.403268 0.008088 0.016993
4 0.193750 0.179085 0.021324 0.039216
5 0.200368 0.133987 0.016912 0.043137
4 0.222426 0.141830 0.018382 0.035294
4 0.207353 0.112418 0.016176 0.028758
7 0.228676 0.115033 0.014706 0.020915
1 0.219485 0.113072 0.005147 0.022222
4 0.214338 0.074510 0.016912 0.028758
5 0.234191 0.064706 0.013971 0.035294
1 0.247794 0.080392 0.005882 0.022222
1 0.251838 0.081046 0.006618 0.023529
1 0.333824 0.031373 0.004412 0.023529
10 0.323529 0.077778 0.005882 0.019608
2 0.323529 0.072549 0.005882 0.019608
1 0.346324 0.031373 0.005882 0.020915
1 0.350000 0.033333 0.004412 0.022222
4 0.386029 0.022876 0.029412 0.022222
6 0.358088 0.022222 0.016176 0.036601
7 0.365074 0.012418 0.018382 0.016993
1 0.339338 0.007843 0.005147 0.015686
4 0.364706 0.088889 0.023529 0.028758
9 0.393382 0.077778 0.032353 0.082353
5 0.422059 0.127451 0.032353 0.027451
4 0.420221 0.147059 0.041912 0.030065
6 0.433088 0.171895 0.032353 0.035294
1 0.404779 0.214379 0.005147 0.028758
2 0.422059 0.221569 0.007353 0.019608
2 0.426103 0.217647 0.005147 0.016993
8 0.447426 0.207190 0.015441 0.037908
10 0.458088 0.220261 0.005882 0.024837
5 0.410294 0.257516 0.033824 0.044444
4 0.429412 0.279739 0.033824 0.041830
5 0.450368 0.301961 0.046324 0.047059
10 0.469118 0.284314 0.016176 0.024837
1 0.412868 0.314379 0.008088 0.032680
1 0.422059 0.311765 0.005882 0.030065
1 0.433088 0.324837 0.007353 0.035294
10 0.483088 0.337908 0.019118 0.024837
10 0.473529 0.325490 0.020588 0.023529
3 0.484926 0.315033 0.009559 0.031373
10 0.487132 0.379739 0.018382 0.027451
1 0.485294 0.407843 0.007353 0.039216
7 0.403676 0.367320 0.041176 0.031373
1 0.405147 0.355556 0.005882 0.026144
1 0.378309 0.410458 0.006618 0.026144
1 0.395221 0.411765 0.009559 0.033987
7 0.386029 0.410458 0.020588 0.052288
7 0.406250 0.436601 0.033088 0.044444
7 0.423897 0.448366 0.025735 0.049673
2 0.416544 0.449020 0.008088 0.024837
1 0.448162 0.447712 0.008088 0.040523
10 0.468750 0.478431 0.022794 0.026144
1 0.469485 0.472549 0.008088 0.043137
2 0.461029 0.431373 0.010294 0.028758
7 0.469118 0.406536 0.020588 0.044444
6 0.443015 0.384967 0.033088 0.079739
10 0.505882 0.479085 0.019118 0.030065
7 0.508088 0.431373 0.019118 0.044444
1 0.514338 0.436601 0.008088 0.031373
7 0.533824 0.438562 0.020588 0.050980
1 0.537132 0.450327 0.008088 0.032680
1 0.542279 0.439869 0.012500 0.032680
6 0.464706 0.555556 0.101471 0.104575
5 0.615074 0.547059 0.059559 0.066667
5 0.622426 0.487582 0.058088 0.062745
4 0.729044 0.590196 0.066912 0.061438
4 0.752574 0.526797 0.068382 0.054902
5 0.715074 0.467974 0.074265 0.070588
1 0.737500 0.659477 0.016176 0.048366
1 0.497059 0.368627 0.005882 0.028758
1 0.572794 0.460784 0.008824 0.035294
1 0.583088 0.456209 0.008824 0.036601
7 0.569485 0.443791 0.025735 0.045752
2 0.590441 0.444444 0.007353 0.031373
7 0.601838 0.439216 0.022794 0.044444
1 0.598897 0.466013 0.011029 0.032680
7 0.656250 0.432680 0.024265 0.047059
2 0.647059 0.438562 0.007353 0.030065
7 0.683456 0.428758 0.024265 0.044444
7 0.706618 0.421569 0.027941 0.048366
7 0.736029 0.417647 0.029412 0.048366
7 0.763603 0.408497 0.028676 0.048366
1 0.715074 0.426797 0.006618 0.032680
1 0.673529 0.431373 0.008824 0.031373
1 0.741544 0.431373 0.008088 0.031373
1 0.727574 0.433333 0.006618 0.024837
1 0.758456 0.416340 0.008088 0.035294
1 0.755882 0.381699 0.005882 0.028758
4 0.752206 0.357516 0.033824 0.058824
10 0.704412 0.339869 0.008824 0.031373
10 0.646691 0.373856 0.018382 0.026144
10 0.628309 0.358824 0.018382 0.024837
10 0.641176 0.345098 0.019118 0.028758
10 0.608088 0.388889 0.007353 0.030065
10 0.573529 0.388235 0.016176 0.026144
3 0.583088 0.390850 0.017647 0.020915
3 0.636029 0.392157 0.020588 0.026144
3 0.658456 0.387582 0.018382 0.030065
2 0.601471 0.315033 0.007353 0.028758
2 0.607353 0.313072 0.007353 0.024837
4 0.793015 0.364052 0.049265 0.050980
5 0.808456 0.462745 0.072794 0.070588
4 0.851471 0.401961 0.061765 0.043137
4 0.817647 0.584314 0.077941 0.057516
5 0.901103 0.562745 0.065441 0.066667
4 0.895588 0.511111 0.067647 0.052288
5 0.902206 0.457516 0.067647 0.065359
4 0.970588 0.555556 0.058824 0.057516
4 0.982353 0.494118 0.035294 0.054902
4 0.987868 0.449020 0.024265 0.045752
4 0.921324 0.407190 0.054412 0.064052
1 0.898897 0.377778 0.012500 0.033987
1 0.940441 0.363399 0.010294 0.033987
1 0.911397 0.366013 0.008088 0.031373
1 0.914338 0.364052 0.006618 0.030065
5 0.879779 0.343791 0.053676 0.054902
3 0.916544 0.337908 0.022794 0.027451
10 0.842279 0.283007 0.016912 0.022222
