4 0.074265 0.279085 0.077941 0.064052
4 0.194485 0.347059 0.072794 0.061438
4 0.281618 0.375817 0.075000 0.066667
4 0.705515 0.194771 0.028676 0.047059
4 0.749265 0.200654 0.026471 0.058824
4 0.795588 0.226797 0.023529 0.040523
4 0.851471 0.169935 0.038235 0.041830
4 0.793750 0.114379 0.021324 0.037908
4 0.748529 0.075817 0.016176 0.033987
4 0.538235 0.296078 0.039706 0.074510
4 0.556618 0.252941 0.030882 0.069281
4 0.219853 0.668627 0.117647 0.098039
4 0.598897 0.147059 0.021324 0.035294
4 0.635294 0.073203 0.016176 0.028758
4 0.619853 0.096078 0.026471 0.030065
4 0.587500 0.178431 0.022059 0.043137
4 0.441176 0.311765 0.032353 0.066667
5 0.179779 0.797386 0.122794 0.141176
5 0.037500 0.873856 0.069118 0.142484
5 0.227206 0.949020 0.102941 0.101961
3 0.676838 0.347712 0.006618 0.028758
3 0.641544 0.839216 0.015441 0.057516
10 0.913603 0.579085 0.012500 0.049673
10 0.220956 0.540523 0.033088 0.027451
2 0.214338 0.518301 0.008088 0.032680
2 0.205515 0.522222 0.006618 0.037908
1 0.193015 0.558170 0.011029 0.073203
1 0.393750 0.345752 0.011029 0.043137
1 0.433088 0.360784 0.010294 0.052288
0 0.538603 0.102614 0.047794 0.043137
0 0.692647 0.030719 0.085294 0.058824
2 0.677941 0.330719 0.008824 0.023529
2 0.643382 0.789542 0.016176 0.067974
2 0.916912 0.560784 0.010294 0.039216
1 0.956985 0.198693 0.008088 0.036601
0 0.576471 0.064706 0.027941 0.061438
2 0.601838 0.252288 0.006618 0.039216
