1 0.223897 0.111765 0.019853 0.056209
1 0.693750 0.255556 0.019853 0.069281
1 0.664706 0.270588 0.026471 0.060131
1 0.636397 0.243137 0.022794 0.075817
1 0.604044 0.233333 0.012500 0.074510
1 0.586765 0.222222 0.011765 0.065359
1 0.551838 0.218301 0.015441 0.067974
1 0.655515 0.235294 0.015441 0.067974
1 0.619485 0.220915 0.015441 0.067974
1 0.714338 0.172549 0.009559 0.041830
1 0.576103 0.220915 0.009559 0.041830
1 0.670588 0.240523 0.010294 0.060131
1 0.668750 0.196078 0.011029 0.060131
1 0.661397 0.173856 0.011029 0.060131
1 0.637868 0.091503 0.011029 0.060131
1 0.566176 0.591503 0.020588 0.069281
1 0.584191 0.180392 0.011029 0.060131
1 0.649265 0.103922 0.008824 0.056209
1 0.813603 0.136601 0.012500 0.061438
1 0.806618 0.130719 0.010294 0.041830
1 0.773529 0.106536 0.010294 0.045752
1 0.775735 0.089542 0.010294 0.045752
1 0.890441 0.082353 0.010294 0.049673
2 0.520221 0.164706 0.013971 0.054902
2 0.537500 0.157516 0.013235 0.037908
1 0.553309 0.181699 0.011029 0.060131
2 0.630147 0.179739 0.013235 0.037908
2 0.617647 0.179739 0.013235 0.037908
2 0.594853 0.167974 0.013235 0.037908
7 0.430515 0.053595 0.052206 0.060131
2 0.449265 0.045752 0.013235 0.033987
5 0.587500 0.086275 0.072059 0.088889
6 0.681250 0.054248 0.075735 0.108497
4 0.770221 0.136601 0.084559 0.105882
4 0.822794 0.190850 0.086765 0.088889
4 0.896691 0.233987 0.105147 0.104575
4 0.944853 0.122876 0.057353 0.086275
4 0.877574 0.035948 0.056618 0.066667
4 0.927941 0.060131 0.058824 0.075817
4 0.958456 0.281699 0.083088 0.121569
4 0.982353 0.069935 0.035294 0.095425
