7 0.323897 0.824183 0.044853 0.147712
5 0.217647 0.703268 0.138235 0.154248
5 0.291912 0.567974 0.051471 0.132026
10 0.225368 0.528105 0.047794 0.049673
5 0.272059 0.468627 0.080882 0.079739
1 0.392279 0.433333 0.013971 0.048366
7 0.392647 0.452288 0.014706 0.047059
2 0.339338 0.295425 0.012500 0.041830
10 0.340441 0.305229 0.010294 0.035294
1 0.347059 0.185621 0.007353 0.036601
4 0.365074 0.177778 0.024265 0.041830
4 0.137132 0.273203 0.061029 0.057516
4 0.155147 0.284314 0.047059 0.053595
4 0.168750 0.188235 0.040441 0.044444
1 0.182353 0.201961 0.007353 0.032680
1 0.188603 0.193464 0.006618 0.031373
1 0.188603 0.201307 0.006618 0.031373
3 0.222426 0.158170 0.016912 0.023529
1 0.253309 0.130719 0.006618 0.026144
1 0.254779 0.124183 0.006618 0.026144
5 0.362868 0.132026 0.024265 0.049673
4 0.388603 0.154902 0.021324 0.037908
4 0.387132 0.115033 0.019853 0.033987
5 0.368015 0.101307 0.019853 0.035294
5 0.372059 0.079739 0.017647 0.033987
4 0.373529 0.066013 0.017647 0.027451
2 0.418750 0.096732 0.008088 0.023529
7 0.421691 0.104575 0.013971 0.018301
4 0.375000 0.052941 0.017647 0.030065
2 0.396691 0.040523 0.005147 0.018301
10 0.396324 0.045752 0.005882 0.015686
5 0.379779 0.022876 0.015441 0.024837
5 0.382721 0.007843 0.013971 0.015686
2 0.442647 0.093464 0.007353 0.027451
10 0.442647 0.097386 0.005882 0.022222
2 0.441544 0.005882 0.003676 0.011765
3 0.440809 0.008497 0.005147 0.014379
1 0.453309 0.066013 0.005147 0.027451
1 0.459191 0.067320 0.005147 0.027451
1 0.462868 0.050327 0.003676 0.022222
2 0.466912 0.013072 0.004412 0.015686
10 0.467279 0.017647 0.005147 0.014379
5 0.474265 0.043791 0.013235 0.022222
5 0.477206 0.055556 0.016176 0.027451
4 0.472426 0.069935 0.016912 0.022222
2 0.474265 0.077778 0.005882 0.024837
10 0.473162 0.085621 0.012500 0.014379
5 0.461765 0.102614 0.017647 0.030065
5 0.484559 0.094771 0.019118 0.032680
1 0.480147 0.106536 0.004412 0.022222
1 0.488235 0.108497 0.005882 0.023529
1 0.480147 0.130065 0.004412 0.030065
1 0.486029 0.131373 0.007353 0.027451
7 0.495956 0.117647 0.021324 0.020915
7 0.491912 0.136601 0.016176 0.024837
7 0.502574 0.152941 0.018382 0.026144
2 0.467647 0.197386 0.007353 0.026144
10 0.467647 0.205882 0.007353 0.027451
4 0.510294 0.056863 0.029412 0.027451
4 0.526471 0.090196 0.019118 0.033987
4 0.528309 0.123529 0.036029 0.024837
1 0.534926 0.186275 0.006618 0.030065
1 0.537132 0.252941 0.008088 0.040523
1 0.527941 0.258170 0.005882 0.037908
10 0.524632 0.249020 0.009559 0.032680
1 0.555882 0.250327 0.005882 0.035294
1 0.521691 0.356209 0.009559 0.050980
2 0.570956 0.333333 0.009559 0.044444
3 0.570956 0.345098 0.019853 0.033987
4 0.561029 0.396732 0.066176 0.079739
4 0.552206 0.477778 0.050000 0.087582
4 0.642647 0.418301 0.079412 0.065359
10 0.677941 0.466013 0.027941 0.056209
4 0.665809 0.194118 0.027206 0.037908
6 0.741176 0.168627 0.064706 0.073203
10 0.709191 0.333333 0.024265 0.026144
7 0.722059 0.362745 0.019118 0.053595
1 0.703676 0.372549 0.011765 0.039216
2 0.704412 0.377778 0.008824 0.026144
7 0.702206 0.387582 0.017647 0.048366
10 0.740441 0.416993 0.029412 0.039216
10 0.747794 0.411765 0.019118 0.036601
1 0.710294 0.449020 0.010294 0.053595
1 0.741912 0.512418 0.013235 0.062745
1 0.765809 0.500654 0.011029 0.057516
4 0.622794 0.671242 0.063235 0.124183
4 0.722426 0.696732 0.077206 0.138562
2 0.756618 0.618954 0.005882 0.037908
1 0.758824 0.634641 0.014706 0.066667
10 0.777941 0.833333 0.051471 0.058824
2 0.613971 0.854248 0.026471 0.074510
10 0.614338 0.868627 0.021324 0.090196
1 0.837868 0.740523 0.015441 0.069281
1 0.833088 0.622222 0.025000 0.067974
1 0.848897 0.639216 0.024265 0.065359
3 0.865809 0.573856 0.034559 0.049673
10 0.056985 0.920915 0.025735 0.095425
