5 0.174219 0.969444 0.080729 0.061111
5 0.309115 0.962037 0.059896 0.075926
4 0.395313 0.970370 0.056250 0.059259
5 0.220573 0.581019 0.070312 0.076852
4 0.174740 0.437963 0.055729 0.037037
4 0.437240 0.486111 0.053646 0.048148
4 0.602083 0.852778 0.050000 0.118519
5 0.653646 0.400926 0.039583 0.044444
4 0.362760 0.371296 0.039062 0.031481
4 0.395573 0.332407 0.027604 0.025926
5 0.563542 0.291204 0.027083 0.030556
6 0.430990 0.272222 0.020313 0.046296
9 0.483594 0.234722 0.017188 0.034259
2 0.499479 0.223611 0.003125 0.010185
7 0.499740 0.226852 0.005729 0.012963
5 0.457292 0.198611 0.009375 0.017593
5 0.480729 0.195370 0.009375 0.014815
4 0.505469 0.191667 0.008854 0.012963
4 0.477865 0.163426 0.007812 0.010185
4 0.460938 0.170833 0.007292 0.010185
4 0.438802 0.198148 0.009896 0.012963
5 0.465104 0.141204 0.005208 0.012037
5 0.458333 0.124537 0.005208 0.008333
5 0.476302 0.133796 0.005729 0.008333
4 0.477344 0.104167 0.003646 0.006481
4 0.472656 0.094444 0.003646 0.005556
4 0.464844 0.081944 0.002604 0.004630
5 0.474479 0.086574 0.003125 0.004630
5 0.486198 0.096296 0.003646 0.005556
5 0.476042 0.081019 0.002083 0.004630
0 0.459896 0.062500 0.046875 0.028704
2 0.188542 0.293056 0.004167 0.015741
2 0.189583 0.293981 0.006250 0.019444
10 0.188281 0.300463 0.005729 0.015741
4 0.224740 0.299074 0.024479 0.025926
5 0.242708 0.278241 0.017708 0.023148
4 0.255729 0.295833 0.020833 0.025000
5 0.270833 0.314815 0.021875 0.031481
4 0.257812 0.263426 0.017708 0.021296
4 0.268229 0.279630 0.019792 0.024074
4 0.278906 0.265278 0.017188 0.021296
5 0.294792 0.280556 0.017708 0.033333
4 0.315104 0.296296 0.017708 0.025926
4 0.301042 0.272685 0.015625 0.021296
5 0.325000 0.278241 0.017708 0.026852
5 0.329427 0.266204 0.017188 0.026852
5 0.268229 0.249074 0.015625 0.027778
2 0.247917 0.231019 0.004167 0.015741
10 0.247135 0.233796 0.003646 0.013889
2 0.265625 0.218981 0.004167 0.010185
7 0.265885 0.223148 0.005729 0.012963
4 0.282552 0.237037 0.014063 0.020370
5 0.292708 0.247685 0.017708 0.032407
4 0.289583 0.230093 0.015625 0.019444
4 0.302083 0.241667 0.013542 0.018519
5 0.307812 0.259259 0.016667 0.024074
5 0.315625 0.247685 0.014583 0.026852
4 0.338021 0.256019 0.015625 0.021296
4 0.323698 0.241667 0.014063 0.018519
4 0.342187 0.245833 0.013542 0.019444
5 0.346615 0.234722 0.013021 0.023148
4 0.298958 0.219907 0.013542 0.017593
5 0.308854 0.229167 0.013542 0.023148
4 0.315365 0.223611 0.013021 0.017593
4 0.296875 0.204167 0.012500 0.017593
4 0.306250 0.213889 0.013542 0.020370
4 0.313281 0.205093 0.011979 0.015741
5 0.323177 0.213426 0.011979 0.023148
4 0.329948 0.229630 0.013021 0.018519
4 0.336198 0.221759 0.013021 0.017593
4 0.340365 0.213426 0.011979 0.015741
4 0.331771 0.202778 0.011458 0.016667
4 0.357292 0.230093 0.012500 0.017593
4 0.317969 0.181481 0.009896 0.012963
4 0.360417 0.222222 0.012500 0.016667
5 0.363542 0.213889 0.011458 0.016667
4 0.347656 0.207407 0.009896 0.014815
4 0.337500 0.196296 0.011458 0.014815
4 0.320833 0.195833 0.010417 0.012037
4 0.326823 0.189815 0.010937 0.012963
4 0.331771 0.183796 0.010417 0.013889
5 0.341927 0.187037 0.009896 0.018519
4 0.339323 0.178704 0.008854 0.012963
4 0.338021 0.173148 0.009375 0.014815
5 0.348438 0.180556 0.009375 0.016667
4 0.352083 0.200000 0.009375 0.014815
5 0.370052 0.205093 0.011979 0.017593
4 0.357552 0.194907 0.009896 0.013889
4 0.359896 0.187500 0.010417 0.012037
4 0.372656 0.199537 0.009896 0.015741
5 0.377344 0.192593 0.009896 0.016667
5 0.376302 0.185648 0.007812 0.015741
4 0.365885 0.180556 0.008854 0.012963
5 0.382031 0.186574 0.009896 0.017593
4 0.369271 0.175926 0.008333 0.012963
4 0.352604 0.177778 0.010417 0.012963
4 0.344271 0.168056 0.008333 0.010185
5 0.351042 0.164815 0.008333 0.012963
4 0.355208 0.158333 0.008333 0.011111
4 0.358854 0.173611 0.008333 0.012037
5 0.360938 0.165741 0.007292 0.014815
5 0.364583 0.162037 0.007292 0.014815
4 0.354948 0.146759 0.006771 0.010185
4 0.373177 0.168519 0.007812 0.016667
5 0.377083 0.163426 0.007292 0.015741
4 0.360938 0.153241 0.008333 0.012037
4 0.361719 0.140278 0.006771 0.010185
5 0.364844 0.147685 0.006771 0.013889
4 0.385417 0.179167 0.008333 0.010185
4 0.388542 0.174537 0.007292 0.012037
4 0.390885 0.170833 0.007812 0.012037
4 0.394271 0.166667 0.008333 0.011111
5 0.394271 0.162037 0.007292 0.011111
4 0.398438 0.159259 0.008333 0.011111
4 0.400521 0.156019 0.007292 0.012037
4 0.403646 0.151389 0.007292 0.010185
4 0.405990 0.146296 0.006771 0.011111
4 0.402865 0.139815 0.006771 0.009259
4 0.410156 0.141667 0.005729 0.009259
4 0.410938 0.137500 0.008333 0.012037
5 0.413802 0.129167 0.006771 0.013889
4 0.381510 0.160648 0.007812 0.012037
4 0.383854 0.157870 0.007292 0.010185
4 0.386198 0.152778 0.007812 0.011111
5 0.388542 0.149074 0.007292 0.011111
5 0.391667 0.145833 0.007292 0.010185
5 0.393490 0.143056 0.005729 0.010185
5 0.397135 0.135185 0.006771 0.012963
4 0.371615 0.156481 0.006771 0.009259
4 0.373437 0.151852 0.007292 0.009259
5 0.377344 0.146296 0.007812 0.011111
5 0.381510 0.145833 0.006771 0.010185
5 0.384635 0.143056 0.005729 0.010185
4 0.369792 0.144444 0.006250 0.009259
4 0.372396 0.141204 0.007292 0.008333
4 0.376823 0.136574 0.006771 0.010185
4 0.374479 0.129630 0.006250 0.009259
4 0.667448 0.308796 0.034896 0.023148
5 0.703385 0.357870 0.033854 0.028704
5 0.732552 0.362500 0.043229 0.034259
5 0.740104 0.374537 0.050000 0.037963
5 0.761458 0.353241 0.035417 0.030556
5 0.790365 0.362963 0.043229 0.029630
5 0.794271 0.375463 0.035417 0.026852
4 0.801823 0.389815 0.045312 0.027778
5 0.807292 0.349074 0.043750 0.031481
5 0.843750 0.373611 0.046875 0.028704
5 0.864583 0.335185 0.039583 0.027778
4 0.866667 0.349074 0.041667 0.027778
5 0.861719 0.357407 0.042188 0.029630
9 0.912500 0.366204 0.083333 0.058333
5 0.948438 0.362500 0.038542 0.030556
4 0.963021 0.350926 0.038542 0.025926
