0 0.624479 0.311111 0.021875 0.033333
0 0.835938 0.293519 0.096875 0.035185
0 0.189583 0.283333 0.008333 0.025926
0 0.220833 0.301852 0.010417 0.018519
0 0.034896 0.303704 0.011458 0.022222
0 0.015104 0.297222 0.007292 0.016667
1 0.498958 0.534259 0.025000 0.138889
1 0.426563 0.504630 0.026042 0.112963
1 0.435937 0.500000 0.015625 0.066667
1 0.486979 0.497222 0.015625 0.072222
1 0.468750 0.489815 0.022917 0.090741
1 0.460938 0.467593 0.013542 0.057407
1 0.449479 0.460185 0.015625 0.061111
1 0.435937 0.453704 0.015625 0.059259
