4 0.072426 0.293464 0.033088 0.074510
4 0.219853 0.354902 0.029412 0.064052
2 0.177206 0.397386 0.011765 0.028758
2 0.181985 0.236601 0.011029 0.026144
10 0.182353 0.247059 0.010294 0.028758
10 0.178309 0.415033 0.009559 0.032680
4 0.169853 0.086928 0.023529 0.037908
4 0.216544 0.041830 0.022794 0.039216
4 0.405882 0.079739 0.050000 0.044444
4 0.383456 0.019608 0.021324 0.039216
1 0.394485 0.039869 0.006618 0.024837
1 0.406985 0.014379 0.006618 0.028758
4 0.495588 0.513725 0.041176 0.091503
10 0.605147 0.516993 0.011765 0.045752
4 0.562132 0.494771 0.043382 0.084967
4 0.561029 0.745098 0.055882 0.141176
