6 0.037868 0.764706 0.075735 0.141176
1 0.009926 0.714379 0.015441 0.050980
1 0.003676 0.724183 0.007353 0.049673
7 0.277941 0.870588 0.055882 0.133333
1 0.426471 0.849020 0.014706 0.077124
1 0.447426 0.930065 0.013971 0.077124
4 0.594118 0.845752 0.082353 0.143791
7 0.636029 0.960784 0.050000 0.078431
4 0.696324 0.930065 0.082353 0.139869
2 0.656985 0.824183 0.015441 0.064052
10 0.657721 0.823529 0.040441 0.049673
1 0.615441 0.788235 0.016176 0.065359
10 0.622059 0.790850 0.016176 0.060131
7 0.682353 0.747712 0.019118 0.067974
5 0.635662 0.737255 0.044853 0.101961
2 0.866912 0.910458 0.019118 0.061438
10 0.864706 0.934641 0.032353 0.073203
6 0.060294 0.541830 0.120588 0.105882
4 0.024632 0.472549 0.049265 0.048366
4 0.153309 0.488889 0.075735 0.049673
4 0.172794 0.462092 0.069118 0.043137
1 0.027941 0.393464 0.007353 0.036601
1 0.075735 0.405882 0.007353 0.037908
1 0.073529 0.392810 0.008824 0.032680
1 0.061765 0.367974 0.007353 0.035294
3 0.057353 0.408497 0.020588 0.019608
4 0.152941 0.322222 0.035294 0.037908
4 0.295956 0.400000 0.031618 0.047059
4 0.329412 0.337255 0.026471 0.039216
4 0.444853 0.364706 0.020588 0.039216
4 0.490074 0.399346 0.033088 0.045752
4 0.609191 0.539216 0.036029 0.056209
4 0.586029 0.429412 0.027941 0.043137
6 0.571324 0.352941 0.027941 0.065359
1 0.710662 0.511765 0.008088 0.037908
4 0.686765 0.386928 0.032353 0.041830
1 0.993750 0.601307 0.012500 0.044444
1 0.976838 0.523529 0.009559 0.045752
2 0.994118 0.543137 0.010294 0.032680
3 0.990441 0.560131 0.014706 0.027451
1 0.748162 0.547712 0.011029 0.047059
10 0.785294 0.626797 0.008824 0.043137
1 0.157353 0.295425 0.005882 0.026144
1 0.239706 0.278431 0.004412 0.028758
1 0.244853 0.277778 0.005882 0.027451
4 0.258456 0.294771 0.024265 0.030065
4 0.288603 0.320915 0.044853 0.027451
4 0.364706 0.274510 0.017647 0.023529
5 0.377941 0.239869 0.014706 0.027451
1 0.366544 0.251634 0.003676 0.011765
1 0.371324 0.278431 0.005882 0.018301
4 0.561765 0.301961 0.016176 0.028758
2 0.543382 0.294771 0.004412 0.014379
7 0.543750 0.300654 0.009559 0.026144
7 0.536397 0.262092 0.008088 0.024837
2 0.536029 0.256863 0.004412 0.016993
4 0.548162 0.237255 0.012500 0.019608
6 0.656618 0.297386 0.022059 0.050980
4 0.595588 0.224183 0.016176 0.024837
5 0.609559 0.249673 0.013235 0.026144
4 0.607353 0.237255 0.017647 0.019608
0 0.680147 0.254248 0.025000 0.045752
1 0.219118 0.237255 0.005882 0.024837
1 0.239338 0.241830 0.003676 0.023529
1 0.246691 0.239869 0.003676 0.022222
10 0.258456 0.227451 0.003676 0.013072
6 0.284559 0.263399 0.020588 0.030065
5 0.298529 0.239216 0.014706 0.026144
5 0.294853 0.190850 0.013235 0.020915
10 0.283088 0.204575 0.007353 0.011765
10 0.309559 0.182353 0.007353 0.014379
4 0.310662 0.171242 0.022794 0.013072
4 0.367279 0.160784 0.024265 0.013072
4 0.371691 0.158170 0.027206 0.013072
5 0.376103 0.149673 0.022794 0.014379
5 0.366176 0.133987 0.016176 0.014379
4 0.400735 0.124837 0.013235 0.009150
4 0.402941 0.120915 0.011765 0.006536
0 0.405882 0.112418 0.011765 0.013072
0 0.377574 0.118301 0.019853 0.011765
2 0.472794 0.162092 0.002941 0.007843
2 0.470956 0.147712 0.002206 0.010458
2 0.479044 0.141176 0.002206 0.007843
2 0.524265 0.150980 0.001471 0.009150
4 0.513603 0.156863 0.008088 0.010458
10 0.470588 0.152288 0.002941 0.006536
10 0.478676 0.143791 0.002941 0.007843
10 0.472794 0.165359 0.002941 0.009150
10 0.524265 0.154248 0.002941 0.010458
5 0.504412 0.151634 0.007353 0.015686
4 0.438971 0.126144 0.007353 0.011765
4 0.468382 0.125490 0.007353 0.010458
4 0.503309 0.123529 0.006618 0.009150
4 0.489706 0.120261 0.005882 0.007843
4 0.472426 0.107843 0.005147 0.006536
4 0.482353 0.103268 0.005882 0.005229
4 0.491544 0.109804 0.005147 0.007843
4 0.501838 0.098039 0.005147 0.010458
4 0.517279 0.103268 0.003676 0.007843
7 0.515441 0.126144 0.004412 0.014379
0 0.483088 0.088235 0.023529 0.022222
0 0.494485 0.049673 0.031618 0.052288
0 0.506985 0.084967 0.022794 0.015686
5 0.588235 0.111111 0.016176 0.013072
2 0.579779 0.193464 0.002206 0.015686
