0 0.465104 0.202778 0.061458 0.092593
0 0.512760 0.261574 0.018229 0.034259
0 0.529427 0.334722 0.046354 0.080556
0 0.628385 0.684259 0.041146 0.062963
4 0.478906 0.861111 0.040104 0.107407
6 0.555469 0.872222 0.064062 0.237037
1 0.616927 0.860648 0.015104 0.052778
1 0.618750 0.889352 0.009375 0.041667
1 0.590625 0.670833 0.009375 0.025000
1 0.590104 0.680093 0.009375 0.030556
1 0.529948 0.600000 0.007812 0.031481
1 0.524219 0.595833 0.010937 0.026852
10 0.528125 0.607407 0.028125 0.029630
1 0.496875 0.575926 0.009375 0.022222
3 0.497396 0.589352 0.012500 0.025000
1 0.470573 0.487500 0.008854 0.034259
1 0.454167 0.482870 0.007292 0.028704
1 0.397396 0.482870 0.011458 0.030556
1 0.395313 0.527315 0.009375 0.034259
4 0.434896 0.449537 0.017708 0.037963
4 0.405208 0.457407 0.018750 0.044444
4 0.464844 0.437500 0.016146 0.034259
4 0.469010 0.400000 0.015104 0.031481
4 0.505469 0.421759 0.016146 0.025000
4 0.558854 0.423148 0.014583 0.031481
10 0.563281 0.568519 0.008854 0.027778
10 0.586198 0.550000 0.011979 0.029630
4 0.573177 0.469907 0.015104 0.036111
4 0.721094 0.659259 0.063021 0.051852
4 0.709115 0.760185 0.050521 0.087037
0 0.650781 0.514815 0.090104 0.105556
4 0.352344 0.545370 0.030729 0.055556
4 0.460938 0.272685 0.012500 0.021296
0 0.412760 0.322222 0.066146 0.081481
0 0.251823 0.604167 0.118229 0.087963
