0 0.421354 0.159259 0.113542 0.144444
6 0.123958 0.790741 0.114583 0.251852
4 0.661979 0.775926 0.069792 0.118519
4 0.506250 0.501852 0.035417 0.059259
4 0.470833 0.282407 0.018750 0.038889
5 0.211458 0.601852 0.062500 0.107407
4 0.267708 0.490741 0.037500 0.062963
4 0.303125 0.402778 0.037500 0.046296
4 0.390625 0.264815 0.027083 0.044444
6 0.357292 0.259259 0.033333 0.040741
6 0.523438 0.360185 0.026042 0.053704
4 0.454167 0.247222 0.014583 0.024074
4 0.502604 0.304630 0.015625 0.027778
0 0.502083 0.223148 0.043750 0.050000
1 0.650521 0.525926 0.013542 0.040741
1 0.658854 0.520370 0.009375 0.051852
0 0.314063 0.348148 0.044792 0.055556
