0 0.167279 0.084314 0.138971 0.137255
7 0.922426 0.298693 0.050735 0.079739
10 0.961029 0.315686 0.030882 0.064052
1 0.789706 0.256863 0.022059 0.084967
1 0.809191 0.401961 0.022794 0.090196
1 0.800735 0.376471 0.013235 0.070588
2 0.788603 0.358170 0.018382 0.078431
1 0.744485 0.344444 0.019853 0.090196
1 0.725735 0.340523 0.017647 0.087582
1 0.718382 0.343137 0.013235 0.043137
1 0.723897 0.291503 0.019853 0.067974
1 0.745956 0.288235 0.018382 0.069281
1 0.938971 0.538562 0.032353 0.112418
1 0.901471 0.620915 0.039706 0.125490
1 0.865441 0.599346 0.029412 0.113725
1 0.861765 0.935294 0.039706 0.121569
1 0.798529 0.962092 0.035294 0.070588
1 0.793750 0.831373 0.034559 0.138562
1 0.751838 0.930065 0.038971 0.134641
1 0.720588 0.853595 0.041176 0.128105
1 0.752941 0.774510 0.033824 0.124183
1 0.681985 0.786928 0.036029 0.120261
1 0.715074 0.709804 0.034559 0.122876
1 0.771324 0.646405 0.030882 0.126797
1 0.759559 0.609804 0.032353 0.108497
1 0.790074 0.625490 0.024265 0.103268
1 0.699632 0.377124 0.019853 0.090196
1 0.647426 0.420915 0.019853 0.088889
1 0.631618 0.354902 0.014706 0.053595
1 0.645956 0.347059 0.018382 0.084967
2 0.623529 0.288235 0.019118 0.058824
3 0.622426 0.304575 0.028676 0.047059
1 0.590809 0.326797 0.012500 0.081046
1 0.588603 0.390196 0.022794 0.079739
1 0.591544 0.430065 0.016912 0.078431
1 0.668015 0.507190 0.021324 0.104575
1 0.642647 0.534641 0.026471 0.101961
1 0.653309 0.617647 0.028676 0.105882
1 0.652941 0.732026 0.027941 0.128105
1 0.620221 0.696078 0.030147 0.118954
1 0.567647 0.641176 0.033824 0.118954
1 0.608456 0.571242 0.021324 0.107190
1 0.589706 0.535294 0.020588 0.100654
1 0.573897 0.482353 0.012500 0.054902
2 0.584191 0.484967 0.031618 0.044444
1 0.560294 0.513725 0.023529 0.104575
1 0.551471 0.390196 0.020588 0.100654
1 0.532353 0.461438 0.020588 0.104575
1 0.493015 0.497386 0.027206 0.100654
1 0.506985 0.624183 0.031618 0.126797
1 0.443015 0.609150 0.022794 0.115033
1 0.435662 0.508497 0.030147 0.104575
1 0.382721 0.523529 0.022794 0.113725
1 0.341176 0.628758 0.050000 0.117647
1 0.346691 0.532026 0.027206 0.107190
1 0.301103 0.557516 0.027206 0.113725
1 0.220221 0.592157 0.043382 0.120261
1 0.252574 0.676471 0.034559 0.116340
1 0.152574 0.628758 0.038971 0.112418
1 0.163603 0.726797 0.037500 0.122876
1 0.055882 0.686275 0.045588 0.117647
1 0.068015 0.779085 0.046324 0.125490
1 0.404412 0.358170 0.025000 0.078431
1 0.385294 0.280392 0.017647 0.074510
1 0.479412 0.222222 0.016176 0.078431
1 0.478309 0.186928 0.011029 0.052288
1 0.465809 0.154248 0.012500 0.075817
1 0.455147 0.208497 0.016176 0.084967
1 0.441912 0.222222 0.016176 0.078431
1 0.434191 0.216993 0.009559 0.070588
1 0.421324 0.220915 0.013235 0.073203
1 0.298529 0.062092 0.013235 0.056209
1 0.309191 0.066013 0.012500 0.053595
1 0.329412 0.151634 0.014706 0.067974
1 0.309191 0.162092 0.015441 0.073203
1 0.281985 0.134641 0.016912 0.070588
1 0.273529 0.156209 0.016176 0.066667
1 0.255882 0.154902 0.017647 0.066667
