4 0.035662 0.400654 0.034559 0.032680
5 0.064706 0.450327 0.042647 0.053595
4 0.055515 0.484314 0.041912 0.040523
4 0.070221 0.528105 0.041912 0.031373
4 0.087132 0.570588 0.038971 0.030065
4 0.345956 0.581699 0.024265 0.047059
4 0.126471 0.674510 0.039706 0.041830
1 0.076471 0.809804 0.017647 0.011765
1 0.135294 0.936601 0.014706 0.019608
4 0.018750 0.928105 0.025735 0.067974
4 0.050368 0.885621 0.024265 0.071895
2 0.068015 0.964052 0.009559 0.011765
10 0.068750 0.964052 0.013971 0.019608
4 0.087500 0.984314 0.030882 0.031373
4 0.191912 0.889542 0.038235 0.053595
2 0.199632 0.958824 0.008088 0.014379
10 0.201471 0.956209 0.011765 0.022222
4 0.243382 0.947712 0.036765 0.054902
4 0.255515 0.743791 0.034559 0.047059
1 0.323529 0.885621 0.007353 0.009150
1 0.326103 0.892810 0.008088 0.010458
2 0.386397 0.798693 0.006618 0.013072
10 0.387132 0.798039 0.011029 0.016993
2 0.302206 0.726144 0.004412 0.011765
10 0.302206 0.726144 0.013235 0.016993
4 0.440441 0.835294 0.032353 0.054902
4 0.464338 0.792157 0.036029 0.062745
4 0.495588 0.763399 0.030882 0.062745
4 0.507353 0.665359 0.036765 0.039216
4 0.431250 0.691503 0.034559 0.047059
4 0.484191 0.560131 0.034559 0.050980
4 0.476471 0.495425 0.035294 0.047059
4 0.553309 0.350327 0.027206 0.062745
4 0.593382 0.301307 0.025000 0.061438
4 0.623529 0.270588 0.033824 0.052288
4 0.691176 0.196732 0.029412 0.058824
7 0.706985 0.181699 0.018382 0.039216
4 0.766544 0.117647 0.024265 0.041830
9 0.966544 0.036601 0.065441 0.073203
4 0.983824 0.080392 0.030882 0.048366
2 0.986397 0.128105 0.006618 0.013072
10 0.984926 0.131373 0.011029 0.019608
4 0.846324 0.162745 0.036765 0.053595
2 0.789706 0.166667 0.007353 0.016993
10 0.789338 0.169935 0.013971 0.020915
4 0.931250 0.245752 0.036029 0.049673
4 0.921324 0.278431 0.033824 0.052288
10 0.902941 0.312418 0.008824 0.020915
10 0.895956 0.322222 0.006618 0.022222
10 0.888603 0.328758 0.012500 0.019608
3 0.882721 0.335948 0.009559 0.023529
10 0.876471 0.340523 0.007353 0.024837
1 0.846691 0.260131 0.011029 0.018301
4 0.869485 0.274510 0.034559 0.049673
4 0.835294 0.231373 0.033824 0.047059
4 0.759191 0.264052 0.034559 0.052288
4 0.722426 0.417647 0.034559 0.045752
4 0.666544 0.417647 0.036029 0.045752
4 0.683088 0.458170 0.036765 0.053595
10 0.404044 0.863399 0.006618 0.022222
4 0.409926 0.863399 0.008088 0.022222
4 0.417279 0.854248 0.008088 0.022222
4 0.424632 0.851634 0.009559 0.022222
10 0.666544 0.615686 0.008088 0.020915
10 0.661397 0.617647 0.008088 0.019608
10 0.734191 0.447059 0.006618 0.026144
10 0.725000 0.456863 0.007353 0.022222
1 0.774632 0.466667 0.008088 0.015686
1 0.458824 0.342484 0.004412 0.007843
1 0.471691 0.371242 0.005147 0.010458
1 0.475735 0.376471 0.004412 0.007843
1 0.506985 0.478431 0.002206 0.010458
2 0.507353 0.504575 0.005882 0.010458
10 0.506985 0.504575 0.009559 0.015686
1 0.619485 0.501307 0.008088 0.009150
2 0.629412 0.509150 0.005882 0.011765
10 0.629044 0.507843 0.009559 0.016993
2 0.577574 0.443137 0.006618 0.015686
10 0.576103 0.443791 0.011029 0.016993
2 0.583824 0.403268 0.004412 0.011765
10 0.582721 0.405882 0.009559 0.014379
2 0.549265 0.449020 0.007353 0.011765
10 0.548897 0.449020 0.011029 0.019608
