0 0.480208 0.266667 0.170833 0.185185
4 0.570312 0.709259 0.061458 0.111111
4 0.313542 0.803704 0.062500 0.144444
4 0.498958 0.508333 0.035417 0.053704
4 0.525000 0.440741 0.027083 0.044444
4 0.294792 0.572222 0.037500 0.074074
4 0.154167 0.638889 0.037500 0.074074
4 0.190625 0.649074 0.035417 0.083333
4 0.367708 0.484259 0.033333 0.050000
4 0.334375 0.481481 0.027083 0.040741
4 0.392188 0.407407 0.017708 0.025926
2 0.400521 0.672222 0.009375 0.033333
2 0.382812 0.550000 0.013542 0.022222
2 0.416667 0.379630 0.006250 0.014815
2 0.411979 0.542593 0.011458 0.014815
2 0.364583 0.535185 0.012500 0.018519
2 0.546354 0.403704 0.011458 0.014815
2 0.588021 0.516667 0.011458 0.014815
7 0.400521 0.687963 0.026042 0.057407
3 0.364063 0.554630 0.013542 0.027778
3 0.381771 0.569444 0.013542 0.027778
10 0.413021 0.561111 0.013542 0.025926
10 0.416146 0.388889 0.011458 0.018519
10 0.587500 0.535185 0.014583 0.022222
3 0.546354 0.412963 0.009375 0.018519
2 0.547396 0.368519 0.007292 0.014815
3 0.548438 0.379630 0.009375 0.011111
3 0.233333 0.663889 0.031250 0.046296
5 0.324479 0.443519 0.042708 0.035185
5 0.335417 0.436111 0.045833 0.035185
4 0.342187 0.421296 0.042708 0.031481
4 0.598437 0.490741 0.028125 0.040741
4 0.575000 0.430556 0.020833 0.035185
4 0.562500 0.400926 0.020833 0.031481
1 0.574479 0.395370 0.005208 0.024074
2 0.568750 0.398148 0.006250 0.022222
7 0.585938 0.457407 0.011458 0.029630
10 0.071875 0.659259 0.020833 0.029630
