4 0.048438 0.932407 0.096875 0.127778
10 0.052083 0.781481 0.045833 0.051852
10 0.063021 0.758333 0.048958 0.050000
10 0.108333 0.682407 0.035417 0.057407
10 0.245312 0.613889 0.013542 0.046296
2 0.245312 0.595370 0.013542 0.050000
2 0.261458 0.596296 0.014583 0.051852
10 0.261458 0.610185 0.016667 0.053704
1 0.238021 0.430556 0.009375 0.050000
10 0.252604 0.437963 0.026042 0.038889
10 0.272396 0.409259 0.026042 0.029630
4 0.304688 0.349074 0.021875 0.035185
6 0.320833 0.318519 0.031250 0.029630
4 0.360938 0.260185 0.013542 0.027778
10 0.346354 0.346296 0.007292 0.022222
4 0.465625 0.571296 0.039583 0.068519
10 0.583854 0.590741 0.015625 0.055556
2 0.583854 0.580556 0.015625 0.046296
2 0.763021 0.928704 0.028125 0.061111
2 0.782292 0.967593 0.029167 0.064815
2 0.345833 0.337963 0.008333 0.024074
7 0.366146 0.343519 0.015625 0.031481
2 0.365104 0.334259 0.009375 0.024074
4 0.424479 0.286111 0.015625 0.024074
5 0.437500 0.237963 0.010417 0.024074
4 0.438021 0.225000 0.009375 0.016667
8 0.392188 0.250926 0.009375 0.020370
10 0.384375 0.272222 0.004167 0.011111
2 0.384375 0.264815 0.004167 0.014815
4 0.475521 0.295370 0.017708 0.024074
4 0.472917 0.240741 0.012500 0.018519
8 0.475000 0.209259 0.006250 0.014815
8 0.496354 0.205556 0.005208 0.014815
4 0.492708 0.227778 0.010417 0.018519
5 0.430208 0.186111 0.008333 0.020370
0 0.408854 0.212963 0.028125 0.070370
0 0.446354 0.141667 0.044792 0.061111
0 0.447396 0.187037 0.023958 0.022222
10 0.502083 0.299074 0.004167 0.020370
2 0.502083 0.298148 0.004167 0.014815
2 0.502083 0.294444 0.004167 0.018519
10 0.504687 0.296296 0.005208 0.014815
2 0.503646 0.288889 0.005208 0.018519
10 0.492188 0.243519 0.003125 0.012963
2 0.492188 0.238889 0.003125 0.014815
0 0.483854 0.195370 0.009375 0.031481
0 0.481250 0.225000 0.006250 0.009259
10 0.546875 0.425000 0.010417 0.031481
2 0.546354 0.420370 0.013542 0.033333
4 0.600521 0.440741 0.030208 0.051852
