4 0.369792 0.892593 0.047917 0.125926
10 0.301563 0.829630 0.036458 0.051852
10 0.383854 0.733333 0.009375 0.044444
10 0.368750 0.737963 0.008333 0.042593
10 0.486458 0.662963 0.010417 0.033333
10 0.493229 0.578704 0.017708 0.027778
10 0.516146 0.608333 0.026042 0.035185
10 0.565104 0.736111 0.032292 0.038889
10 0.573958 0.763889 0.031250 0.038889
2 0.368750 0.725000 0.012500 0.042593
2 0.383854 0.718519 0.011458 0.037037
2 0.486979 0.656481 0.011458 0.031481
2 0.492188 0.572222 0.009375 0.033333
1 0.500521 0.607407 0.007292 0.040741
4 0.410938 0.618519 0.032292 0.070370
6 0.325000 0.674074 0.031250 0.114815
4 0.441667 0.562963 0.029167 0.040741
6 0.648958 0.937037 0.104167 0.125926
1 0.463021 0.517593 0.007292 0.031481
1 0.469271 0.517593 0.005208 0.035185
3 0.447917 0.517593 0.006250 0.024074
2 0.447917 0.512037 0.006250 0.024074
2 0.429688 0.446296 0.007292 0.022222
2 0.429167 0.375926 0.006250 0.014815
10 0.430208 0.452778 0.006250 0.020370
10 0.429167 0.380556 0.006250 0.016667
4 0.466146 0.465741 0.019792 0.031481
1 0.520833 0.572222 0.006250 0.033333
10 0.461979 0.445370 0.017708 0.020370
7 0.457813 0.429630 0.011458 0.022222
4 0.409375 0.350000 0.014583 0.018519
10 0.397917 0.326852 0.008333 0.012963
10 0.389583 0.325926 0.008333 0.011111
10 0.406250 0.332407 0.004167 0.012963
10 0.410417 0.307407 0.006250 0.007407
10 0.420312 0.338889 0.005208 0.011111
2 0.420833 0.336111 0.004167 0.012963
2 0.405729 0.327778 0.003125 0.014815
2 0.397917 0.323148 0.004167 0.012963
2 0.390625 0.321296 0.004167 0.009259
2 0.410938 0.302778 0.003125 0.009259
1 0.380208 0.336111 0.004167 0.016667
4 0.373958 0.299074 0.008333 0.012963
4 0.373958 0.287037 0.008333 0.011111
4 0.375000 0.278704 0.008333 0.012963
4 0.406771 0.288889 0.009375 0.011111
4 0.398438 0.284259 0.007292 0.012963
7 0.399479 0.295370 0.005208 0.009259
7 0.391667 0.294444 0.004167 0.007407
2 0.398958 0.291667 0.002083 0.012963
2 0.391146 0.291667 0.003125 0.009259
2 0.385937 0.284259 0.003125 0.009259
10 0.385937 0.287037 0.003125 0.007407
