4 0.576042 0.849537 0.140625 0.239815
4 0.385417 0.895833 0.142708 0.208333
4 0.391667 0.712963 0.078125 0.125926
2 0.627865 0.684259 0.023438 0.075926
3 0.625781 0.725926 0.013021 0.061111
1 0.134115 0.774074 0.032813 0.183333
1 0.094271 0.748611 0.040625 0.160185
1 0.038542 0.820833 0.048958 0.208333
1 0.036198 0.788889 0.033854 0.185185
2 0.288802 0.588889 0.017188 0.055556
3 0.289062 0.604167 0.035417 0.041667
2 0.323437 0.584259 0.009375 0.042593
2 0.327604 0.581019 0.007292 0.039815
2 0.334635 0.575463 0.018229 0.043519
3 0.326042 0.612963 0.031250 0.033333
3 0.326823 0.605556 0.027604 0.031481
3 0.334375 0.597685 0.027083 0.037963
2 0.354427 0.596296 0.011979 0.070370
3 0.354427 0.618981 0.032813 0.032407
2 0.370833 0.598611 0.013542 0.049074
3 0.374219 0.619444 0.036979 0.050000
2 0.409375 0.597685 0.016667 0.050926
10 0.412760 0.619907 0.030729 0.036111
2 0.414323 0.582407 0.010937 0.040741
3 0.415365 0.608796 0.038021 0.036111
2 0.534115 0.618056 0.014063 0.063889
3 0.537500 0.635648 0.044792 0.050926
3 0.744792 0.601852 0.034375 0.031481
2 0.657552 0.587037 0.016146 0.044444
3 0.653646 0.600463 0.030208 0.036111
2 0.595052 0.610648 0.017188 0.056481
3 0.595573 0.634722 0.010937 0.036111
2 0.586719 0.573148 0.011979 0.031481
3 0.588802 0.589815 0.025521 0.033333
2 0.569531 0.578704 0.014063 0.042593
3 0.567448 0.600463 0.030729 0.034259
2 0.550260 0.570370 0.011979 0.035185
10 0.548958 0.585648 0.017708 0.034259
2 0.527344 0.563889 0.013021 0.040741
3 0.527604 0.582870 0.019792 0.028704
2 0.515625 0.575000 0.013542 0.038889
3 0.513021 0.595370 0.029167 0.031481
2 0.482552 0.598611 0.014063 0.065741
3 0.484115 0.618519 0.038021 0.037037
2 0.485677 0.567130 0.015104 0.037963
3 0.483854 0.583796 0.028125 0.030556
2 0.498177 0.562500 0.011979 0.039815
2 0.500781 0.542593 0.007812 0.024074
2 0.489063 0.520370 0.006250 0.016667
2 0.481771 0.521759 0.007292 0.017593
2 0.474219 0.521296 0.005729 0.018519
10 0.488542 0.530556 0.006250 0.016667
10 0.482031 0.533333 0.003646 0.016667
10 0.473438 0.531481 0.004167 0.011111
4 0.451042 0.556019 0.026042 0.041667
9 0.458854 0.521759 0.028125 0.067593
4 0.443750 0.524074 0.011458 0.020370
4 0.441927 0.514815 0.014063 0.024074
2 0.420052 0.511574 0.006771 0.019444
3 0.420573 0.518981 0.003646 0.015741
2 0.412240 0.537963 0.006771 0.025926
3 0.411719 0.552778 0.004687 0.020370
2 0.406250 0.544444 0.008333 0.020370
7 0.405208 0.556481 0.010417 0.024074
2 0.385417 0.545370 0.008333 0.031481
3 0.385417 0.561111 0.007292 0.029630
4 0.644271 0.562037 0.052083 0.048148
4 0.608333 0.554630 0.036458 0.046296
4 0.589583 0.548611 0.032292 0.034259
4 0.580469 0.548148 0.030729 0.035185
4 0.573438 0.543056 0.038542 0.030556
4 0.545833 0.527778 0.041667 0.024074
4 0.498177 0.518056 0.013021 0.021296
4 0.513542 0.512500 0.025000 0.026852
0 0.967969 0.656481 0.064062 0.062963
