5 0.584375 0.564815 0.072917 0.074074
0 0.492708 0.162037 0.041667 0.053704
0 0.486979 0.208333 0.069792 0.035185
4 0.477604 0.231481 0.009375 0.018519
4 0.468750 0.271296 0.008333 0.016667
8 0.518750 0.380556 0.010417 0.031481
8 0.443750 0.383333 0.010417 0.025926
8 0.436979 0.316667 0.007292 0.022222
5 0.251042 0.444444 0.035417 0.040741
5 0.302604 0.437037 0.017708 0.033333
5 0.314063 0.406481 0.019792 0.042593
0 0.083854 0.411111 0.040625 0.051852
6 0.127604 0.354630 0.055208 0.031481
4 0.156250 0.364815 0.029167 0.025926
4 0.201042 0.359259 0.022917 0.022222
4 0.221875 0.363889 0.039583 0.024074
8 0.219271 0.567593 0.048958 0.050000
10 0.275521 0.556481 0.013542 0.042593
2 0.274479 0.544444 0.009375 0.025926
2 0.513021 0.635185 0.007292 0.029630
2 0.539583 0.626852 0.006250 0.031481
2 0.465104 0.611111 0.007292 0.025926
8 0.355208 0.680556 0.027083 0.072222
10 0.464062 0.624074 0.023958 0.018519
3 0.515104 0.653704 0.007292 0.018519
3 0.538542 0.642593 0.008333 0.025926
7 0.620833 0.644444 0.014583 0.044444
10 0.528646 0.497222 0.009375 0.038889
10 0.539062 0.527778 0.009375 0.048148
2 0.389062 0.451852 0.007292 0.025926
2 0.418750 0.418519 0.004167 0.025926
2 0.407292 0.381481 0.006250 0.018519
2 0.430729 0.337037 0.005208 0.022222
2 0.528646 0.287963 0.005208 0.024074
4 0.531771 0.257407 0.009375 0.022222
10 0.535937 0.330556 0.005208 0.020370
3 0.546354 0.337963 0.005208 0.024074
10 0.555208 0.382407 0.006250 0.024074
10 0.409375 0.386111 0.008333 0.001852
0 0.450521 0.252778 0.032292 0.046296
