4 0.119271 0.872222 0.121875 0.155556
4 0.316667 0.347222 0.043750 0.142593
4 0.617708 0.692593 0.045833 0.144444
4 0.690625 0.067593 0.037500 0.087037
4 0.741146 0.060185 0.044792 0.098148
4 0.789062 0.066667 0.040625 0.092593
4 0.718229 0.680556 0.071875 0.098148
7 0.831250 0.340741 0.031250 0.096296
7 0.539062 0.411111 0.023958 0.092593
7 0.242708 0.864815 0.054167 0.196296
7 0.026042 0.675000 0.052083 0.053704
1 0.122396 0.504630 0.023958 0.050000
7 0.589583 0.033333 0.029167 0.066667
4 0.347396 0.026852 0.032292 0.050000
1 0.231771 0.903704 0.032292 0.044444
