4 0.037132 0.733333 0.074265 0.133333
4 0.481985 0.464706 0.103676 0.152941
4 0.520956 0.307190 0.088971 0.101961
4 0.540441 0.239216 0.083824 0.070588
4 0.798529 0.213725 0.075000 0.079739
4 0.894853 0.072549 0.060294 0.071895
4 0.020588 0.107190 0.041176 0.078431
1 0.176103 0.279085 0.016912 0.066667
2 0.240074 0.396078 0.018382 0.052288
3 0.240441 0.412418 0.042647 0.053595
5 0.663971 0.043791 0.057353 0.069281
4 0.772426 0.012418 0.041912 0.024837
2 0.746324 0.586275 0.020588 0.056209
10 0.745221 0.600654 0.034559 0.061438
