4 0.798897 0.813072 0.272794 0.366013
1 0.879412 0.560784 0.055882 0.115033
1 0.900000 0.398693 0.054412 0.115033
1 0.598162 0.279739 0.037500 0.112418
2 0.512868 0.362745 0.030147 0.079739
1 0.509926 0.691503 0.037500 0.078431
1 0.526471 0.752941 0.032353 0.091503
1 0.502941 0.798693 0.029412 0.091503
1 0.448162 0.924837 0.022794 0.071895
1 0.391544 0.875163 0.033088 0.079739
1 0.384559 0.938562 0.030882 0.073203
1 0.355515 0.968627 0.033088 0.062745
1 0.323529 0.941176 0.038235 0.067974
1 0.293015 0.966013 0.038971 0.067974
1 0.259191 0.883007 0.056618 0.071895
1 0.028676 0.271242 0.051471 0.132026
1 0.038971 0.330065 0.072059 0.113725
1 0.126471 0.154248 0.051471 0.128105
1 0.070588 0.262092 0.063235 0.103268
1 0.025000 0.860131 0.050000 0.086275
1 0.195956 0.969281 0.038971 0.061438
