0 0.316146 0.202315 0.115625 0.073148
4 0.453125 0.952778 0.053125 0.094444
4 0.524479 0.956944 0.053125 0.086111
4 0.444271 0.783333 0.039583 0.081481
4 0.500260 0.821759 0.041146 0.091667
4 0.554688 0.757870 0.042708 0.084259
4 0.441146 0.669444 0.031250 0.061111
5 0.496615 0.722685 0.040104 0.078704
4 0.484635 0.643056 0.032813 0.065741
4 0.533854 0.656481 0.037500 0.068519
4 0.523958 0.593981 0.028125 0.047222
4 0.480469 0.591667 0.028646 0.046296
4 0.435937 0.599537 0.026042 0.050926
4 0.282292 0.861574 0.054167 0.130556
9 0.181771 0.870833 0.147917 0.258333
4 0.098177 0.957407 0.071354 0.085185
4 0.155208 0.764352 0.056250 0.082407
4 0.246354 0.754167 0.042708 0.086111
4 0.325260 0.664352 0.035937 0.069444
4 0.337760 0.591204 0.029687 0.058333
5 0.276562 0.643056 0.043750 0.100926
4 0.262500 0.510648 0.026042 0.039815
9 0.270573 0.549537 0.071354 0.130556
4 0.314583 0.386574 0.015625 0.025000
4 0.329427 0.404167 0.015104 0.026852
4 0.358854 0.413889 0.016667 0.027778
9 0.567708 0.589352 0.067708 0.145370
4 0.431771 0.543519 0.023958 0.042593
4 0.471094 0.545833 0.024479 0.043519
4 0.498958 0.525000 0.022917 0.038889
4 0.487240 0.493056 0.023438 0.034259
4 0.479687 0.467593 0.018750 0.031481
4 0.508073 0.474074 0.023438 0.033333
4 0.472656 0.450926 0.015104 0.027778
4 0.465365 0.433333 0.016146 0.025926
4 0.454688 0.417130 0.017708 0.025000
4 0.450000 0.403241 0.016667 0.025000
4 0.442969 0.390741 0.015104 0.022222
4 0.439323 0.376389 0.016146 0.019444
4 0.429688 0.361574 0.014583 0.021296
4 0.428646 0.507407 0.021875 0.035185
4 0.420573 0.481481 0.020313 0.031481
4 0.417708 0.455093 0.019792 0.028704
4 0.413021 0.431481 0.016667 0.025926
4 0.407813 0.415278 0.016667 0.026852
4 0.402344 0.400463 0.016146 0.025000
4 0.401823 0.385648 0.015104 0.021296
4 0.396875 0.374537 0.013542 0.021296
4 0.392708 0.363889 0.013542 0.020370
4 0.388802 0.352778 0.013021 0.018519
9 0.458073 0.477778 0.038021 0.094444
4 0.438021 0.436574 0.018750 0.026852
4 0.432292 0.418056 0.016667 0.025000
4 0.426823 0.404167 0.015104 0.023148
4 0.423958 0.388426 0.013542 0.021296
4 0.415885 0.375926 0.014063 0.020370
4 0.409896 0.362037 0.014583 0.020370
9 0.484896 0.407870 0.032292 0.058333
4 0.469531 0.399537 0.014063 0.023148
4 0.462240 0.385648 0.015104 0.019444
4 0.453906 0.371296 0.015104 0.022222
4 0.446615 0.359722 0.015104 0.019444
4 0.438802 0.329630 0.024479 0.016667
5 0.358073 0.311574 0.024479 0.019444
4 0.383594 0.308796 0.019271 0.015741
4 0.254167 0.308333 0.025000 0.014815
5 0.311458 0.312963 0.025000 0.016667
4 0.270313 0.323611 0.015625 0.013889
4 0.295573 0.307407 0.020313 0.016667
4 0.339844 0.308333 0.020313 0.014815
4 0.378646 0.304167 0.014583 0.012037
4 0.378646 0.294907 0.009375 0.012037
4 0.393750 0.299074 0.009375 0.012963
4 0.347396 0.293981 0.009375 0.013889
4 0.334375 0.292130 0.009375 0.015741
4 0.320312 0.292130 0.009375 0.012037
4 0.308333 0.290278 0.009375 0.013889
4 0.319531 0.287037 0.008854 0.011111
4 0.317188 0.273611 0.009375 0.012037
4 0.313542 0.266667 0.007292 0.011111
4 0.330469 0.285185 0.008854 0.014815
4 0.344271 0.287963 0.008333 0.014815
4 0.333073 0.259259 0.007812 0.011111
4 0.361198 0.262963 0.007812 0.011111
4 0.350781 0.246296 0.006771 0.011111
4 0.366406 0.256019 0.006771 0.010185
4 0.375781 0.270833 0.007812 0.012037
5 0.163021 0.438426 0.036458 0.050926
4 0.139844 0.458796 0.026562 0.034259
4 0.034635 0.510648 0.063021 0.036111
1 0.700781 0.825000 0.007812 0.061111
1 0.708073 0.813889 0.011979 0.055556
1 0.736979 0.828704 0.010417 0.061111
1 0.747656 0.825463 0.010937 0.054630
4 0.730990 0.663889 0.029687 0.057407
4 0.037500 0.567130 0.007292 0.032407
1 0.049219 0.560648 0.006771 0.032407
1 0.932031 0.928704 0.007812 0.035185
1 0.941146 0.923148 0.011458 0.053704
1 0.104948 0.715741 0.009896 0.042593
1 0.094531 0.769444 0.016146 0.044444
1 0.116927 0.702778 0.008854 0.042593
1 0.059115 0.565278 0.009896 0.039815
1 0.053906 0.554167 0.007812 0.037963
1 0.182812 0.446296 0.007292 0.029630
2 0.211198 0.414815 0.005729 0.022222
3 0.211198 0.419444 0.005729 0.020370
2 0.220312 0.397685 0.005208 0.021296
3 0.220573 0.401389 0.003646 0.023148
1 0.239583 0.357407 0.005208 0.020370
1 0.151042 0.653704 0.010417 0.038889
4 0.125260 0.404167 0.022396 0.037963
4 0.240104 0.435185 0.021875 0.037037
1 0.254167 0.427315 0.005208 0.025000
2 0.235156 0.389815 0.005729 0.020370
10 0.235417 0.393056 0.005208 0.019444
2 0.322135 0.343519 0.004687 0.014815
2 0.330208 0.336111 0.004167 0.012963
2 0.343490 0.336574 0.004687 0.013889
2 0.313281 0.325463 0.004687 0.015741
1 0.337500 0.336574 0.004167 0.017593
2 0.380990 0.331019 0.004687 0.013889
2 0.389844 0.330093 0.004687 0.013889
2 0.392969 0.327315 0.003646 0.013889
2 0.435677 0.331944 0.004687 0.013889
2 0.443750 0.333796 0.003125 0.012037
10 0.444792 0.337963 0.008333 0.011111
10 0.434375 0.334722 0.008333 0.010185
10 0.380990 0.336574 0.008854 0.010185
10 0.390365 0.334259 0.009896 0.011111
3 0.392448 0.331944 0.008854 0.010185
3 0.342448 0.343056 0.009896 0.012037
3 0.329688 0.341667 0.009375 0.009259
3 0.314323 0.329630 0.008854 0.009259
10 0.322135 0.347685 0.010937 0.012037
