0 0.173437 0.248148 0.155208 0.122222
0 0.041146 0.192593 0.082292 0.133333
0 0.147917 0.150000 0.087500 0.111111
0 0.375521 0.040741 0.090625 0.070370
0 0.571354 0.053704 0.207292 0.096296
1 0.236979 0.864815 0.019792 0.085185
1 0.253646 0.632407 0.021875 0.112963
1 0.311458 0.837963 0.027083 0.101852
1 0.327083 0.785185 0.027083 0.148148
1 0.900521 0.869444 0.030208 0.138889
1 0.862500 0.830556 0.031250 0.050000
1 0.905729 0.600000 0.015625 0.055556
2 0.931250 0.600000 0.022917 0.066667
2 0.968229 0.614815 0.034375 0.088889
1 0.893750 0.425926 0.022917 0.092593
1 0.863542 0.448148 0.025000 0.081481
1 0.817708 0.394444 0.027083 0.100000
1 0.684896 0.336111 0.013542 0.072222
1 0.640625 0.325926 0.018750 0.070370
1 0.598958 0.339815 0.012500 0.064815
1 0.579688 0.321296 0.011458 0.068519
1 0.571875 0.300000 0.010417 0.062963
1 0.554167 0.296296 0.010417 0.066667
1 0.548958 0.285185 0.010417 0.070370
1 0.722917 0.654630 0.033333 0.105556
1 0.441667 0.792593 0.018750 0.092593
1 0.471354 0.787963 0.023958 0.120370
1 0.126562 0.387037 0.017708 0.074074
7 0.070833 0.509259 0.062500 0.085185
2 0.096875 0.464815 0.020833 0.051852
1 0.118229 0.479630 0.026042 0.088889
1 0.134375 0.470370 0.014583 0.055556
1 0.606250 0.812963 0.012500 0.062963
1 0.636979 0.801852 0.019792 0.111111
1 0.627604 0.894444 0.036458 0.144444
2 0.704167 0.865741 0.029167 0.068519
2 0.730208 0.859259 0.033333 0.081481
2 0.773438 0.850926 0.051042 0.068519
2 0.781250 0.843519 0.014583 0.046296
1 0.242188 0.388889 0.021875 0.081481
1 0.222917 0.363889 0.014583 0.068519
1 0.203646 0.384259 0.011458 0.064815
1 0.195312 0.408333 0.013542 0.064815
1 0.155208 0.423148 0.012500 0.064815
1 0.166667 0.428704 0.014583 0.072222
2 0.183333 0.413889 0.014583 0.024074
1 0.183333 0.441667 0.014583 0.046296
1 0.182812 0.507407 0.023958 0.088889
2 0.183333 0.479630 0.010417 0.040741
1 0.302604 0.488889 0.019792 0.100000
1 0.327083 0.475000 0.014583 0.075926
1 0.326042 0.504630 0.018750 0.090741
1 0.343750 0.625926 0.022917 0.107407
1 0.558333 0.796296 0.039583 0.125926
1 0.409375 0.468519 0.025000 0.096296
1 0.560417 0.548148 0.018750 0.096296
1 0.653125 0.533333 0.016667 0.092593
1 0.647917 0.513889 0.016667 0.090741
1 0.628646 0.499074 0.017708 0.094444
1 0.520833 0.752778 0.031250 0.112963
1 0.511979 0.751852 0.017708 0.096296
1 0.658854 0.687037 0.013542 0.092593
1 0.645312 0.676852 0.019792 0.090741
1 0.630729 0.692593 0.013542 0.048148
1 0.617708 0.670370 0.014583 0.096296
1 0.604167 0.653704 0.016667 0.100000
1 0.587500 0.644444 0.012500 0.088889
1 0.581771 0.658333 0.013542 0.079630
1 0.569792 0.644444 0.012500 0.085185
1 0.570833 0.706481 0.018750 0.098148
1 0.555729 0.712037 0.019792 0.124074
1 0.609896 0.488889 0.015625 0.092593
2 0.595833 0.505556 0.016667 0.077778
2 0.581771 0.499074 0.015625 0.075926
1 0.564063 0.487037 0.017708 0.081481
1 0.542188 0.659259 0.021875 0.100000
1 0.544792 0.630556 0.010417 0.075926
1 0.518750 0.615741 0.010417 0.057407
1 0.363542 0.634259 0.025000 0.109259
1 0.382292 0.636111 0.014583 0.090741
2 0.372396 0.606481 0.013542 0.061111
1 0.541146 0.515741 0.015625 0.101852
1 0.529167 0.515741 0.014583 0.090741
1 0.531250 0.482407 0.016667 0.098148
1 0.405208 0.655556 0.020833 0.103704
1 0.394792 0.608333 0.014583 0.090741
1 0.414583 0.614815 0.014583 0.096296
1 0.431250 0.620370 0.012500 0.066667
1 0.450000 0.675926 0.031250 0.118519
1 0.441146 0.574074 0.011458 0.088889
1 0.510417 0.681481 0.012500 0.066667
1 0.506250 0.637037 0.010417 0.062963
1 0.498437 0.681481 0.015625 0.118519
1 0.453125 0.544444 0.014583 0.088889
1 0.454688 0.575000 0.015625 0.090741
1 0.461458 0.643519 0.014583 0.109259
1 0.476562 0.545370 0.021875 0.083333
2 0.414062 0.443519 0.013542 0.027778
1 0.476562 0.673148 0.017708 0.124074
1 0.494792 0.532407 0.016667 0.075926
1 0.501563 0.500000 0.013542 0.070370
1 0.478646 0.509259 0.015625 0.077778
1 0.487500 0.495370 0.016667 0.087037
2 0.483854 0.479630 0.011458 0.033333
