4 0.530990 0.765278 0.073438 0.099074
4 0.565365 0.622685 0.061979 0.052778
10 0.412760 0.774074 0.015104 0.037037
10 0.461198 0.721296 0.015104 0.037037
10 0.418750 0.683796 0.012500 0.032407
10 0.473958 0.630556 0.012500 0.035185
10 0.423958 0.560648 0.013542 0.028704
10 0.470833 0.565278 0.013542 0.028704
10 0.488021 0.569444 0.009375 0.027778
10 0.351823 0.807407 0.039062 0.037037
10 0.315885 0.549074 0.031771 0.031481
10 0.400521 0.528704 0.008333 0.022222
4 0.560156 0.503241 0.028646 0.039815
4 0.509635 0.477315 0.024479 0.036111
4 0.349219 0.481019 0.040104 0.030556
0 0.608073 0.731481 0.055729 0.122222
3 0.552083 0.579630 0.021875 0.025926
1 0.553646 0.571759 0.013542 0.047222
1 0.419792 0.670370 0.008333 0.037037
1 0.410938 0.749074 0.012500 0.035185
1 0.459896 0.707407 0.012500 0.035185
1 0.351823 0.796296 0.015104 0.040741
1 0.473958 0.610185 0.011458 0.040741
1 0.425000 0.546759 0.008333 0.037963
1 0.401823 0.515278 0.006771 0.028704
10 0.493490 0.430556 0.008854 0.020370
10 0.509115 0.412500 0.005729 0.021296
10 0.517708 0.408796 0.004167 0.013889
10 0.528385 0.431019 0.004687 0.013889
10 0.514062 0.438889 0.004167 0.012963
1 0.493750 0.417593 0.006250 0.020370
1 0.527865 0.418981 0.005729 0.021296
1 0.518490 0.404167 0.006771 0.013889
1 0.513802 0.427315 0.006771 0.013889
1 0.508594 0.408333 0.006771 0.014815
0 0.508854 0.369907 0.016667 0.043519
6 0.417969 0.427778 0.027604 0.072222
0 0.630469 0.575000 0.042188 0.075926
0 0.822917 0.642130 0.041667 0.075000
4 0.310417 0.512500 0.079167 0.041667
1 0.739844 0.613889 0.010937 0.050000
1 0.730208 0.602778 0.007292 0.033333
1 0.719792 0.598148 0.009375 0.044444
1 0.697135 0.593519 0.009896 0.044444
1 0.683854 0.584259 0.009375 0.044444
1 0.705469 0.612963 0.009896 0.044444
1 0.703646 0.580556 0.009375 0.044444
1 0.762500 0.638889 0.009375 0.044444
1 0.832552 0.584259 0.009896 0.044444
