4 0.295221 0.814379 0.075735 0.180392
5 0.347059 0.598693 0.060294 0.107190
4 0.640809 0.641176 0.050735 0.126797
4 0.778676 0.554248 0.052941 0.094118
4 0.563603 0.481699 0.040441 0.092810
8 0.557721 0.647712 0.033088 0.111111
5 0.626471 0.384967 0.033824 0.087582
4 0.609926 0.286275 0.030147 0.057516
4 0.395221 0.408497 0.040441 0.079739
4 0.410294 0.348366 0.035294 0.064052
4 0.327574 0.350327 0.058088 0.052288
4 0.336397 0.318954 0.074265 0.049673
4 0.270956 0.422222 0.090441 0.065359
4 0.258456 0.460784 0.077206 0.066667
1 0.090074 0.656863 0.016912 0.053595
1 0.081618 0.651634 0.016176 0.069281
4 0.153676 0.447712 0.060294 0.082353
5 0.149265 0.358170 0.072059 0.091503
10 0.051103 0.388889 0.022794 0.035294
1 0.202941 0.351634 0.010294 0.044444
1 0.215809 0.352288 0.009559 0.043137
1 0.246324 0.371242 0.011765 0.047059
1 0.237868 0.368627 0.012500 0.044444
10 0.180515 0.323529 0.016912 0.035294
2 0.179412 0.313072 0.011765 0.032680
1 0.262868 0.294771 0.006618 0.037908
6 0.327941 0.252941 0.076471 0.058824
10 0.538235 0.394118 0.010294 0.037908
10 0.537132 0.337255 0.011029 0.036601
2 0.538603 0.380392 0.011029 0.036601
2 0.536397 0.328105 0.009559 0.033987
2 0.537132 0.325490 0.009559 0.033987
4 0.897426 0.400654 0.049265 0.061438
10 0.874632 0.479085 0.013971 0.043137
2 0.877206 0.467974 0.014706 0.039216
1 0.894485 0.433333 0.008088 0.032680
1 0.877206 0.420261 0.016176 0.048366
10 0.781985 0.220915 0.009559 0.028758
2 0.782353 0.220261 0.008824 0.024837
2 0.782721 0.211765 0.008088 0.023529
4 0.596691 0.125490 0.018382 0.033987
10 0.601838 0.104575 0.011029 0.015686
2 0.602941 0.098693 0.005882 0.022222
4 0.263235 0.169281 0.047059 0.035294
6 0.347794 0.164706 0.085294 0.054902
1 0.398897 0.159477 0.008088 0.033987
1 0.375000 0.175817 0.005882 0.032680
1 0.364338 0.181046 0.008088 0.032680
1 0.368382 0.177124 0.005882 0.032680
5 0.458456 0.172549 0.041912 0.047059
4 0.465074 0.133987 0.021324 0.032680
4 0.472794 0.109150 0.017647 0.032680
1 0.485662 0.113072 0.006618 0.027451
4 0.478676 0.070588 0.014706 0.026144
4 0.485662 0.058170 0.015441 0.024837
4 0.491176 0.039869 0.014706 0.030065
1 0.497059 0.024837 0.004412 0.026144
4 0.495956 0.014379 0.012500 0.018301
7 0.512868 0.018954 0.006618 0.016993
2 0.513235 0.017647 0.004412 0.014379
10 0.541912 0.070588 0.004412 0.018301
10 0.559191 0.041830 0.005147 0.015686
2 0.542647 0.066667 0.004412 0.020915
2 0.559559 0.037908 0.004412 0.018301
4 0.540809 0.009150 0.024265 0.018301
