6 0.236029 0.792157 0.097059 0.415686
7 0.197794 0.653595 0.029412 0.073203
2 0.197059 0.646405 0.020588 0.053595
7 0.180882 0.587582 0.023529 0.064052
2 0.182721 0.584314 0.015441 0.041830
4 0.236765 0.582353 0.044118 0.079739
4 0.288971 0.516993 0.038235 0.061438
4 0.267647 0.450327 0.027941 0.045752
7 0.223529 0.533987 0.023529 0.048366
2 0.224632 0.532680 0.013971 0.035294
9 0.220956 0.450980 0.041912 0.104575
4 0.246691 0.384314 0.025735 0.039216
4 0.252574 0.345098 0.021324 0.033987
6 0.201471 0.335948 0.039706 0.135948
4 0.240809 0.268627 0.022794 0.027451
4 0.235294 0.219608 0.013235 0.020915
6 0.119118 0.367320 0.051471 0.128105
4 0.163603 0.232026 0.016912 0.019608
6 0.181985 0.203268 0.018382 0.030065
6 0.110662 0.192810 0.050735 0.045752
0 0.214706 0.192810 0.007353 0.016993
0 0.230147 0.181699 0.007353 0.013072
0 0.248897 0.116340 0.030147 0.044444
5 0.532353 0.582353 0.067647 0.077124
4 0.733456 0.466667 0.043382 0.047059
1 0.372426 0.373203 0.011029 0.032680
4 0.365441 0.321569 0.017647 0.028758
0 0.372794 0.198039 0.094118 0.145098
0 0.489338 0.176471 0.147794 0.128105
0 0.631985 0.168627 0.069853 0.044444
0 0.507721 0.256863 0.036029 0.043137
4 0.356618 0.296078 0.032353 0.027451
4 0.342279 0.326144 0.027206 0.022222
5 0.342647 0.349673 0.023529 0.035294
