5 0.466667 0.420370 0.027083 0.066667
1 0.376042 0.889815 0.014583 0.109259
1 0.511458 0.932407 0.027083 0.135185
1 0.351042 0.701852 0.020833 0.103704
1 0.427604 0.809259 0.023958 0.062963
10 0.426042 0.839815 0.033333 0.131481
10 0.553646 0.940741 0.046875 0.111111
1 0.403646 0.642593 0.015625 0.077778
0 0.495312 0.227778 0.088542 0.111111
1 0.142708 0.737963 0.020833 0.105556
5 0.555208 0.310185 0.039583 0.038889
5 0.575521 0.302778 0.038542 0.038889
5 0.413542 0.343519 0.022917 0.042593
6 0.479687 0.308333 0.017708 0.038889
6 0.569792 0.275926 0.050000 0.044444
7 0.596354 0.626852 0.071875 0.090741
7 0.758333 0.546296 0.031250 0.088889
7 0.689063 0.539815 0.055208 0.072222
7 0.361979 0.450000 0.057292 0.051852
5 0.370833 0.400000 0.062500 0.048148
4 0.315625 0.371296 0.054167 0.046296
7 0.326562 0.625000 0.084375 0.053704
10 0.619792 0.758333 0.050000 0.053704
1 0.617708 0.739815 0.020833 0.068519
1 0.603125 0.737037 0.010417 0.051852
10 0.802083 0.515741 0.050000 0.053704
10 0.616146 0.346296 0.032292 0.025926
7 0.503125 0.329630 0.010417 0.033333
3 0.423958 0.487963 0.012500 0.042593
1 0.424479 0.474074 0.009375 0.048148
1 0.382812 0.371296 0.007292 0.031481
10 0.357292 0.716667 0.035417 0.055556
2 0.353125 0.609259 0.016667 0.040741
3 0.346354 0.531481 0.040625 0.033333
3 0.358854 0.500000 0.040625 0.033333
3 0.349479 0.570370 0.040625 0.033333
10 0.131771 0.951852 0.061458 0.096296
10 0.326562 0.785185 0.044792 0.070370
1 0.326042 0.759259 0.020833 0.103704
10 0.131771 0.574074 0.032292 0.044444
10 0.214062 0.620370 0.040625 0.040741
1 0.445833 0.360185 0.006250 0.024074
1 0.448437 0.310185 0.005208 0.016667
1 0.481250 0.331481 0.006250 0.018519
1 0.515625 0.332407 0.006250 0.024074
7 0.508333 0.302778 0.010417 0.024074
7 0.521354 0.310185 0.007292 0.016667
10 0.605729 0.359259 0.032292 0.025926
10 0.599479 0.372222 0.023958 0.022222
1 0.555208 0.621296 0.014583 0.053704
1 0.691667 0.835185 0.025000 0.074074
6 0.882292 0.752778 0.137500 0.238889
10 0.728646 0.497222 0.021875 0.027778
1 0.704688 0.494444 0.011458 0.040741
2 0.576042 0.404630 0.012500 0.042593
