4 0.351838 0.496732 0.112500 0.091503
4 0.729044 0.545752 0.121324 0.090196
4 0.768750 0.383660 0.065441 0.071895
4 0.898162 0.654248 0.149265 0.129412
4 0.211029 0.306536 0.083824 0.064052
4 0.069485 0.265359 0.071324 0.054902
7 0.267279 0.273856 0.028676 0.043137
10 0.038603 0.210458 0.019853 0.039216
10 0.084191 0.225490 0.024265 0.030065
1 0.155515 0.242484 0.011029 0.048366
10 0.184191 0.260131 0.024265 0.039216
10 0.206250 0.262745 0.024265 0.039216
10 0.369853 0.306536 0.016176 0.045752
10 0.395221 0.315686 0.013971 0.048366
10 0.380147 0.314379 0.011765 0.048366
4 0.487868 0.299346 0.047794 0.067974
4 0.427206 0.313072 0.041176 0.069281
1 0.560662 0.356863 0.016912 0.057516
1 0.636397 0.333987 0.018382 0.050980
1 0.659559 0.336601 0.017647 0.050980
1 0.915441 0.408497 0.013235 0.056209
0 0.958456 0.108497 0.081618 0.198693
10 0.593750 0.249020 0.024265 0.030065
10 0.633824 0.221569 0.022059 0.035294
0 0.651471 0.167974 0.057353 0.066667
10 0.699632 0.164706 0.016912 0.026144
10 0.711397 0.148366 0.016912 0.027451
4 0.689706 0.133333 0.019118 0.033987
4 0.704779 0.084967 0.056618 0.041830
1 0.775735 0.030719 0.007353 0.032680
4 0.746691 0.237255 0.036029 0.069281
4 0.796691 0.101961 0.024265 0.041830
4 0.845956 0.099346 0.022794 0.031373
4 0.820221 0.057516 0.021324 0.028758
4 0.890074 0.052941 0.021324 0.027451
4 0.822059 0.028105 0.020588 0.030065
5 0.887868 0.233987 0.036029 0.065359
4 0.842279 0.009804 0.015441 0.019608
1 0.909926 0.143137 0.009559 0.037908
1 0.910662 0.098693 0.009559 0.030065
2 0.836765 0.277124 0.013235 0.026144
10 0.834191 0.295425 0.009559 0.031373
2 0.858088 0.307190 0.013235 0.026144
2 0.891544 0.310458 0.012500 0.024837
2 0.785662 0.195425 0.012500 0.024837
2 0.735294 0.134641 0.008824 0.023529
10 0.889706 0.332026 0.010294 0.031373
10 0.784559 0.210458 0.011765 0.031373
3 0.854044 0.332680 0.008088 0.035294
2 0.897794 0.402614 0.016176 0.044444
2 0.887132 0.369281 0.015441 0.037908
2 0.900735 0.384967 0.013235 0.040523
10 0.893750 0.404575 0.028676 0.027451
10 0.895221 0.392810 0.031618 0.030065
10 0.888603 0.379085 0.038971 0.028758
4 0.964338 0.820261 0.071324 0.129412
1 0.980147 0.458824 0.010294 0.047059
1 0.987500 0.470588 0.008824 0.028758
4 0.968750 0.491503 0.062500 0.062745
10 0.018750 0.773856 0.036029 0.049673
