1 0.559191 0.729412 0.024265 0.099346
1 0.628309 0.747059 0.019853 0.092810
1 0.638971 0.730719 0.022059 0.094118
2 0.773162 0.664052 0.019853 0.083660
1 0.809191 0.697386 0.024265 0.077124
2 0.691544 0.586928 0.018382 0.078431
1 0.052574 0.730065 0.027206 0.100654
1 0.090441 0.673856 0.025000 0.095425
1 0.096691 0.500000 0.018382 0.069281
1 0.120221 0.494118 0.021324 0.067974
1 0.130515 0.397386 0.015441 0.060131
1 0.093015 0.386275 0.011029 0.058824
2 0.109926 0.403268 0.013971 0.032680
2 0.333456 0.399346 0.016912 0.053595
10 0.438235 0.415033 0.019118 0.048366
1 0.552206 0.474510 0.013235 0.067974
2 0.630147 0.449020 0.017647 0.064052
2 0.659191 0.453595 0.018382 0.060131
2 0.605882 0.458170 0.022059 0.064052
2 0.601471 0.459477 0.014706 0.043137
1 0.555882 0.296078 0.011765 0.053595
1 0.541176 0.298039 0.008824 0.039216
2 0.504044 0.405229 0.015441 0.041830
4 0.646691 0.317647 0.061029 0.065359
1 0.747059 0.637908 0.019118 0.073203
1 0.901838 0.422876 0.012500 0.064052
2 0.945588 0.407843 0.020588 0.062745
2 0.944118 0.401307 0.017647 0.062745
5 0.698897 0.296078 0.066912 0.092810
4 0.759191 0.317647 0.059559 0.062745
4 0.808456 0.313725 0.072794 0.065359
5 0.865441 0.312418 0.073529 0.073203
4 0.954412 0.316340 0.085294 0.062745
0 0.196691 0.303268 0.050735 0.057516
4 0.127941 0.284314 0.033824 0.064052
5 0.023162 0.276471 0.041912 0.079739
4 0.080515 0.224837 0.065441 0.044444
4 0.126103 0.226144 0.052206 0.041830
4 0.029044 0.219608 0.058088 0.049673
4 0.185662 0.212418 0.041912 0.043137
4 0.222426 0.218301 0.047794 0.039216
4 0.283456 0.217647 0.038971 0.040523
4 0.320221 0.220261 0.046324 0.045752
4 0.367279 0.227451 0.047794 0.049673
4 0.405882 0.229412 0.052941 0.043137
4 0.468750 0.228758 0.050735 0.044444
4 0.522059 0.237908 0.052941 0.049673
4 0.581618 0.233333 0.027941 0.043137
5 0.619118 0.230065 0.036765 0.054902
5 0.663971 0.228105 0.032353 0.048366
4 0.708824 0.233333 0.039706 0.050980
4 0.858456 0.240523 0.033088 0.044444
4 0.928676 0.241176 0.041176 0.050980
4 0.974632 0.237908 0.037500 0.049673
4 0.059926 0.103922 0.053676 0.032680
1 0.052941 0.103268 0.007353 0.033987
5 0.167647 0.107843 0.052941 0.032680
0 0.226471 0.088235 0.039706 0.040523
0 0.329412 0.012418 0.123529 0.024837
5 0.513971 0.071895 0.016176 0.031373
4 0.754412 0.121569 0.045588 0.031373
1 0.759926 0.120261 0.005147 0.033987
4 0.848162 0.126144 0.052206 0.030065
4 0.763235 0.050980 0.029412 0.020915
5 0.845588 0.037908 0.020588 0.018301
4 0.865441 0.041176 0.020588 0.016993
4 0.881618 0.039869 0.019118 0.019608
0 0.980515 0.024183 0.037500 0.024837
0 0.536765 0.028758 0.129412 0.041830
0 0.669118 0.067320 0.069118 0.045752
0 0.673897 0.030719 0.146324 0.048366
0 0.788971 0.020261 0.083824 0.037908
