5 0.421691 0.592157 0.037500 0.094118
4 0.559559 0.390196 0.023529 0.048366
4 0.458456 0.264706 0.015441 0.032680
4 0.385662 0.416340 0.031618 0.050980
4 0.522426 0.101307 0.008088 0.014379
4 0.530147 0.085621 0.005882 0.009150
4 0.556250 0.087582 0.008088 0.010458
4 0.550368 0.072549 0.006618 0.011765
4 0.562132 0.079085 0.005147 0.011765
4 0.550368 0.060784 0.006618 0.011765
4 0.539706 0.045098 0.005882 0.009150
4 0.532721 0.079085 0.006618 0.009150
4 0.533456 0.071895 0.006618 0.007843
4 0.632721 0.223529 0.015441 0.026144
5 0.552574 0.032026 0.005147 0.011765
5 0.524632 0.067320 0.006618 0.014379
4 0.531618 0.042484 0.004412 0.009150
4 0.534926 0.035948 0.005147 0.006536
5 0.537500 0.026797 0.004412 0.009150
0 0.599632 0.037255 0.033088 0.058824
4 0.604779 0.084967 0.008088 0.010458
4 0.597426 0.079739 0.008088 0.010458
4 0.584926 0.074510 0.008088 0.010458
4 0.489338 0.066667 0.006618 0.007843
5 0.439706 0.083660 0.014706 0.013072
5 0.369853 0.112418 0.016176 0.013072
4 0.349632 0.111765 0.016912 0.016993
0 0.352574 0.139216 0.055147 0.032680
4 0.337500 0.167320 0.014706 0.015686
4 0.315441 0.173856 0.026471 0.020915
4 0.393015 0.179085 0.037500 0.023529
4 0.369853 0.193464 0.038235 0.023529
4 0.360662 0.213072 0.037500 0.023529
4 0.663235 0.132680 0.025000 0.016993
4 0.646324 0.133987 0.025000 0.016993
4 0.445221 0.092157 0.016912 0.011765
4 0.422059 0.076471 0.014706 0.009150
0 0.552941 0.012418 0.030882 0.022222
4 0.560662 0.030719 0.003676 0.006536
1 0.618382 0.130065 0.002941 0.016993
1 0.614706 0.130065 0.002941 0.016993
1 0.610294 0.132026 0.002941 0.018301
1 0.683456 0.375817 0.006618 0.032680
1 0.673162 0.375817 0.008088 0.035294
1 0.519853 0.120915 0.002941 0.014379
1 0.510662 0.123529 0.002206 0.016993
1 0.572794 0.115033 0.002941 0.018301
4 0.566544 0.047059 0.005147 0.010458
10 0.477941 0.192157 0.002941 0.013072
1 0.477941 0.184967 0.004412 0.011765
1 0.484191 0.099346 0.003676 0.007843
10 0.484559 0.103268 0.002941 0.007843
4 0.658456 0.111111 0.021324 0.010458
4 0.962868 0.944444 0.074265 0.098039
4 0.287500 0.422222 0.047059 0.067974
4 0.081618 0.374510 0.050000 0.050980
4 0.097059 0.360131 0.050000 0.050980
4 0.124265 0.341830 0.050000 0.050980
4 0.138235 0.318301 0.050000 0.050980
4 0.351838 0.213072 0.031618 0.028758
1 0.835662 0.976471 0.021324 0.047059
