4 0.367279 0.930719 0.109559 0.081046
4 0.687500 0.889542 0.052941 0.113725
4 0.648162 0.750327 0.041912 0.078431
4 0.623897 0.672549 0.038971 0.071895
4 0.370221 0.437255 0.047794 0.035294
4 0.523897 0.426797 0.022794 0.037908
4 0.463603 0.464706 0.022794 0.048366
4 0.440441 0.335294 0.017647 0.035294
4 0.458456 0.287582 0.019853 0.028758
4 0.543750 0.335948 0.016912 0.026144
4 0.391912 0.318301 0.036765 0.024837
4 0.411765 0.364052 0.042647 0.027451
4 0.447794 0.432680 0.030882 0.041830
4 0.501471 0.452288 0.022059 0.047059
5 0.598897 0.529412 0.024265 0.065359
5 0.536029 0.295425 0.023529 0.031373
4 0.556985 0.400000 0.021324 0.033987
5 0.580147 0.426144 0.036765 0.036601
1 0.556250 0.433987 0.008088 0.026144
7 0.581618 0.485621 0.011765 0.027451
2 0.551103 0.489542 0.006618 0.022222
2 0.550735 0.482353 0.008824 0.026144
10 0.551103 0.490196 0.011029 0.028758
5 0.430515 0.383660 0.038971 0.037908
0 0.545221 0.162092 0.128676 0.052288
6 0.370588 0.305229 0.042647 0.027451
4 0.397059 0.300654 0.030882 0.023529
4 0.392647 0.291503 0.030882 0.023529
4 0.382721 0.279085 0.031618 0.022222
4 0.431985 0.301961 0.027206 0.026144
6 0.402206 0.269281 0.035294 0.028758
4 0.440809 0.266667 0.013971 0.023529
4 0.408456 0.253595 0.030147 0.023529
4 0.407721 0.247712 0.028676 0.022222
4 0.400368 0.239869 0.027206 0.019608
4 0.401838 0.230719 0.027206 0.019608
4 0.401103 0.226144 0.027206 0.020915
4 0.400368 0.219608 0.027206 0.020915
5 0.438235 0.248366 0.017647 0.028758
5 0.437132 0.235948 0.021324 0.024837
6 0.426471 0.223529 0.013235 0.020915
6 0.381985 0.200000 0.022794 0.023529
6 0.410294 0.188889 0.027941 0.027451
2 0.687868 0.414379 0.006618 0.020915
10 0.650368 0.348366 0.013971 0.022222
1 0.595956 0.250980 0.005147 0.023529
2 0.595588 0.217647 0.005882 0.011765
1 0.611397 0.241830 0.005147 0.018301
2 0.613235 0.260131 0.005882 0.015686
2 0.618015 0.254248 0.005147 0.011765
1 0.621324 0.250980 0.004412 0.018301
1 0.616912 0.244444 0.004412 0.018301
4 0.385662 0.167320 0.012500 0.018301
10 0.381618 0.178431 0.007353 0.009150
2 0.377206 0.174510 0.004412 0.014379
4 0.378676 0.147059 0.016176 0.016993
2 0.388971 0.143791 0.004412 0.007843
10 0.389706 0.147712 0.007353 0.007843
4 0.401471 0.150980 0.016176 0.014379
4 0.448897 0.174510 0.013971 0.019608
2 0.465441 0.226144 0.004412 0.013072
7 0.447794 0.218301 0.008824 0.020915
2 0.473897 0.283007 0.006618 0.019608
2 0.491544 0.209150 0.005147 0.013072
10 0.490809 0.215686 0.005147 0.010458
0 0.447794 0.092810 0.172059 0.083660
7 0.475000 0.162745 0.007353 0.016993
1 0.448529 0.154248 0.002941 0.013072
2 0.450735 0.164706 0.002941 0.010458
10 0.450735 0.162745 0.005882 0.009150
2 0.454044 0.182353 0.005147 0.009150
3 0.454044 0.188235 0.005147 0.010458
2 0.438971 0.216340 0.005882 0.009150
7 0.503676 0.201961 0.008824 0.019608
2 0.508824 0.209150 0.004412 0.010458
3 0.509559 0.215033 0.004412 0.009150
10 0.465441 0.232680 0.004412 0.013072
10 0.473897 0.290850 0.005147 0.014379
10 0.471324 0.344444 0.005882 0.019608
2 0.470956 0.335294 0.005147 0.019608
4 0.533456 0.288235 0.025735 0.019608
4 0.525735 0.275163 0.025000 0.019608
4 0.522059 0.254248 0.025000 0.019608
4 0.521691 0.239869 0.024265 0.016993
4 0.445221 0.507843 0.031618 0.056209
4 0.513603 0.227451 0.018382 0.020915
5 0.526103 0.210458 0.027206 0.020915
4 0.591176 0.200000 0.011765 0.015686
1 0.630515 0.310458 0.006618 0.022222
3 0.641912 0.303922 0.007353 0.016993
1 0.734926 0.513072 0.006618 0.032680
7 0.769118 0.608497 0.033824 0.056209
5 0.752574 0.869935 0.041912 0.087582
4 0.781250 0.967974 0.100735 0.064052
10 0.846691 0.863399 0.024265 0.040523
10 0.904779 0.906536 0.031618 0.048366
2 0.910294 0.862745 0.014706 0.026144
2 0.919118 0.877124 0.014706 0.026144
1 0.865809 0.820261 0.013971 0.050980
1 0.887132 0.793464 0.008088 0.049673
1 0.881250 0.779739 0.012500 0.050980
1 0.873529 0.760784 0.014706 0.047059
1 0.801471 0.781699 0.014706 0.052288
1 0.348897 0.566013 0.013971 0.047059
1 0.364338 0.560131 0.013971 0.048366
5 0.528676 0.779085 0.047059 0.130719
5 0.441912 0.564706 0.025000 0.070588
5 0.454412 0.649020 0.025000 0.087582
6 0.440809 0.754902 0.038971 0.137255
