0 0.559926 0.107190 0.111029 0.214379
0 0.839706 0.105229 0.036765 0.045752
0 0.681985 0.045752 0.019853 0.091503
0 0.652941 0.430065 0.055882 0.112418
1 0.373529 0.332026 0.010294 0.049673
1 0.351103 0.315686 0.012500 0.048366
1 0.256250 0.184314 0.011029 0.039216
1 0.242279 0.190850 0.009559 0.047059
1 0.211029 0.254248 0.010294 0.040523
1 0.219853 0.258170 0.007353 0.027451
1 0.227574 0.247712 0.011029 0.043137
2 0.288971 0.087582 0.010294 0.033987
1 0.051471 0.309804 0.016176 0.049673
2 0.070588 0.188889 0.016176 0.035294
1 0.066176 0.026797 0.008824 0.035294
2 0.256985 0.398039 0.015441 0.045752
4 0.160662 0.046405 0.050735 0.043137
4 0.176471 0.028758 0.050000 0.036601
4 0.209191 0.017647 0.041912 0.032680
4 0.049265 0.122876 0.057353 0.047059
10 0.069118 0.198693 0.026471 0.031373
4 0.361397 0.150327 0.038971 0.052288
4 0.428309 0.100654 0.031618 0.041830
1 0.418750 0.159477 0.012500 0.039216
7 0.429044 0.161438 0.022794 0.045752
7 0.447059 0.246405 0.048529 0.043137
7 0.450735 0.228105 0.047059 0.043137
1 0.459191 0.213725 0.008088 0.032680
1 0.450735 0.181699 0.010294 0.041830
7 0.469485 0.184314 0.022794 0.047059
1 0.486765 0.226144 0.007353 0.041830
1 0.487500 0.213725 0.005882 0.032680
1 0.492647 0.213072 0.007353 0.041830
1 0.497426 0.226144 0.008088 0.041830
1 0.501103 0.216340 0.008088 0.040523
1 0.516544 0.239216 0.008088 0.041830
2 0.519853 0.228105 0.004412 0.016993
1 0.516544 0.252941 0.008088 0.048366
7 0.530147 0.271895 0.019118 0.057516
1 0.536765 0.279739 0.014706 0.041830
1 0.533456 0.233333 0.011029 0.048366
1 0.544485 0.249020 0.008088 0.043137
1 0.558456 0.254902 0.009559 0.039216
1 0.596324 0.286275 0.011765 0.047059
1 0.559926 0.315033 0.011029 0.047059
1 0.561397 0.287582 0.008088 0.047059
1 0.568750 0.290850 0.008088 0.040523
1 0.566176 0.347712 0.008824 0.039216
7 0.556250 0.375163 0.033088 0.062745
1 0.527574 0.392810 0.013971 0.045752
1 0.513971 0.386928 0.011765 0.057516
2 0.596691 0.392810 0.012500 0.035294
1 0.601838 0.442484 0.015441 0.061438
1 0.613235 0.431373 0.016176 0.065359
1 0.567647 0.438562 0.010294 0.053595
1 0.579044 0.447712 0.011029 0.056209
1 0.562868 0.454248 0.011029 0.053595
2 0.568750 0.469281 0.013971 0.039216
10 0.569853 0.483007 0.020588 0.045752
1 0.550368 0.488235 0.013971 0.064052
1 0.532721 0.490196 0.012500 0.057516
1 0.541176 0.511111 0.011765 0.052288
1 0.545221 0.522222 0.012500 0.032680
1 0.559559 0.550980 0.011765 0.056209
2 0.589338 0.620261 0.009559 0.035294
1 0.590074 0.635948 0.021324 0.069281
1 0.552574 0.705229 0.018382 0.077124
1 0.523529 0.700000 0.016176 0.077124
4 0.081250 0.601961 0.058088 0.147712
4 0.084191 0.894118 0.112500 0.211765
2 0.373529 0.616993 0.016176 0.075817
10 0.372794 0.624183 0.038235 0.048366
1 0.630882 0.530065 0.010294 0.043137
1 0.637132 0.527451 0.009559 0.061438
2 0.612868 0.668627 0.018382 0.053595
7 0.623162 0.679739 0.072794 0.073203
1 0.689706 0.405229 0.010294 0.036601
1 0.688603 0.442484 0.011029 0.058824
0 0.698897 0.439869 0.006618 0.069281
1 0.479044 0.305882 0.012500 0.047059
1 0.497426 0.310458 0.011029 0.043137
0 0.702941 0.075163 0.010294 0.024837
1 0.705147 0.250327 0.010294 0.035294
1 0.715074 0.252941 0.008088 0.037908
1 0.628676 0.320261 0.008824 0.049673
2 0.644485 0.332026 0.012500 0.033987
4 0.630882 0.353595 0.075000 0.071895
1 0.705882 0.451634 0.010294 0.043137
1 0.699632 0.417647 0.009559 0.050980
1 0.704412 0.424837 0.008824 0.041830
1 0.707353 0.458824 0.013235 0.047059
1 0.709559 0.474510 0.013235 0.057516
1 0.712868 0.496078 0.013971 0.061438
1 0.722059 0.469281 0.014706 0.062745
1 0.730147 0.475163 0.014706 0.061438
1 0.725368 0.445098 0.012500 0.050980
1 0.735294 0.449673 0.011765 0.054902
1 0.737868 0.483007 0.012500 0.056209
1 0.754412 0.481699 0.013235 0.056209
1 0.763603 0.504575 0.016912 0.065359
2 0.883456 0.496078 0.013971 0.048366
0 0.833824 0.273856 0.016176 0.050980
2 0.736397 0.937255 0.030147 0.075817
7 0.761029 0.949673 0.133824 0.100654
1 0.368382 0.967320 0.025000 0.065359
