1 0.856771 0.960648 0.041667 0.078704
4 0.691406 0.909722 0.153646 0.180556
0 0.528125 0.513426 0.030208 0.023148
4 0.195573 0.699537 0.107813 0.076852
3 0.338021 0.671296 0.014583 0.042593
3 0.347135 0.664352 0.007812 0.039815
2 0.559896 0.893056 0.033333 0.154630
3 0.557292 0.940741 0.025000 0.118519
2 0.482552 0.856944 0.034896 0.108333
10 0.482812 0.898148 0.047917 0.148148
4 0.440625 0.733333 0.069792 0.105556
4 0.453125 0.574074 0.020833 0.031481
4 0.444010 0.616204 0.034896 0.052778
4 0.502083 0.616667 0.032292 0.048148
1 0.487760 0.564815 0.004687 0.031481
4 0.494531 0.552315 0.013021 0.019444
4 0.500000 0.547685 0.009375 0.017593
4 0.504167 0.538889 0.009375 0.012963
4 0.508333 0.536574 0.007292 0.012037
1 0.515104 0.533796 0.003125 0.013889
4 0.503646 0.587037 0.023958 0.025926
4 0.515365 0.556019 0.015104 0.023148
4 0.523958 0.539815 0.010417 0.016667
2 0.540625 0.533796 0.003125 0.010185
3 0.540625 0.538426 0.002083 0.010185
2 0.537500 0.538426 0.003125 0.010185
3 0.538021 0.544907 0.004167 0.012037
2 0.536198 0.545370 0.004687 0.014815
10 0.536198 0.554630 0.003646 0.012963
2 0.549219 0.583796 0.006771 0.025000
10 0.548958 0.597685 0.006250 0.021296
2 0.543229 0.652778 0.013542 0.055556
10 0.542448 0.671296 0.008854 0.037037
1 0.543490 0.553704 0.004687 0.022222
3 0.773438 0.713426 0.019792 0.062037
4 0.648698 0.781019 0.086979 0.112037
4 0.633594 0.714815 0.063021 0.075926
4 0.608073 0.677778 0.052604 0.066667
4 0.596094 0.642593 0.042188 0.051852
4 0.588542 0.619444 0.037500 0.044444
4 0.579948 0.609722 0.027604 0.039815
4 0.575000 0.599074 0.023958 0.037037
4 0.571875 0.592593 0.020833 0.037037
4 0.565365 0.584259 0.018229 0.027778
4 0.564323 0.579167 0.016146 0.032407
4 0.564323 0.570370 0.017188 0.033333
5 0.562760 0.559259 0.014063 0.025926
5 0.557552 0.557407 0.014063 0.020370
4 0.551823 0.552778 0.011979 0.014815
4 0.552604 0.547222 0.012500 0.014815
4 0.549479 0.543056 0.010417 0.012037
4 0.548438 0.538426 0.009375 0.015741
1 0.635156 0.598148 0.008854 0.040741
