5 0.445221 0.504575 0.261029 0.235294
5 0.772426 0.758170 0.146324 0.284967
4 0.518382 0.822876 0.172059 0.291503
4 0.815809 0.339869 0.071324 0.235294
4 0.756985 0.171242 0.127206 0.183007
3 0.101471 0.509804 0.072059 0.067974
10 0.136397 0.461438 0.066912 0.075817
1 0.082721 0.263399 0.036029 0.084967
1 0.117647 0.389542 0.064706 0.060131
1 0.128676 0.364706 0.063235 0.057516
1 0.266544 0.415686 0.028676 0.086275
1 0.263235 0.399346 0.032353 0.113725
7 0.379044 0.277124 0.058088 0.172549
1 0.321691 0.099346 0.018382 0.073203
2 0.345956 0.117647 0.016912 0.031373
1 0.331985 0.092810 0.015441 0.073203
2 0.597426 0.293464 0.019853 0.079739
3 0.594485 0.310458 0.053676 0.056209
2 0.484191 0.159477 0.019853 0.067974
2 0.471324 0.155556 0.013235 0.070588
10 0.483456 0.182353 0.040441 0.069281
2 0.536765 0.097386 0.011765 0.074510
2 0.549265 0.103922 0.020588 0.069281
10 0.544485 0.115686 0.049265 0.071895
2 0.392647 0.086928 0.020588 0.069281
2 0.440441 0.064706 0.022059 0.069281
7 0.384191 0.087582 0.056618 0.086275
7 0.423529 0.064706 0.079412 0.105882
3 0.040441 0.167974 0.050000 0.048366
3 0.021691 0.152941 0.043382 0.044444
