0 0.436029 0.110458 0.039706 0.056209
1 0.313603 0.724837 0.013971 0.074510
2 0.341544 0.722222 0.027206 0.064052
1 0.416176 0.747059 0.026471 0.074510
1 0.369853 0.825490 0.035294 0.111111
1 0.477574 0.811765 0.025735 0.120261
1 0.522426 0.699346 0.019853 0.107190
2 0.503676 0.689542 0.019118 0.037908
10 0.540809 0.906536 0.037500 0.132026
2 0.516544 0.969935 0.024265 0.054902
1 0.629779 0.758170 0.024265 0.112418
1 0.843015 0.892810 0.028676 0.099346
1 0.813971 0.886275 0.026471 0.104575
1 0.766176 0.924837 0.048529 0.118954
2 0.747426 0.849673 0.038971 0.075817
1 0.757353 0.728105 0.032353 0.115033
2 0.980147 0.953595 0.039706 0.087582
7 0.932353 0.748366 0.058824 0.155556
1 0.887132 0.741830 0.037500 0.113725
1 0.665809 0.673203 0.018382 0.099346
1 0.657353 0.637908 0.025000 0.094118
1 0.595956 0.642484 0.022794 0.084967
1 0.561029 0.628758 0.017647 0.099346
1 0.544118 0.591503 0.019118 0.098039
1 0.523529 0.536601 0.017647 0.098039
1 0.607721 0.577778 0.015441 0.094118
1 0.652574 0.543137 0.018382 0.087582
1 0.729412 0.594771 0.026471 0.101961
1 0.802574 0.575163 0.021324 0.086275
1 0.819118 0.569935 0.029412 0.101961
1 0.815809 0.523529 0.019853 0.077124
1 0.835294 0.544444 0.023529 0.090196
1 0.843015 0.515686 0.028676 0.082353
1 0.861765 0.513725 0.022059 0.078431
10 0.895221 0.593464 0.044853 0.067974
1 0.829044 0.446405 0.021324 0.061438
1 0.818382 0.422222 0.014706 0.052288
1 0.804044 0.383007 0.018382 0.078431
1 0.448529 0.151634 0.011765 0.049673
4 0.854412 0.177778 0.055882 0.070588
4 0.889706 0.164706 0.064706 0.065359
4 0.970956 0.247059 0.049265 0.070588
4 0.968382 0.152288 0.051471 0.058824
1 0.749632 0.413072 0.015441 0.060131
1 0.726838 0.417647 0.016912 0.058824
1 0.750368 0.339869 0.019853 0.073203
4 0.648162 0.241176 0.124265 0.092810
1 0.582721 0.525490 0.016912 0.078431
1 0.551838 0.480392 0.016912 0.082353
1 0.536397 0.447059 0.016912 0.083660
1 0.508456 0.409150 0.018382 0.065359
1 0.489338 0.381046 0.013971 0.066667
1 0.442279 0.378431 0.012500 0.079739
1 0.498897 0.496732 0.015441 0.083660
1 0.482353 0.459477 0.014706 0.079739
1 0.459559 0.421569 0.017647 0.066667
1 0.632353 0.505229 0.017647 0.074510
1 0.602206 0.477124 0.017647 0.070588
1 0.572059 0.430065 0.016176 0.081046
1 0.539338 0.401307 0.013971 0.062745
1 0.530882 0.377124 0.013235 0.061438
1 0.650735 0.469935 0.014706 0.069281
1 0.609926 0.428105 0.013971 0.077124
1 0.583456 0.393464 0.015441 0.067974
1 0.572059 0.377124 0.011765 0.045752
1 0.639338 0.420261 0.013971 0.082353
1 0.623897 0.378431 0.009559 0.074510
1 0.611029 0.367974 0.014706 0.092810
1 0.579044 0.324837 0.013971 0.061438
1 0.573529 0.294118 0.013235 0.057516
1 0.663235 0.416340 0.014706 0.079739
1 0.695221 0.403922 0.012500 0.081046
2 0.704779 0.355556 0.013971 0.036601
1 0.694853 0.356209 0.011765 0.030065
1 0.652941 0.354248 0.013235 0.067974
1 0.629412 0.330719 0.013235 0.049673
1 0.637132 0.296732 0.012500 0.049673
1 0.673529 0.328758 0.013235 0.066667
3 0.664338 0.336601 0.008088 0.056209
