0 0.488281 0.150000 0.022396 0.014815
1 0.026302 0.819907 0.017188 0.049074
1 0.052865 0.807870 0.013021 0.058333
1 0.076563 0.829167 0.011458 0.047222
10 0.118229 0.834259 0.038542 0.055556
10 0.136458 0.811111 0.026042 0.037037
2 0.160156 0.753241 0.009896 0.032407
10 0.187500 0.712500 0.026042 0.028704
5 0.184635 0.316667 0.023438 0.016667
4 0.339583 0.868981 0.036458 0.078704
2 0.468229 0.921296 0.007292 0.027778
2 0.469792 0.908796 0.010417 0.043519
10 0.469792 0.906481 0.021875 0.079630
4 0.541406 0.928704 0.043229 0.101852
2 0.503385 0.841204 0.010937 0.041667
10 0.503125 0.849074 0.013542 0.048148
1 0.555208 0.837963 0.011458 0.053704
1 0.549219 0.780093 0.010937 0.049074
1 0.538802 0.778704 0.008854 0.046296
1 0.584115 0.809259 0.010937 0.040741
10 0.589844 0.818981 0.021354 0.030556
10 0.581510 0.734259 0.019271 0.031481
4 0.480208 0.763426 0.033333 0.069444
4 0.357031 0.749074 0.055729 0.092593
2 0.444792 0.612500 0.012500 0.028704
2 0.444010 0.615278 0.007812 0.028704
10 0.443490 0.622222 0.009896 0.031481
10 0.383854 0.617130 0.014583 0.032407
10 0.396875 0.568519 0.016667 0.022222
7 0.401302 0.539815 0.014063 0.031481
1 0.553125 0.632407 0.009375 0.042593
1 0.536719 0.568981 0.006771 0.036111
2 0.530208 0.594444 0.007292 0.033333
10 0.567187 0.575926 0.007292 0.027778
2 0.567187 0.570833 0.009375 0.030556
10 0.530990 0.598148 0.006771 0.031481
2 0.631250 0.570370 0.009375 0.025926
4 0.540365 0.522222 0.023438 0.035185
8 0.533594 0.478704 0.009896 0.029630
1 0.417187 0.461111 0.003125 0.014815
1 0.421354 0.467593 0.004167 0.018519
1 0.425521 0.463889 0.005208 0.025926
4 0.482812 0.464352 0.017708 0.030556
4 0.435937 0.432870 0.015625 0.030556
2 0.503646 0.450926 0.003125 0.014815
2 0.503646 0.450000 0.005208 0.018519
8 0.503385 0.450000 0.009896 0.029630
2 0.512500 0.443056 0.007292 0.023148
10 0.512240 0.445833 0.006771 0.019444
3 0.547656 0.475926 0.018229 0.018519
1 0.522917 0.443519 0.005208 0.020370
7 0.520052 0.447222 0.008854 0.018519
7 0.446615 0.408333 0.008854 0.022222
8 0.434115 0.406944 0.010937 0.030556
2 0.400000 0.604630 0.008333 0.025926
3 0.400521 0.615278 0.007292 0.028704
2 0.465104 0.397685 0.005208 0.017593
10 0.464583 0.401852 0.006250 0.018519
4 0.357552 0.325463 0.021354 0.017593
5 0.361979 0.343056 0.022917 0.023148
4 0.382552 0.350463 0.026562 0.023148
4 0.404687 0.340278 0.026042 0.017593
4 0.381510 0.329167 0.021354 0.017593
1 0.398958 0.325000 0.003125 0.014815
1 0.405729 0.324074 0.003125 0.018519
0 0.538542 0.412500 0.012500 0.021296
0 0.540885 0.431481 0.009896 0.014815
0 0.542188 0.456944 0.013542 0.008333
10 0.534635 0.449074 0.008854 0.018519
10 0.531250 0.431019 0.012500 0.013889
1 0.526563 0.410648 0.004167 0.023148
0 0.531250 0.375463 0.013542 0.026852
0 0.535417 0.394444 0.012500 0.011111
10 0.524479 0.393981 0.009375 0.012037
2 0.514583 0.382407 0.004167 0.018519
3 0.514583 0.386574 0.004167 0.015741
2 0.502865 0.387963 0.004687 0.016667
10 0.503125 0.391667 0.005208 0.016667
2 0.469271 0.381944 0.005208 0.015741
10 0.468750 0.386111 0.005208 0.016667
10 0.495052 0.359259 0.003646 0.014815
2 0.457292 0.369907 0.004167 0.017593
3 0.457031 0.373611 0.003646 0.015741
2 0.472135 0.353704 0.003646 0.012963
10 0.472135 0.357407 0.004687 0.016667
4 0.447396 0.356481 0.014583 0.025926
10 0.453906 0.345370 0.010937 0.012963
2 0.454167 0.341204 0.003125 0.013889
1 0.451302 0.339815 0.003646 0.018519
1 0.448437 0.339815 0.004167 0.020370
1 0.455729 0.332870 0.003125 0.019444
10 0.527344 0.355093 0.009896 0.012037
1 0.510417 0.353241 0.004167 0.019444
1 0.520312 0.346759 0.003125 0.019444
2 0.514323 0.344444 0.002604 0.014815
10 0.514323 0.347222 0.003646 0.014815
2 0.503125 0.346759 0.003125 0.013889
2 0.495312 0.356019 0.003125 0.013889
10 0.503125 0.349074 0.003125 0.014815
4 0.524219 0.330093 0.011979 0.017593
4 0.503385 0.336111 0.011979 0.020370
2 0.523438 0.313889 0.004167 0.012963
3 0.523438 0.316667 0.008333 0.011111
8 0.523698 0.312500 0.013021 0.015741
7 0.525781 0.338889 0.018229 0.018519
0 0.522917 0.292130 0.010417 0.023148
10 0.517448 0.302778 0.007812 0.011111
2 0.490365 0.343519 0.003646 0.012963
10 0.490625 0.347222 0.004167 0.014815
2 0.486979 0.336574 0.003125 0.013889
10 0.486979 0.338889 0.004167 0.014815
10 0.489844 0.335185 0.003646 0.012963
2 0.489583 0.332407 0.003125 0.014815
2 0.472656 0.331481 0.004687 0.012963
10 0.472917 0.335185 0.004167 0.014815
2 0.473958 0.322222 0.004167 0.012963
10 0.473698 0.325000 0.003646 0.012963
4 0.458854 0.308796 0.015625 0.017593
7 0.465625 0.319444 0.006250 0.014815
2 0.459896 0.316204 0.003125 0.010185
10 0.459896 0.317593 0.003125 0.011111
2 0.511198 0.307407 0.003646 0.014815
10 0.511979 0.308796 0.004167 0.012037
1 0.507812 0.304167 0.003125 0.015741
2 0.490625 0.305556 0.004167 0.011111
10 0.490885 0.308333 0.003646 0.012963
4 0.494531 0.300926 0.008854 0.014815
2 0.474479 0.295370 0.003125 0.012963
10 0.474740 0.297685 0.002604 0.012037
4 0.460938 0.281481 0.009375 0.014815
4 0.480208 0.253241 0.007292 0.012037
2 0.506510 0.288889 0.002604 0.009259
2 0.505990 0.287500 0.002604 0.012037
10 0.506250 0.290741 0.003125 0.009259
2 0.486719 0.279167 0.002604 0.010185
10 0.486719 0.282407 0.003646 0.011111
2 0.516406 0.275463 0.002604 0.010185
3 0.516667 0.277315 0.002083 0.008333
2 0.506771 0.262500 0.002083 0.008333
10 0.507031 0.264815 0.002604 0.009259
2 0.513802 0.256944 0.002604 0.008333
10 0.514062 0.258796 0.003125 0.008333
2 0.511458 0.254167 0.003125 0.012037
10 0.511719 0.256019 0.003646 0.010185
1 0.514583 0.253241 0.002083 0.012037
1 0.514844 0.245370 0.001563 0.011111
2 0.510677 0.242593 0.002604 0.009259
10 0.510938 0.244907 0.002083 0.008333
7 0.505729 0.253704 0.005208 0.011111
0 0.521354 0.193056 0.011458 0.017593
0 0.532031 0.194907 0.005729 0.008333
0 0.525000 0.207407 0.008333 0.007407
0 0.515365 0.162500 0.004687 0.008333
2 0.499219 0.250926 0.001563 0.007407
10 0.498958 0.252315 0.003125 0.004630
0 0.498698 0.243519 0.006771 0.005556
2 0.492969 0.239352 0.002604 0.008333
10 0.492708 0.241204 0.002083 0.006481
4 0.493490 0.233796 0.015104 0.012037
2 0.501823 0.235648 0.002604 0.008333
2 0.475521 0.228704 0.002083 0.007407
2 0.480208 0.227315 0.003125 0.008333
10 0.475260 0.231481 0.002604 0.009259
10 0.480208 0.229167 0.003125 0.008333
0 0.466927 0.193056 0.008854 0.012037
7 0.499740 0.237500 0.014063 0.008333
7 0.474740 0.235185 0.017188 0.011111
1 0.475781 0.172222 0.001563 0.005556
0 0.478646 0.161111 0.004167 0.001852
0 0.503125 0.162963 0.004167 0.007407
2 0.505990 0.187500 0.001563 0.006481
10 0.505990 0.187963 0.001563 0.005556
2 0.500260 0.185648 0.001563 0.004630
2 0.501042 0.175000 0.001042 0.005556
10 0.501302 0.176852 0.001563 0.005556
2 0.508854 0.181019 0.001042 0.004630
10 0.509115 0.181944 0.001563 0.004630
