4 0.467187 0.006481 0.010417 0.012963
4 0.452344 0.019907 0.009896 0.015741
4 0.433594 0.022685 0.010937 0.017593
4 0.433333 0.043519 0.009375 0.016667
4 0.430990 0.058333 0.013021 0.018519
4 0.446354 0.061574 0.013542 0.023148
4 0.425000 0.078241 0.012500 0.021296
4 0.444010 0.079630 0.013021 0.018519
4 0.441927 0.131481 0.015104 0.025926
1 0.523958 0.257870 0.007292 0.030556
1 0.531771 0.257870 0.007292 0.030556
5 0.418490 0.039352 0.015104 0.025000
4 0.361458 0.017593 0.012500 0.018519
4 0.379167 0.021296 0.011458 0.018519
4 0.389062 0.036111 0.012500 0.018519
4 0.350000 0.043981 0.014583 0.021296
4 0.364844 0.050926 0.013021 0.020370
4 0.367708 0.072222 0.014583 0.020370
4 0.321354 0.097222 0.018750 0.029630
4 0.343750 0.152778 0.018750 0.029630
9 0.309375 0.220370 0.042708 0.085185
0 0.415885 0.017130 0.021354 0.034259
4 0.407292 0.045370 0.011458 0.018519
6 0.401302 0.070370 0.024479 0.059259
4 0.391406 0.102778 0.014063 0.020370
5 0.389323 0.112963 0.015104 0.024074
4 0.387240 0.134259 0.016146 0.025926
4 0.379167 0.152778 0.017708 0.027778
4 0.375521 0.181481 0.019792 0.029630
4 0.369271 0.202315 0.017708 0.028704
4 0.357031 0.231481 0.021354 0.033333
5 0.347396 0.256019 0.025000 0.050926
4 0.340625 0.305093 0.027083 0.041667
4 0.346615 0.337500 0.043229 0.041667
4 0.430729 0.201852 0.018750 0.033333
4 0.459115 0.228241 0.019271 0.032407
4 0.313281 0.409722 0.031771 0.049074
4 0.302865 0.470833 0.039062 0.067593
4 0.272396 0.549074 0.040625 0.074074
4 0.256250 0.656019 0.054167 0.108333
6 0.829167 0.083796 0.026042 0.034259
4 0.866927 0.100926 0.031771 0.020370
6 0.866146 0.118056 0.040625 0.041667
10 0.890625 0.167593 0.014583 0.022222
10 0.910677 0.182870 0.015104 0.019444
4 0.873437 0.011111 0.013542 0.014815
4 0.886458 0.012500 0.011458 0.015741
0 0.904167 0.015741 0.022917 0.025926
4 0.449479 0.438426 0.029167 0.054630
4 0.200521 0.893056 0.080208 0.132407
