4 0.124265 0.337908 0.054412 0.056209
4 0.198529 0.247712 0.039706 0.040523
4 0.269118 0.847712 0.160294 0.132026
5 0.277941 0.943791 0.189706 0.112418
4 0.775000 0.931373 0.185294 0.137255
5 0.689706 0.835948 0.167647 0.184314
4 0.675735 0.737908 0.135294 0.090196
4 0.640074 0.671895 0.121324 0.091503
5 0.622426 0.599346 0.116912 0.082353
4 0.584926 0.524183 0.093382 0.078431
4 0.342279 0.539869 0.099265 0.073203
4 0.348897 0.473203 0.091912 0.075817
4 0.349265 0.427451 0.080882 0.062745
4 0.357353 0.399346 0.080882 0.053595
4 0.559559 0.471895 0.080882 0.062745
4 0.580147 0.416993 0.070588 0.052288
1 0.652206 0.444444 0.011765 0.057516
1 0.676103 0.435294 0.012500 0.054902
1 0.581618 0.322222 0.008824 0.043137
1 0.558824 0.375163 0.061765 0.049673
1 0.550000 0.350980 0.058824 0.045752
1 0.539706 0.329412 0.058824 0.039216
1 0.531985 0.308497 0.061029 0.036601
4 0.390074 0.324837 0.058088 0.045752
4 0.388971 0.306536 0.061765 0.040523
4 0.394118 0.283660 0.063235 0.047059
1 0.931250 0.580392 0.012500 0.067974
1 0.908824 0.588235 0.020588 0.067974
2 0.877941 0.525490 0.017647 0.057516
2 0.897794 0.520261 0.017647 0.060131
4 0.258456 0.184967 0.028676 0.035294
4 0.304412 0.141830 0.020588 0.022222
5 0.341176 0.104575 0.014706 0.026144
4 0.340809 0.088235 0.012500 0.014379
4 0.358088 0.073856 0.010294 0.014379
4 0.373162 0.061438 0.009559 0.013072
4 0.390074 0.062745 0.009559 0.013072
4 0.386397 0.049673 0.008088 0.010458
4 0.391544 0.045752 0.008088 0.010458
6 0.116912 0.036601 0.016176 0.013072
9 0.304412 0.026144 0.029412 0.020915
0 0.375368 0.029412 0.036029 0.016993
0 0.420221 0.037908 0.041912 0.026144
4 0.461765 0.034641 0.014706 0.009150
4 0.485294 0.035294 0.016176 0.010458
4 0.601103 0.035948 0.015441 0.009150
4 0.790074 0.039216 0.013971 0.010458
4 0.887500 0.041176 0.014706 0.009150
4 0.974265 0.041176 0.013235 0.011765
