4 0.149632 0.515686 0.087500 0.160784
4 0.323897 0.291503 0.055147 0.112418
4 0.300368 0.156209 0.049265 0.079739
4 0.188971 0.067974 0.055882 0.073203
2 0.267647 0.292157 0.017647 0.050980
10 0.268015 0.315686 0.024265 0.061438
7 0.255515 0.108497 0.031618 0.060131
2 0.258824 0.090196 0.007353 0.031373
4 0.575000 0.190850 0.089706 0.081046
4 0.583456 0.126144 0.037500 0.064052
5 0.569485 0.054248 0.034559 0.071895
5 0.434926 0.133987 0.036029 0.082353
5 0.449632 0.028758 0.030147 0.057516
10 0.381985 0.573203 0.046324 0.095425
10 0.390809 0.888889 0.018382 0.086275
2 0.390074 0.862745 0.025735 0.073203
1 0.423897 0.844444 0.022794 0.083660
1 0.458088 0.781046 0.017647 0.090196
1 0.524632 0.967974 0.015441 0.064052
1 0.507353 0.922876 0.023529 0.091503
2 0.503309 0.897386 0.015441 0.045752
1 0.505515 0.656209 0.019853 0.078431
1 0.455147 0.478431 0.014706 0.065359
1 0.513603 0.391503 0.013971 0.066667
1 0.506985 0.458824 0.019853 0.067974
1 0.492279 0.472549 0.011029 0.043137
1 0.548897 0.373856 0.012500 0.067974
1 0.502941 0.266013 0.011765 0.061438
1 0.513235 0.203922 0.011765 0.054902
1 0.498162 0.201307 0.011029 0.033987
1 0.488603 0.192157 0.013971 0.060131
1 0.503676 0.183660 0.010294 0.045752
1 0.500000 0.131373 0.010294 0.048366
1 0.510294 0.130065 0.011765 0.050980
1 0.504044 0.045098 0.012500 0.045752
1 0.536397 0.054902 0.008088 0.033987
1 0.537132 0.078431 0.009559 0.044444
1 0.514706 0.079085 0.010294 0.043137
1 0.515074 0.063399 0.009559 0.035294
2 0.544118 0.043137 0.013235 0.033987
1 0.459559 0.095425 0.011765 0.052288
1 0.408824 0.256863 0.013235 0.043137
1 0.393382 0.360784 0.013235 0.057516
1 0.403676 0.303268 0.010294 0.060131
1 0.440074 0.343791 0.015441 0.057516
1 0.455515 0.349673 0.015441 0.066667
1 0.441912 0.364706 0.011765 0.060131
2 0.440809 0.420915 0.018382 0.057516
10 0.441176 0.443137 0.017647 0.052288
7 0.390441 0.457516 0.033824 0.091503
1 0.673897 0.181046 0.009559 0.048366
1 0.690441 0.191503 0.010294 0.053595
1 0.681618 0.166667 0.008824 0.045752
1 0.700000 0.203922 0.011765 0.054902
1 0.705147 0.219608 0.010294 0.044444
1 0.696691 0.174510 0.009559 0.043137
1 0.620956 0.546405 0.015441 0.067974
1 0.646691 0.556209 0.018382 0.074510
1 0.499265 0.561438 0.016176 0.069281
1 0.541912 0.558170 0.022059 0.054902
1 0.568750 0.601961 0.015441 0.071895
1 0.583088 0.628758 0.016176 0.073203
1 0.571324 0.655556 0.013235 0.061438
3 0.559926 0.516993 0.034559 0.037908
