0 0.386198 0.281944 0.060937 0.108333
0 0.474740 0.325000 0.022396 0.050000
0 0.492448 0.382407 0.020313 0.035185
0 0.545573 0.418981 0.019271 0.050926
0 0.430469 0.273148 0.026562 0.035185
4 0.429948 0.303704 0.011979 0.020370
4 0.446094 0.297685 0.008854 0.012037
4 0.446875 0.316204 0.010417 0.012037
4 0.446354 0.335648 0.011458 0.015741
6 0.435156 0.361111 0.020313 0.038889
4 0.435937 0.339352 0.014583 0.021296
4 0.477083 0.411574 0.017708 0.025000
4 0.391406 0.346759 0.013021 0.021296
4 0.391146 0.366667 0.014583 0.020370
4 0.390885 0.400463 0.015104 0.028704
4 0.354427 0.359722 0.015104 0.023148
0 0.354427 0.402778 0.023438 0.037037
4 0.329427 0.407870 0.015104 0.026852
4 0.323177 0.423611 0.021354 0.034259
4 0.307292 0.460185 0.026042 0.037037
4 0.296094 0.484722 0.028646 0.043519
2 0.304167 0.550463 0.010417 0.039815
10 0.303646 0.561111 0.008333 0.033333
2 0.298698 0.726389 0.022396 0.073148
10 0.297917 0.748611 0.023958 0.080556
4 0.395833 0.642593 0.035417 0.079630
4 0.613281 0.748611 0.067187 0.095370
4 0.487760 0.525000 0.032813 0.046296
2 0.259375 0.735185 0.017708 0.062963
10 0.259115 0.755556 0.019271 0.068519
4 0.183854 0.763889 0.068750 0.114815
4 0.119792 0.900463 0.109375 0.180556
0 0.254948 0.871296 0.038021 0.111111
