0 0.365809 0.076471 0.063971 0.061438
0 0.462132 0.073856 0.080147 0.058824
4 0.229779 0.177778 0.019853 0.015686
4 0.215441 0.180392 0.017647 0.015686
4 0.235662 0.230719 0.019853 0.022222
4 0.072794 0.276471 0.047059 0.024837
4 0.937132 0.943791 0.125735 0.112418
5 0.633088 0.369935 0.038235 0.041830
4 0.472794 0.282353 0.005882 0.031373
7 0.497059 0.369281 0.020588 0.048366
0 0.325735 0.139216 0.042647 0.082353
4 0.371324 0.233987 0.014706 0.023529
4 0.390074 0.226797 0.013971 0.019608
4 0.374632 0.175163 0.009559 0.013072
9 0.370956 0.152288 0.011029 0.024837
5 0.373897 0.135294 0.003676 0.009150
6 0.368382 0.120915 0.010294 0.027451
5 0.353309 0.136601 0.006618 0.011765
10 0.420221 0.239216 0.005147 0.013072
2 0.420221 0.235294 0.005147 0.015686
4 0.769118 0.324837 0.027941 0.032680
7 0.690074 0.414379 0.043382 0.036601
7 0.709926 0.407190 0.041912 0.035294
7 0.671691 0.392157 0.037500 0.028758
7 0.687500 0.383007 0.041176 0.031373
6 0.488603 0.120261 0.033088 0.023529
6 0.509191 0.158170 0.037500 0.031373
6 0.520221 0.159477 0.036029 0.031373
6 0.529779 0.155556 0.040441 0.031373
6 0.580515 0.149673 0.034559 0.024837
6 0.586397 0.148366 0.034559 0.027451
6 0.601103 0.145752 0.034559 0.022222
6 0.616176 0.143137 0.039706 0.022222
10 0.597794 0.277778 0.008824 0.016993
