4 0.009115 0.873611 0.018229 0.060185
4 0.469792 0.897222 0.060417 0.092593
1 0.614062 0.928241 0.012500 0.037963
1 0.597917 0.913889 0.015625 0.035185
1 0.440104 0.489352 0.006250 0.025000
4 0.473177 0.518981 0.026562 0.034259
4 0.588542 0.388889 0.019792 0.027778
4 0.657292 0.289352 0.015625 0.019444
4 0.722656 0.286111 0.009896 0.016667
9 0.791927 0.103241 0.006771 0.010185
2 0.737240 0.222222 0.003646 0.009259
10 0.736979 0.225000 0.004167 0.007407
4 0.729948 0.203241 0.008854 0.012037
4 0.724479 0.212963 0.008333 0.011111
0 0.829167 0.047222 0.005208 0.005556
5 0.540625 0.953241 0.056250 0.093519
4 0.919531 0.268981 0.021354 0.015741
4 0.989583 0.287500 0.018750 0.017593
