1 0.175368 0.266013 0.024265 0.077124
1 0.206985 0.274510 0.019853 0.078431
1 0.161765 0.430065 0.020588 0.086275
2 0.187868 0.439216 0.015441 0.028758
1 0.225368 0.449673 0.024265 0.104575
1 0.254412 0.435948 0.026471 0.105882
1 0.276471 0.471895 0.026471 0.091503
10 0.034926 0.476471 0.058088 0.077124
2 0.047794 0.625490 0.041176 0.050980
1 0.120588 0.498039 0.027941 0.088889
1 0.113603 0.579085 0.028676 0.107190
1 0.131985 0.587582 0.025735 0.108497
1 0.167647 0.598039 0.017647 0.069281
1 0.170221 0.578431 0.027206 0.095425
7 0.111765 0.824837 0.148529 0.130719
1 0.027941 0.852941 0.039706 0.126797
1 0.115809 0.757516 0.030147 0.087582
1 0.236765 0.645752 0.027941 0.115033
1 0.284926 0.693464 0.021324 0.105882
1 0.297426 0.701307 0.028676 0.124183
1 0.322794 0.686275 0.023529 0.086275
1 0.370588 0.688889 0.025000 0.104575
1 0.368015 0.723529 0.019853 0.092810
1 0.397059 0.711765 0.025000 0.111111
1 0.349265 0.896078 0.029412 0.126797
1 0.532353 0.805229 0.019118 0.117647
1 0.442279 0.652941 0.022794 0.108497
1 0.446691 0.622876 0.018382 0.098039
1 0.313603 0.405229 0.022794 0.109804
1 0.334926 0.456209 0.022794 0.094118
1 0.330882 0.499346 0.026471 0.081046
1 0.356985 0.389542 0.021324 0.099346
1 0.400000 0.371895 0.023529 0.098039
1 0.382353 0.434641 0.033824 0.090196
1 0.383456 0.499346 0.030147 0.104575
1 0.411765 0.465359 0.017647 0.112418
1 0.466544 0.286928 0.009559 0.061438
1 0.469118 0.292810 0.010294 0.062745
1 0.480882 0.281046 0.016176 0.067974
1 0.444485 0.349673 0.021324 0.092810
1 0.423162 0.407843 0.028676 0.101961
1 0.433088 0.511765 0.019118 0.090196
1 0.470956 0.595425 0.013971 0.064052
1 0.463971 0.545098 0.026471 0.096732
1 0.451471 0.441176 0.019118 0.100654
1 0.472426 0.385621 0.016912 0.094118
1 0.476103 0.471242 0.021324 0.105882
1 0.496324 0.335294 0.016176 0.079739
1 0.501471 0.420915 0.019118 0.081046
1 0.508824 0.361438 0.020588 0.095425
1 0.531250 0.399346 0.016912 0.095425
1 0.540074 0.443791 0.018382 0.113725
1 0.508088 0.516340 0.042647 0.099346
1 0.486765 0.581699 0.020588 0.073203
1 0.493750 0.620261 0.019853 0.103268
1 0.468382 0.682353 0.020588 0.112418
1 0.485662 0.715033 0.016912 0.062745
1 0.556618 0.759477 0.027941 0.125490
1 0.566544 0.660784 0.027206 0.100654
1 0.586029 0.643791 0.022059 0.100654
1 0.519853 0.614379 0.020588 0.104575
1 0.563603 0.576471 0.021324 0.094118
3 0.547059 0.284967 0.022059 0.060131
1 0.578309 0.425490 0.011029 0.056209
1 0.576838 0.492157 0.013971 0.087582
1 0.581618 0.462092 0.010294 0.056209
1 0.593015 0.452941 0.015441 0.074510
1 0.617647 0.549020 0.029412 0.115033
1 0.647426 0.494771 0.016912 0.090196
1 0.676103 0.584967 0.025735 0.116340
1 0.655515 0.731373 0.030147 0.113725
1 0.695956 0.872549 0.031618 0.124183
2 0.876838 0.678431 0.021324 0.057516
4 0.911397 0.507843 0.075735 0.168627
1 0.755147 0.958170 0.030882 0.083660
