0 0.906771 0.246296 0.043750 0.111111
4 0.599479 0.796759 0.181250 0.182407
1 0.430469 0.527315 0.011979 0.058333
1 0.485938 0.574537 0.016667 0.078704
1 0.502344 0.575926 0.014063 0.075926
2 0.545573 0.590741 0.022396 0.081481
10 0.545833 0.597685 0.041667 0.067593
0 0.503906 0.507407 0.045312 0.053704
2 0.541146 0.506019 0.017708 0.037963
1 0.579167 0.518056 0.012500 0.063889
2 0.596094 0.551389 0.016146 0.071296
10 0.594010 0.571296 0.026562 0.050000
2 0.663281 0.419907 0.006771 0.039815
10 0.662240 0.431944 0.008854 0.028704
2 0.667708 0.493056 0.016667 0.060185
10 0.665885 0.499537 0.036979 0.047222
1 0.622656 0.491667 0.011979 0.057407
1 0.606510 0.476852 0.018229 0.059259
2 0.699740 0.470370 0.014063 0.044444
10 0.698958 0.481944 0.012500 0.037963
10 0.606771 0.479630 0.040625 0.048148
1 0.473698 0.428704 0.009896 0.048148
0 0.847135 0.288426 0.040104 0.067593
0 0.754948 0.387037 0.020313 0.040741
0 0.919010 0.337963 0.026562 0.020370
2 0.907552 0.782407 0.019271 0.066667
2 0.932292 0.799537 0.025000 0.126852
