4 0.300521 0.457407 0.028125 0.033333
4 0.343750 0.430556 0.035417 0.035185
6 0.495312 0.423148 0.090625 0.109259
6 0.538542 0.358333 0.072917 0.083333
4 0.466146 0.306481 0.023958 0.027778
5 0.502604 0.305556 0.023958 0.033333
4 0.493229 0.292593 0.021875 0.022222
5 0.595313 0.237037 0.017708 0.022222
4 0.550000 0.261111 0.014583 0.018519
4 0.595833 0.247222 0.016667 0.016667
4 0.584375 0.364815 0.025000 0.025926
4 0.603125 0.373148 0.022917 0.027778
4 0.608333 0.318519 0.020833 0.022222
4 0.636979 0.317593 0.019792 0.020370
4 0.613542 0.337037 0.020833 0.022222
4 0.652604 0.328704 0.021875 0.024074
6 0.628646 0.348148 0.028125 0.033333
6 0.859375 0.150926 0.014583 0.020370
6 0.895833 0.137963 0.025000 0.024074
4 0.796354 0.180556 0.013542 0.016667
4 0.740625 0.215741 0.014583 0.016667
4 0.725000 0.213889 0.012500 0.012963
4 0.734896 0.206481 0.011458 0.016667
5 0.836979 0.317593 0.019792 0.035185
4 0.848437 0.226852 0.013542 0.016667
0 0.918229 0.329630 0.126042 0.151852
2 0.503125 0.531481 0.006250 0.022222
10 0.503646 0.541667 0.011458 0.027778
2 0.341667 0.449074 0.006250 0.024074
2 0.351562 0.453704 0.007292 0.018519
10 0.350521 0.458333 0.011458 0.024074
10 0.341146 0.455556 0.009375 0.022222
