1 0.725735 0.009150 0.010294 0.018301
2 0.793015 0.044444 0.009559 0.033987
10 0.791176 0.058824 0.016176 0.039216
2 0.915441 0.021569 0.008824 0.040523
3 0.910294 0.032680 0.014706 0.026144
4 0.852574 0.281046 0.062500 0.083660
4 0.881985 0.587582 0.091912 0.168627
5 0.938603 0.486275 0.088971 0.130719
1 0.272794 0.829412 0.017647 0.087582
1 0.282721 0.851634 0.016912 0.082353
4 0.311765 0.898039 0.086765 0.203922
1 0.455882 0.893464 0.016176 0.069281
1 0.479044 0.774510 0.015441 0.071895
1 0.458088 0.672549 0.017647 0.064052
1 0.478676 0.705882 0.014706 0.065359
1 0.518750 0.619608 0.016912 0.070588
5 0.600368 0.575163 0.058088 0.151634
5 0.586397 0.416993 0.043382 0.164706
2 0.322426 0.369935 0.018382 0.036601
2 0.329412 0.488889 0.011765 0.026144
1 0.348162 0.487582 0.016912 0.062745
1 0.343750 0.533987 0.018382 0.066667
1 0.358088 0.557516 0.011765 0.066667
1 0.371691 0.564052 0.012500 0.064052
2 0.397059 0.484314 0.016176 0.050980
1 0.436765 0.532026 0.011765 0.065359
1 0.427206 0.473203 0.010294 0.041830
1 0.408824 0.473856 0.010294 0.043137
2 0.416176 0.478431 0.008824 0.028758
6 0.407353 0.554248 0.045588 0.133333
3 0.403676 0.255556 0.019118 0.045752
2 0.430515 0.273203 0.013971 0.033987
1 0.432353 0.334641 0.011765 0.065359
1 0.494485 0.400654 0.006618 0.032680
1 0.484559 0.383007 0.011765 0.057516
1 0.480882 0.324183 0.008824 0.057516
1 0.526838 0.351634 0.012500 0.060131
1 0.540074 0.358170 0.012500 0.041830
1 0.401471 0.201961 0.008824 0.045752
1 0.408824 0.192810 0.011765 0.056209
1 0.422794 0.180392 0.008824 0.057516
4 0.378309 0.189542 0.036029 0.104575
1 0.476838 0.219608 0.005147 0.031373
1 0.471691 0.209804 0.009559 0.050980
1 0.297794 0.024183 0.010294 0.043137
1 0.374632 0.056863 0.005147 0.030065
1 0.400000 0.050980 0.007353 0.044444
10 0.398162 0.056863 0.022794 0.024837
2 0.488971 0.127451 0.011765 0.032680
8 0.486765 0.139869 0.017647 0.049673
1 0.452574 0.101307 0.008088 0.040523
1 0.425368 0.096078 0.006618 0.045752
1 0.442647 0.131373 0.007353 0.048366
1 0.432353 0.128758 0.005882 0.030065
1 0.438603 0.121569 0.008088 0.044444
8 0.455882 0.144444 0.020588 0.053595
1 0.531250 0.162092 0.009559 0.047059
2 0.541912 0.173203 0.013235 0.035294
1 0.551471 0.202614 0.008824 0.052288
1 0.509191 0.090196 0.009559 0.047059
10 0.513971 0.098693 0.008824 0.035294
2 0.523162 0.072549 0.008088 0.043137
1 0.538971 0.075163 0.008824 0.043137
8 0.549632 0.116993 0.034559 0.071895
8 0.564338 0.179739 0.036029 0.064052
8 0.575368 0.235294 0.028676 0.070588
2 0.557721 0.349673 0.013971 0.035294
1 0.559191 0.309804 0.006618 0.054902
1 0.556250 0.303268 0.009559 0.054902
1 0.578676 0.286928 0.013235 0.053595
1 0.645221 0.771895 0.012500 0.074510
