2 0.540625 0.915741 0.029167 0.083333
2 0.538021 0.948148 0.034375 0.062963
10 0.543229 0.947222 0.071875 0.105556
2 0.070833 0.943519 0.056250 0.083333
1 0.221875 0.685185 0.033333 0.122222
2 0.452083 0.605556 0.027083 0.066667
10 0.453646 0.655556 0.044792 0.081481
0 0.492708 0.241667 0.158333 0.179630
2 0.425000 0.474074 0.018750 0.033333
10 0.426042 0.502778 0.027083 0.042593
1 0.391667 0.500000 0.016667 0.029630
1 0.390104 0.500000 0.028125 0.062963
10 0.386979 0.524074 0.040625 0.051852
6 0.208854 0.661111 0.178125 0.114815
7 0.202604 0.749074 0.148958 0.090741
2 0.296875 0.421296 0.014583 0.061111
6 0.349479 0.450000 0.053125 0.096296
2 0.694271 0.687037 0.028125 0.092593
10 0.709375 0.546296 0.050000 0.051852
10 0.705208 0.498148 0.052083 0.051852
2 0.514583 0.407407 0.014583 0.022222
2 0.515104 0.400000 0.015625 0.022222
8 0.515625 0.416667 0.025000 0.051852
1 0.538542 0.402778 0.014583 0.053704
5 0.594271 0.373148 0.078125 0.057407
7 0.518229 0.357407 0.019792 0.037037
10 0.604167 0.393519 0.027083 0.027778
10 0.657813 0.389815 0.023958 0.035185
10 0.597917 0.442593 0.047917 0.044444
7 0.754167 0.425000 0.054167 0.046296
5 0.620833 0.353704 0.068750 0.059259
6 0.605729 0.305556 0.067708 0.051852
4 0.600000 0.266667 0.037500 0.029630
10 0.393229 0.326852 0.017708 0.027778
7 0.714583 0.472222 0.079167 0.055556
0 0.685937 0.319444 0.053125 0.094444
