4 0.575368 0.527451 0.066912 0.155556
4 0.166176 0.575163 0.129412 0.109804
6 0.693382 0.391503 0.158824 0.139869
6 0.868015 0.795425 0.211029 0.168627
1 0.761029 0.862092 0.023529 0.082353
1 0.366176 0.328758 0.023529 0.064052
1 0.267647 0.460131 0.022059 0.065359
1 0.320221 0.450327 0.022794 0.064052
1 0.313235 0.437255 0.020588 0.061438
1 0.306985 0.423529 0.024265 0.073203
1 0.283088 0.423529 0.023529 0.070588
4 0.256618 0.388235 0.114706 0.096732
1 0.231985 0.334641 0.018382 0.052288
7 0.041912 0.375817 0.077941 0.168627
4 0.433824 0.156209 0.038235 0.090196
10 0.409559 0.212418 0.014706 0.058824
4 0.447794 0.028758 0.042647 0.057516
4 0.601103 0.068627 0.036029 0.082353
6 0.543750 0.033987 0.044853 0.067974
6 0.827574 0.260131 0.158088 0.101961
6 0.673162 0.272549 0.138971 0.113725
7 0.132721 0.881046 0.122794 0.201307
7 0.199632 0.913072 0.127206 0.168627
3 0.292279 0.191503 0.028676 0.032680
8 0.869485 0.953595 0.061029 0.092810
