0 0.133456 0.011765 0.122794 0.018301
0 0.129779 0.089542 0.075735 0.142484
0 0.030515 0.064052 0.059559 0.062745
3 0.959926 0.218954 0.018382 0.019608
2 0.962132 0.211765 0.009559 0.026144
4 0.797059 0.040523 0.041176 0.036601
4 0.767279 0.102614 0.025735 0.050980
1 0.759926 0.141176 0.009559 0.028758
4 0.778309 0.187582 0.052206 0.045752
10 0.823162 0.205229 0.012500 0.028758
1 0.815074 0.209150 0.009559 0.028758
1 0.819853 0.191503 0.008824 0.022222
4 0.944118 0.513072 0.063235 0.061438
4 0.804779 0.549020 0.065441 0.065359
4 0.667279 0.539869 0.062500 0.067974
4 0.687132 0.467974 0.063971 0.054902
7 0.856985 0.622222 0.063971 0.067974
4 0.979044 0.964706 0.041912 0.070588
5 0.561397 0.660131 0.086029 0.081046
9 0.457353 0.507190 0.102941 0.175163
5 0.395221 0.766013 0.059559 0.073203
4 0.175368 0.724837 0.077206 0.082353
4 0.025368 0.620261 0.050735 0.064052
4 0.019118 0.800000 0.038235 0.067974
10 0.714338 0.262092 0.019853 0.022222
2 0.715441 0.260784 0.010294 0.024837
2 0.721324 0.262745 0.008824 0.023529
8 0.724632 0.162745 0.025735 0.040523
4 0.709926 0.103268 0.025735 0.052288
8 0.690809 0.139869 0.019853 0.039216
3 0.717647 0.039216 0.010294 0.026144
10 0.697426 0.040523 0.006618 0.023529
1 0.650735 0.016993 0.007353 0.028758
4 0.662132 0.101961 0.027206 0.062745
4 0.625000 0.067320 0.041176 0.040523
4 0.637868 0.092810 0.028676 0.049673
4 0.577941 0.011765 0.029412 0.023529
1 0.580147 0.052941 0.007353 0.030065
1 0.582721 0.107843 0.005147 0.030065
10 0.614706 0.097386 0.007353 0.022222
10 0.614706 0.126797 0.010294 0.023529
2 0.615074 0.120915 0.005147 0.022222
1 0.651103 0.200654 0.008088 0.024837
1 0.618382 0.173856 0.008824 0.026144
1 0.634926 0.184314 0.006618 0.028758
1 0.623529 0.201961 0.007353 0.027451
1 0.590441 0.203268 0.005882 0.027451
1 0.593750 0.192810 0.006618 0.027451
1 0.603676 0.202614 0.005882 0.028758
1 0.605147 0.192810 0.007353 0.030065
1 0.575735 0.229412 0.005882 0.027451
1 0.570588 0.222876 0.007353 0.030065
8 0.534559 0.252288 0.020588 0.047059
1 0.490441 0.250327 0.008824 0.030065
1 0.490441 0.243137 0.010294 0.028758
4 0.430515 0.166013 0.027206 0.062745
10 0.345956 0.401961 0.018382 0.024837
2 0.343015 0.396078 0.009559 0.026144
2 0.339338 0.400654 0.009559 0.022222
10 0.343015 0.317647 0.011029 0.031373
2 0.343750 0.309804 0.005147 0.026144
4 0.352941 0.313725 0.008824 0.028758
2 0.351838 0.304575 0.008088 0.026144
10 0.419118 0.049673 0.007353 0.033987
2 0.420221 0.047059 0.006618 0.023529
4 0.353676 0.098039 0.026471 0.060131
4 0.282721 0.083007 0.022794 0.058824
1 0.335662 0.075817 0.008088 0.031373
1 0.329044 0.069281 0.005147 0.031373
1 0.334191 0.012418 0.005147 0.024837
1 0.345956 0.011111 0.009559 0.022222
4 0.287868 0.017647 0.019853 0.035294
10 0.315441 0.073203 0.007353 0.026144
2 0.314706 0.068627 0.007353 0.027451
2 0.317647 0.068627 0.004412 0.022222
1 0.079779 0.451634 0.015441 0.035294
1 0.078309 0.439869 0.016912 0.030065
4 0.044853 0.409804 0.069118 0.050980
1 0.129779 0.326797 0.011029 0.031373
1 0.136765 0.328105 0.008824 0.026144
4 0.163235 0.296732 0.051471 0.049673
4 0.090441 0.368627 0.061765 0.049673
7 0.042647 0.349673 0.030882 0.024837
2 0.264338 0.027451 0.008088 0.020915
1 0.250735 0.052941 0.005882 0.032680
10 0.260662 0.132680 0.018382 0.027451
3 0.176471 0.222876 0.013235 0.030065
1 0.009559 0.140523 0.013235 0.030065
1 0.006250 0.113072 0.008088 0.032680
1 0.075368 0.128105 0.011029 0.031373
1 0.073897 0.144444 0.009559 0.027451
10 0.125735 0.184967 0.008824 0.030065
10 0.135294 0.188235 0.008824 0.031373
10 0.145221 0.188235 0.009559 0.033987
10 0.151103 0.188889 0.006618 0.032680
10 0.158824 0.187582 0.008824 0.030065
7 0.200368 0.243137 0.037500 0.047059
7 0.206618 0.230719 0.026471 0.035294
8 0.225368 0.211765 0.031618 0.047059
7 0.240809 0.188889 0.031618 0.032680
10 0.223529 0.141830 0.014706 0.027451
2 0.230147 0.083007 0.005882 0.019608
10 0.184191 0.149673 0.015441 0.030065
10 0.173897 0.164706 0.009559 0.031373
10 0.169853 0.184967 0.008824 0.032680
10 0.188235 0.196732 0.016176 0.030065
3 0.208824 0.107190 0.017647 0.020915
10 0.191912 0.094118 0.014706 0.015686
3 0.175368 0.054248 0.013971 0.024837
10 0.181985 0.036601 0.013971 0.013072
10 0.208824 0.121569 0.014706 0.018301
10 0.177941 0.087582 0.013235 0.020915
10 0.172794 0.115686 0.013235 0.022222
10 0.198897 0.148366 0.013971 0.019608
10 0.200368 0.158170 0.012500 0.023529
10 0.193382 0.119608 0.014706 0.024837
10 0.189338 0.128105 0.015441 0.018301
1 0.236029 0.012418 0.004412 0.024837
1 0.226471 0.013072 0.005882 0.020915
10 0.233824 0.036601 0.016176 0.020915
10 0.231985 0.045752 0.013971 0.018301
10 0.248529 0.113725 0.014706 0.020915
2 0.249265 0.109804 0.004412 0.028758
10 0.219853 0.184314 0.014706 0.033987
0 0.051103 0.234641 0.100735 0.142484
1 0.103676 0.232026 0.008824 0.035294
