4 0.818750 0.584314 0.119853 0.094118
8 0.913603 0.526144 0.097794 0.121569
7 0.889706 0.368627 0.060294 0.065359
1 0.817279 0.465359 0.024265 0.060131
1 0.808456 0.520261 0.013971 0.060131
2 0.787500 0.481699 0.019118 0.045752
10 0.761765 0.473856 0.032353 0.050980
1 0.694485 0.378431 0.013971 0.043137
2 0.654044 0.379739 0.015441 0.040523
6 0.568750 0.538562 0.108088 0.104575
1 0.475368 0.620915 0.018382 0.054902
2 0.493015 0.564706 0.015441 0.039216
1 0.508088 0.561438 0.011765 0.043137
1 0.514706 0.520261 0.013235 0.047059
2 0.526838 0.522876 0.016912 0.031373
1 0.544485 0.505882 0.015441 0.057516
1 0.568382 0.506536 0.014706 0.048366
5 0.552206 0.385621 0.100000 0.091503
5 0.454779 0.388235 0.091912 0.088889
7 0.370588 0.564706 0.076471 0.067974
2 0.373897 0.539869 0.016912 0.039216
2 0.351103 0.522222 0.018382 0.037908
2 0.335294 0.479739 0.019118 0.052288
2 0.345588 0.426144 0.014706 0.036601
1 0.372426 0.390196 0.018382 0.061438
10 0.337868 0.488235 0.034559 0.045752
2 0.232721 0.583007 0.021324 0.039216
3 0.204412 0.606536 0.041176 0.067974
1 0.138603 0.572549 0.022794 0.070588
1 0.161029 0.494771 0.020588 0.069281
1 0.148897 0.522222 0.022794 0.066667
1 0.148162 0.549020 0.027206 0.067974
1 0.290809 0.411111 0.013971 0.061438
1 0.304412 0.413072 0.014706 0.057516
1 0.316176 0.407843 0.014706 0.062745
7 0.204412 0.390850 0.075000 0.075817
1 0.159559 0.411111 0.019118 0.061438
7 0.115809 0.400000 0.087500 0.088889
2 0.121691 0.445098 0.022794 0.066667
2 0.108824 0.458824 0.017647 0.036601
10 0.120588 0.447059 0.047059 0.060131
1 0.076838 0.456209 0.022794 0.065359
1 0.085294 0.424837 0.016176 0.054902
3 0.063971 0.424837 0.027941 0.054902
8 0.026103 0.403922 0.052206 0.086275
4 0.050735 0.177124 0.091176 0.069281
4 0.183088 0.171895 0.069118 0.071895
4 0.489338 0.143137 0.069853 0.053595
3 0.440809 0.124183 0.027206 0.033987
2 0.441912 0.116993 0.011765 0.043137
4 0.846691 0.130065 0.065441 0.053595
1 0.057721 0.022222 0.011029 0.028758
1 0.049265 0.018954 0.011765 0.037908
10 0.326103 0.074510 0.024265 0.031373
2 0.326103 0.069935 0.009559 0.035294
2 0.332721 0.072549 0.008088 0.030065
4 0.308456 0.011111 0.063971 0.022222
7 0.529044 0.063399 0.040441 0.035294
2 0.531250 0.047059 0.009559 0.028758
4 0.929779 0.024837 0.044853 0.047059
