4 0.096094 0.777315 0.160938 0.158333
4 0.155990 0.893056 0.130729 0.180556
4 0.615365 0.420833 0.084896 0.060185
4 0.810156 0.326389 0.056771 0.050926
4 0.897396 0.250000 0.036458 0.040741
4 0.806510 0.281481 0.038021 0.046296
4 0.614323 0.340278 0.079687 0.049074
4 0.273438 0.446296 0.069792 0.077778
4 0.221875 0.473611 0.058333 0.089815
4 0.236979 0.332870 0.068750 0.065741
4 0.137240 0.299537 0.066146 0.058333
4 0.262500 0.277315 0.038542 0.049074
4 0.243229 0.236574 0.029167 0.045370
4 0.174479 0.157407 0.023958 0.035185
4 0.480990 0.426389 0.090104 0.060185
4 0.446354 0.487963 0.101042 0.075926
4 0.412240 0.568056 0.101562 0.108333
4 0.342708 0.548611 0.098958 0.106481
4 0.776563 0.268056 0.038542 0.043519
4 0.807813 0.244444 0.032292 0.048148
4 0.836719 0.254167 0.035937 0.049074
4 0.835677 0.224074 0.030729 0.042593
4 0.859375 0.231481 0.028125 0.048148
4 0.850781 0.208333 0.031771 0.037037
4 0.876042 0.217130 0.027083 0.047222
4 0.894531 0.201389 0.024479 0.036111
4 0.880729 0.182870 0.029167 0.036111
4 0.913281 0.181481 0.029687 0.037037
4 0.974479 0.141204 0.018750 0.032407
4 0.978906 0.130556 0.016146 0.027778
4 0.986979 0.111111 0.019792 0.029630
4 0.929427 0.141667 0.020313 0.029630
4 0.990104 0.221759 0.019792 0.036111
4 0.016927 0.293519 0.033854 0.048148
3 0.957552 0.809259 0.020313 0.092593
3 0.588021 0.871296 0.043750 0.103704
3 0.570833 0.779167 0.042708 0.084259
3 0.484375 0.768056 0.029167 0.069444
3 0.396354 0.693519 0.020833 0.077778
3 0.415625 0.630556 0.023958 0.066667
3 0.253906 0.682407 0.021354 0.070370
3 0.279948 0.605556 0.028646 0.057407
3 0.178385 0.371296 0.023438 0.040741
3 0.198958 0.376852 0.013542 0.046296
3 0.466667 0.356944 0.027083 0.032407
3 0.685677 0.283333 0.013021 0.029630
3 0.521615 0.300463 0.024479 0.028704
3 0.502865 0.396759 0.027604 0.028704
3 0.509115 0.381019 0.020313 0.026852
3 0.676823 0.272685 0.009896 0.026852
3 0.891667 0.322222 0.010417 0.035185
3 0.937240 0.271296 0.009896 0.025926
3 0.972917 0.264352 0.009375 0.032407
3 0.954427 0.323148 0.016146 0.025926
3 0.876563 0.466667 0.013542 0.044444
3 0.923438 0.322222 0.022917 0.024074
0 0.022135 0.525926 0.044271 0.148148
0 0.077604 0.487963 0.059375 0.061111
1 0.379688 0.360648 0.013542 0.054630
1 0.357552 0.269444 0.008854 0.044444
1 0.127865 0.502315 0.019271 0.071296
1 0.305990 0.840278 0.022396 0.099074
1 0.325260 0.825000 0.027604 0.098148
1 0.389323 0.847222 0.026562 0.098148
1 0.405469 0.836111 0.023438 0.092593
1 0.849219 0.756481 0.021354 0.094444
1 0.975521 0.422222 0.019792 0.059259
1 0.977083 0.346759 0.011458 0.047222
1 0.963542 0.336111 0.010417 0.046296
1 0.931771 0.522685 0.014583 0.067593
1 0.937240 0.617130 0.017188 0.082407
1 0.795573 0.606944 0.020313 0.054630
1 0.817448 0.540278 0.019271 0.052778
1 0.880990 0.404167 0.016146 0.045370
1 0.893229 0.311574 0.012500 0.034259
1 0.922656 0.311111 0.014063 0.037037
1 0.955469 0.310185 0.009896 0.033333
1 0.939844 0.257407 0.009896 0.029630
1 0.972917 0.256019 0.010417 0.032407
1 0.954688 0.230093 0.011458 0.025000
1 0.985417 0.197685 0.011458 0.019444
1 0.960938 0.275463 0.008333 0.032407
1 0.686198 0.271296 0.008854 0.033333
1 0.551302 0.370370 0.015104 0.048148
1 0.510417 0.369907 0.010417 0.034259
1 0.524219 0.289815 0.008854 0.040741
1 0.501302 0.381944 0.009896 0.041667
1 0.463802 0.343056 0.011979 0.052778
1 0.332552 0.438426 0.022396 0.062037
1 0.318750 0.620370 0.015625 0.074074
1 0.278906 0.587963 0.016146 0.059259
1 0.335156 0.695833 0.029687 0.067593
1 0.394531 0.681019 0.016146 0.078704
1 0.414583 0.615741 0.019792 0.075926
1 0.254688 0.667130 0.017708 0.076852
1 0.260677 0.862500 0.026562 0.102778
1 0.186198 0.509722 0.020313 0.052778
1 0.147656 0.448611 0.019271 0.063889
1 0.177344 0.362500 0.013021 0.045370
1 0.198177 0.370370 0.013021 0.050000
1 0.174740 0.233796 0.009896 0.037963
1 0.216146 0.156481 0.006250 0.022222
1 0.203906 0.150000 0.006771 0.022222
1 0.195833 0.152315 0.007292 0.021296
1 0.197396 0.137963 0.006250 0.024074
1 0.202865 0.133796 0.006771 0.028704
1 0.012240 0.419444 0.019271 0.064815
1 0.021615 0.356019 0.010937 0.056481
1 0.014583 0.347685 0.010417 0.056481
1 0.289844 0.675000 0.017188 0.075926
10 0.258594 0.873148 0.051562 0.077778
10 0.554167 0.379630 0.031250 0.040741
10 0.816406 0.552778 0.018229 0.059259
10 0.795833 0.621296 0.020833 0.064815
10 0.953906 0.243519 0.008854 0.033333
10 0.572656 0.781481 0.042188 0.079630
10 0.328906 0.704167 0.023438 0.089815
10 0.322656 0.626389 0.040104 0.063889
10 0.187500 0.526389 0.022917 0.052778
10 0.147656 0.457870 0.030729 0.039815
10 0.173698 0.239815 0.011979 0.027778
10 0.195052 0.156019 0.009896 0.023148
10 0.204687 0.157870 0.009375 0.026852
10 0.991927 0.268056 0.008854 0.028704
1 0.992969 0.266667 0.008854 0.027778
1 0.994010 0.260185 0.008854 0.033333
1 0.043229 0.254630 0.011458 0.046296
1 0.183854 0.118056 0.006250 0.030556
1 0.174740 0.117130 0.006771 0.032407
1 0.102344 0.241667 0.013021 0.025926
1 0.092188 0.244907 0.013542 0.026852
1 0.085417 0.244907 0.014583 0.026852
1 0.076823 0.246759 0.015104 0.026852
1 0.068229 0.250000 0.013542 0.027778
1 0.061719 0.251389 0.011979 0.032407
1 0.055469 0.252315 0.011979 0.030556
0 0.023177 0.255556 0.026562 0.024074
3 0.133333 0.165741 0.008333 0.024074
3 0.215365 0.166204 0.005729 0.023148
3 0.817969 0.199074 0.007812 0.018519
3 0.834635 0.195833 0.007812 0.019444
3 0.906510 0.158796 0.009896 0.017593
1 0.907552 0.151852 0.006771 0.022222
1 0.853906 0.180093 0.005729 0.023148
1 0.835156 0.188426 0.006771 0.026852
1 0.819271 0.191667 0.008333 0.027778
1 0.893490 0.150926 0.005729 0.029630
1 0.888281 0.150463 0.006771 0.026852
1 0.956250 0.096759 0.005208 0.023148
1 0.936198 0.115278 0.005729 0.025000
5 0.530729 0.229167 0.046875 0.054630
5 0.528125 0.195833 0.037500 0.037963
4 0.619531 0.221759 0.047396 0.036111
4 0.682031 0.187500 0.038021 0.047222
4 0.848698 0.147222 0.025521 0.024074
4 0.865104 0.136111 0.022917 0.022222
4 0.876823 0.129167 0.020313 0.019444
4 0.890104 0.121296 0.019792 0.022222
4 0.840365 0.108796 0.026562 0.025000
4 0.848437 0.101389 0.028125 0.021296
4 0.872656 0.094444 0.026562 0.024074
4 0.884375 0.085648 0.021875 0.021296
1 0.920312 0.303704 0.009375 0.035185
1 0.988021 0.195833 0.007292 0.032407
1 0.965104 0.205556 0.006250 0.029630
