6 0.547396 0.608333 0.055208 0.101852
6 0.457813 0.392593 0.053125 0.111111
4 0.371354 0.262963 0.013542 0.018519
4 0.394271 0.253704 0.013542 0.018519
10 0.807292 0.751852 0.020833 0.051852
2 0.808333 0.747222 0.010417 0.042593
0 0.845313 0.763889 0.023958 0.053704
10 0.656250 0.733333 0.014583 0.037037
2 0.656250 0.720370 0.010417 0.029630
2 0.657292 0.730556 0.014583 0.031481
0 0.319271 0.429630 0.011458 0.029630
1 0.698438 0.288889 0.003125 0.018519
0 0.634896 0.233333 0.005208 0.014815
0 0.706250 0.294444 0.008333 0.018519
6 0.371875 0.192593 0.012500 0.025926
4 0.359375 0.165741 0.010417 0.012963
0 0.394271 0.209259 0.005208 0.014815
6 0.354167 0.199074 0.018750 0.042593
6 0.343750 0.171296 0.014583 0.031481
0 0.341667 0.067593 0.022917 0.027778
0 0.337500 0.115741 0.029167 0.031481
5 0.318229 0.132407 0.005208 0.009259
0 0.370833 0.069444 0.014583 0.016667
0 0.306250 0.099074 0.033333 0.053704
4 0.308854 0.137037 0.007292 0.011111
0 0.312500 0.142593 0.006250 0.011111
0 0.294792 0.149074 0.010417 0.035185
0 0.302083 0.172222 0.020833 0.033333
0 0.243750 0.121296 0.014583 0.027778
0 0.070312 0.140741 0.140625 0.077778
0 0.298438 0.241667 0.009375 0.016667
4 0.302604 0.267593 0.011458 0.016667
4 0.303125 0.282407 0.012500 0.016667
4 0.304167 0.301852 0.014583 0.022222
4 0.306250 0.316667 0.014583 0.022222
0 0.317188 0.264815 0.017708 0.059259
1 0.986979 0.934259 0.015625 0.068519
