0 0.771691 0.109804 0.456618 0.214379
3 0.011765 0.441830 0.023529 0.031373
3 0.091176 0.438562 0.029412 0.032680
3 0.218750 0.408497 0.021324 0.040523
3 0.144853 0.383660 0.011765 0.032680
10 0.177574 0.671242 0.022794 0.071895
3 0.270588 0.784967 0.023529 0.053595
3 0.380515 0.844444 0.038971 0.060131
1 0.050368 0.746405 0.019853 0.070588
1 0.063603 0.735294 0.021324 0.064052
1 0.121324 0.737908 0.026471 0.061438
1 0.148529 0.717647 0.020588 0.065359
1 0.139338 0.724837 0.019853 0.064052
1 0.125368 0.727451 0.019853 0.074510
1 0.341544 0.515033 0.013971 0.060131
1 0.333824 0.724837 0.019118 0.071895
1 0.323162 0.716993 0.013971 0.064052
2 0.327574 0.669935 0.018382 0.050980
4 0.329412 0.689542 0.026471 0.043137
3 0.328309 0.287582 0.015441 0.028758
1 0.339338 0.262745 0.008088 0.033987
1 0.334191 0.255556 0.006618 0.032680
1 0.329412 0.253595 0.007353 0.039216
4 0.387132 0.341830 0.028676 0.061438
4 0.484559 0.346405 0.033824 0.062745
4 0.423529 0.251634 0.029412 0.056209
4 0.514338 0.301961 0.030147 0.047059
4 0.600368 0.473203 0.049265 0.067974
4 0.623162 0.682353 0.072794 0.130719
4 0.745956 0.728758 0.103676 0.147712
4 0.672059 0.438562 0.050000 0.058824
4 0.630515 0.335948 0.044853 0.049673
4 0.563971 0.282353 0.036765 0.049673
4 0.519485 0.208497 0.027206 0.032680
5 0.428676 0.071895 0.017647 0.028758
5 0.484191 0.206536 0.037500 0.078431
5 0.389706 0.138562 0.030882 0.062745
1 0.637132 0.460131 0.011029 0.049673
2 0.644118 0.462092 0.008824 0.024837
1 0.493382 0.097386 0.004412 0.022222
1 0.497794 0.095425 0.005882 0.026144
4 0.363235 0.090196 0.017647 0.023529
4 0.411765 0.048366 0.014706 0.020915
4 0.559559 0.245752 0.032353 0.033987
4 0.377941 0.037255 0.019118 0.016993
4 0.384191 0.049673 0.022794 0.020915
5 0.351471 0.064052 0.014706 0.028758
6 0.396324 0.020915 0.013235 0.026144
5 0.333088 0.158824 0.019118 0.056209
9 0.358088 0.203268 0.036765 0.103268
2 0.347794 0.124183 0.007353 0.018301
2 0.375000 0.071895 0.004412 0.015686
10 0.348162 0.134641 0.006618 0.015686
10 0.375735 0.082353 0.005882 0.015686
4 0.325735 0.008497 0.013235 0.016993
1 0.322794 0.149673 0.007353 0.019608
4 0.881618 0.730719 0.098529 0.128105
