0 0.456985 0.429412 0.033088 0.045752
0 0.420956 0.425490 0.016912 0.045752
0 0.436765 0.455556 0.014706 0.027451
0 0.421691 0.480392 0.013971 0.027451
4 0.451838 0.469935 0.006618 0.006536
4 0.459559 0.477124 0.005882 0.010458
4 0.464338 0.484967 0.005147 0.007843
4 0.464706 0.469935 0.004412 0.006536
4 0.483088 0.495425 0.004412 0.007843
0 0.494853 0.509804 0.020588 0.031373
4 0.520588 0.561438 0.008824 0.014379
4 0.516176 0.557516 0.008824 0.011765
4 0.512500 0.549020 0.008824 0.013072
4 0.510294 0.543137 0.008824 0.011765
4 0.507353 0.539216 0.007353 0.011765
4 0.503309 0.533987 0.006618 0.011765
4 0.452574 0.494118 0.005147 0.010458
4 0.458456 0.510458 0.006618 0.011765
1 0.463235 0.511111 0.001471 0.010458
5 0.455882 0.526797 0.008824 0.020915
4 0.493015 0.603268 0.011029 0.016993
0 0.526471 0.578431 0.011765 0.022222
4 0.731618 0.949020 0.044118 0.054902
4 0.702941 0.900000 0.035294 0.048366
4 0.676838 0.850980 0.033088 0.039216
4 0.657721 0.935948 0.034559 0.047059
6 0.608456 0.913725 0.033088 0.083660
4 0.806618 0.911765 0.035294 0.045752
4 0.571324 0.970588 0.029412 0.058824
4 0.778309 0.868627 0.028676 0.043137
4 0.613603 0.734641 0.021324 0.028758
4 0.587868 0.724837 0.018382 0.024837
4 0.565441 0.720915 0.020588 0.024837
4 0.600368 0.712418 0.018382 0.023529
4 0.590074 0.692157 0.015441 0.027451
5 0.578309 0.669935 0.011029 0.024837
4 0.572426 0.658824 0.012500 0.018301
4 0.566544 0.650327 0.013971 0.016993
4 0.561029 0.635948 0.013235 0.022222
4 0.553309 0.626797 0.011029 0.016993
4 0.544485 0.603268 0.011029 0.016993
4 0.538235 0.598039 0.013235 0.014379
4 0.548897 0.616993 0.012500 0.020915
0 0.530882 0.519608 0.013235 0.030065
0 0.546691 0.545752 0.013971 0.019608
0 0.589706 0.601961 0.019118 0.016993
4 0.612868 0.645752 0.015441 0.020915
4 0.675368 0.730719 0.019853 0.026144
4 0.668382 0.710458 0.020588 0.022222
1 0.466176 0.947712 0.008824 0.031373
2 0.510662 0.777124 0.006618 0.022222
10 0.511029 0.785621 0.005882 0.018301
2 0.469485 0.863399 0.006618 0.019608
10 0.470588 0.873203 0.005882 0.018301
4 0.434559 0.982353 0.023529 0.035294
4 0.427941 0.861438 0.017647 0.044444
1 0.440441 0.815033 0.007353 0.030065
4 0.430147 0.782353 0.017647 0.037908
4 0.427574 0.752941 0.012500 0.026144
4 0.424632 0.701961 0.016912 0.031373
4 0.424632 0.681699 0.013971 0.024837
1 0.437132 0.643137 0.003676 0.018301
1 0.434191 0.643791 0.003676 0.014379
1 0.430147 0.643137 0.002941 0.018301
0 0.420956 0.581046 0.012500 0.079739
4 0.379412 0.535948 0.013235 0.013072
5 0.376103 0.553595 0.015441 0.011765
4 0.376471 0.562745 0.011765 0.011765
4 0.223529 0.749020 0.016176 0.028758
4 0.207721 0.641176 0.019853 0.019608
4 0.062868 0.643791 0.015441 0.016993
4 0.039706 0.648366 0.017647 0.020915
0 0.173897 0.530065 0.015441 0.019608
4 0.105882 0.588235 0.026471 0.010458
4 0.108456 0.584314 0.021324 0.007843
4 0.114338 0.581699 0.021324 0.010458
4 0.123897 0.577124 0.025735 0.014379
4 0.126103 0.569935 0.024265 0.007843
4 0.142647 0.565359 0.023529 0.011765
4 0.148897 0.559477 0.021324 0.015686
4 0.158824 0.553595 0.020588 0.014379
4 0.154412 0.548366 0.020588 0.011765
4 0.135662 0.549673 0.013971 0.011765
5 0.157721 0.532680 0.011029 0.014379
4 0.118382 0.548366 0.013235 0.011765
9 0.106250 0.546405 0.013971 0.018301
9 0.091912 0.545098 0.014706 0.015686
9 0.078309 0.546405 0.015441 0.018301
4 0.099632 0.532026 0.013971 0.015686
5 0.258088 0.535294 0.008824 0.016993
5 0.189338 0.533987 0.012500 0.011765
0 0.207353 0.532680 0.017647 0.014379
5 0.220956 0.535948 0.008088 0.015686
0 0.239706 0.533987 0.023529 0.016993
