4 0.490104 0.858796 0.046875 0.123148
4 0.534375 0.527315 0.022917 0.039815
2 0.591667 0.823148 0.014583 0.037037
2 0.593229 0.812963 0.013542 0.027778
2 0.614844 0.880556 0.014063 0.029630
2 0.636719 0.821296 0.010937 0.033333
2 0.639844 0.837500 0.009896 0.023148
10 0.448437 0.593519 0.012500 0.046296
2 0.605729 0.591204 0.014583 0.036111
10 0.538542 0.474074 0.005208 0.016667
2 0.538802 0.466667 0.004687 0.018519
1 0.559896 0.458333 0.006250 0.025926
4 0.554167 0.425463 0.017708 0.023148
1 0.568750 0.464352 0.004167 0.021296
1 0.573438 0.459259 0.005208 0.018519
4 0.522135 0.337500 0.014063 0.025000
10 0.576042 0.607870 0.006250 0.025000
2 0.576042 0.598148 0.005208 0.024074
