4 0.176042 0.024537 0.016667 0.047222
6 0.198958 0.036574 0.022917 0.069444
4 0.124219 0.013889 0.014063 0.025926
5 0.120573 0.060648 0.016146 0.049074
4 0.121354 0.111574 0.014583 0.045370
6 0.153385 0.125000 0.019271 0.059259
4 0.172917 0.128704 0.013542 0.051852
4 0.176302 0.182870 0.016146 0.047222
4 0.159375 0.189352 0.013542 0.050926
4 0.125000 0.179167 0.020833 0.049074
2 0.141146 0.165741 0.005208 0.016667
3 0.140885 0.164352 0.006771 0.032407
4 0.126302 0.219907 0.027604 0.039815
4 0.061198 0.234722 0.017188 0.050926
4 0.042969 0.239352 0.014063 0.034259
4 0.026823 0.238889 0.015104 0.042593
4 0.008073 0.243519 0.015104 0.055556
4 0.010677 0.347222 0.015104 0.055556
4 0.045573 0.342593 0.015104 0.053704
4 0.078646 0.491204 0.034375 0.030556
4 0.077865 0.524074 0.034896 0.031481
4 0.078646 0.556019 0.036458 0.028704
5 0.078385 0.585648 0.029687 0.026852
5 0.074479 0.617593 0.036458 0.025926
5 0.122917 0.405093 0.027083 0.043519
4 0.125260 0.435648 0.031771 0.045370
4 0.123438 0.467593 0.035417 0.050000
4 0.122396 0.508333 0.030208 0.053704
4 0.122656 0.546759 0.031771 0.052778
4 0.124219 0.590741 0.031771 0.053704
4 0.122396 0.624537 0.032292 0.050926
4 0.135417 0.690741 0.017708 0.062963
4 0.135937 0.773611 0.019792 0.063889
6 0.113281 0.773611 0.024479 0.071296
4 0.173437 0.344444 0.015625 0.057407
4 0.173437 0.421296 0.015625 0.057407
4 0.175000 0.483796 0.015625 0.052778
4 0.172656 0.669907 0.016146 0.060185
4 0.230990 0.637500 0.015104 0.058333
4 0.298698 0.655093 0.020313 0.065741
1 0.151042 0.888889 0.007292 0.014815
2 0.122917 0.863426 0.009375 0.015741
2 0.070833 0.880556 0.007292 0.012963
2 0.063021 0.880556 0.007292 0.016667
2 0.026042 0.887500 0.008333 0.012037
2 0.017708 0.885648 0.007292 0.013889
1 0.033073 0.806944 0.011979 0.015741
1 0.175260 0.810185 0.006771 0.012963
1 0.195052 0.808796 0.006771 0.008333
2 0.195052 0.804630 0.004687 0.009259
1 0.270313 0.580556 0.005208 0.014815
1 0.275260 0.582870 0.004687 0.012037
10 0.255729 0.520370 0.007292 0.022222
1 0.255469 0.518519 0.003646 0.011111
5 0.316146 0.034259 0.013542 0.051852
5 0.371875 0.021759 0.028125 0.030556
6 0.348177 0.071759 0.017188 0.078704
6 0.350521 0.139352 0.013542 0.052778
5 0.365365 0.126852 0.013021 0.044444
10 0.317969 0.118056 0.005729 0.023148
2 0.317708 0.117593 0.005208 0.014815
2 0.305469 0.109259 0.003646 0.012963
3 0.306250 0.110185 0.007292 0.024074
10 0.325781 0.316204 0.005729 0.023148
2 0.325781 0.316204 0.005729 0.012037
10 0.336979 0.352778 0.005208 0.024074
2 0.336458 0.352315 0.004167 0.013889
4 0.361979 0.376852 0.013542 0.048148
4 0.377604 0.350000 0.014583 0.053704
4 0.358333 0.193981 0.018750 0.041667
1 0.347135 0.213889 0.004687 0.016667
1 0.342448 0.218981 0.005729 0.013889
2 0.334375 0.192593 0.004167 0.012963
3 0.333854 0.196759 0.006250 0.023148
6 0.372917 0.279630 0.016667 0.072222
10 0.380469 0.401389 0.010937 0.010185
10 0.381250 0.414352 0.010417 0.015741
4 0.320052 0.468056 0.017188 0.058333
4 0.383854 0.499074 0.013542 0.053704
4 0.386458 0.556019 0.016667 0.056481
1 0.372396 0.572222 0.006250 0.016667
1 0.366667 0.577315 0.004167 0.013889
1 0.374740 0.617130 0.004687 0.012037
1 0.373177 0.630093 0.005729 0.012037
3 0.430990 0.531019 0.011979 0.017593
4 0.425521 0.593056 0.013542 0.056481
4 0.445312 0.607407 0.012500 0.053704
4 0.464323 0.609259 0.014063 0.051852
4 0.409635 0.697222 0.034896 0.048148
4 0.456250 0.662037 0.031250 0.027778
4 0.483333 0.609259 0.014583 0.061111
6 0.815365 0.190741 0.057813 0.037037
6 0.717708 0.189815 0.057292 0.029630
6 0.597135 0.217593 0.055729 0.029630
6 0.475781 0.176389 0.055729 0.034259
4 0.415104 0.173148 0.030208 0.025926
4 0.499219 0.625926 0.020313 0.059259
10 0.535156 0.546759 0.004687 0.019444
7 0.550521 0.540741 0.006250 0.018519
4 0.542969 0.665741 0.033854 0.027778
5 0.601302 0.545833 0.032813 0.025000
5 0.605990 0.619444 0.014063 0.062963
4 0.633854 0.588889 0.032292 0.027778
3 0.691667 0.558333 0.005208 0.018519
3 0.696615 0.556944 0.004687 0.019444
5 0.706510 0.583333 0.029687 0.037037
4 0.717969 0.638426 0.015104 0.060185
4 0.736979 0.641667 0.014583 0.051852
4 0.728646 0.699074 0.033333 0.040741
1 0.711458 0.717130 0.007292 0.010185
1 0.708073 0.730556 0.008854 0.009259
1 0.649740 0.687500 0.006771 0.010185
4 0.765625 0.684722 0.032292 0.025000
4 0.814844 0.690741 0.035937 0.029630
4 0.846094 0.660648 0.018229 0.063889
4 0.863021 0.660185 0.016667 0.062963
4 0.880469 0.659259 0.017188 0.051852
4 0.940365 0.651852 0.019271 0.057407
7 0.979167 0.646296 0.007292 0.024074
10 0.899479 0.655556 0.008333 0.024074
2 0.888542 0.602315 0.007292 0.012037
1 0.947135 0.585648 0.006771 0.010185
4 0.992708 0.663426 0.014583 0.062037
2 0.893229 0.711111 0.007292 0.014815
10 0.891667 0.712500 0.017708 0.010185
4 0.987240 0.822222 0.020313 0.059259
4 0.969271 0.819907 0.020833 0.056481
4 0.951562 0.828704 0.019792 0.059259
3 0.937760 0.805093 0.007812 0.023148
3 0.935417 0.821759 0.008333 0.025000
7 0.922656 0.804630 0.020313 0.018519
1 0.898958 0.828704 0.009375 0.009259
1 0.896354 0.850000 0.007292 0.007407
1 0.906510 0.857407 0.003646 0.016667
2 0.903125 0.854630 0.003125 0.011111
3 0.903125 0.853241 0.006250 0.025000
4 0.913021 0.772222 0.033333 0.029630
5 0.874740 0.771296 0.032813 0.029630
4 0.843490 0.768981 0.022396 0.025000
1 0.777344 0.730093 0.007812 0.010185
1 0.776823 0.739815 0.007812 0.009259
1 0.797396 0.748148 0.008333 0.007407
1 0.797396 0.755556 0.007292 0.007407
10 0.866406 0.908333 0.007812 0.029630
3 0.866146 0.848611 0.008333 0.026852
4 0.876563 0.823148 0.021875 0.066667
4 0.851042 0.819907 0.021875 0.063889
4 0.811458 0.820370 0.018750 0.072222
4 0.794531 0.815278 0.016146 0.062037
4 0.771875 0.815278 0.017708 0.063889
4 0.750781 0.811574 0.017188 0.060185
4 0.732031 0.825926 0.016146 0.064815
4 0.713021 0.809722 0.015625 0.063889
4 0.694010 0.813889 0.016146 0.051852
4 0.673438 0.813889 0.014583 0.062963
4 0.684115 0.870833 0.033854 0.028704
4 0.689063 0.907407 0.036458 0.029630
4 0.585156 0.798148 0.017188 0.066667
4 0.564844 0.790741 0.017188 0.062963
4 0.544271 0.800463 0.012500 0.050926
4 0.518229 0.814815 0.013542 0.064815
4 0.498177 0.812963 0.013021 0.061111
6 0.490885 0.888426 0.065104 0.036111
5 0.478125 0.811574 0.014583 0.063889
5 0.456510 0.821296 0.014063 0.061111
4 0.433594 0.819444 0.014063 0.057407
1 0.429427 0.776389 0.004687 0.010185
1 0.420573 0.780556 0.005729 0.009259
2 0.416406 0.792593 0.006771 0.012963
2 0.370833 0.801389 0.006250 0.010185
3 0.370833 0.801389 0.007292 0.026852
4 0.394531 0.892130 0.021354 0.063889
4 0.351042 0.900463 0.017708 0.063889
2 0.337760 0.954630 0.007812 0.009259
3 0.339062 0.954630 0.007292 0.025926
4 0.288281 0.986111 0.015104 0.025926
2 0.860417 0.574074 0.007292 0.020370
