5 0.243750 0.900000 0.061029 0.200000
1 0.825735 0.776471 0.016176 0.054902
1 0.941544 0.779085 0.013971 0.054902
4 0.018015 0.579085 0.036029 0.091503
4 0.017647 0.315686 0.035294 0.069281
4 0.045588 0.260784 0.055882 0.064052
4 0.023529 0.226797 0.047059 0.064052
10 0.044118 0.120261 0.020588 0.028758
1 0.037500 0.083660 0.008824 0.039216
1 0.062500 0.084967 0.008824 0.041830
5 0.119853 0.173856 0.060294 0.057516
4 0.123897 0.135294 0.030147 0.045752
4 0.166176 0.075163 0.033824 0.050980
4 0.236765 0.031373 0.044118 0.026144
1 0.268015 0.050980 0.006618 0.028758
1 0.272059 0.049673 0.007353 0.023529
1 0.278309 0.047712 0.008088 0.035294
1 0.196691 0.526797 0.008088 0.039216
1 0.204044 0.517647 0.011029 0.052288
1 0.213603 0.516993 0.012500 0.048366
5 0.319853 0.472549 0.044118 0.113725
1 0.351103 0.455556 0.013971 0.056209
4 0.514338 0.395425 0.034559 0.079739
4 0.585662 0.316340 0.034559 0.065359
4 0.576838 0.241176 0.033088 0.058824
4 0.430882 0.233987 0.029412 0.065359
4 0.560662 0.145752 0.028676 0.048366
4 0.475368 0.131373 0.025735 0.045752
4 0.509559 0.107843 0.022059 0.035294
4 0.543382 0.067320 0.022059 0.035294
4 0.537868 0.037255 0.019853 0.032680
4 0.445956 0.015033 0.018382 0.030065
7 0.397059 0.130065 0.016176 0.040523
1 0.396324 0.122876 0.007353 0.026144
1 0.377206 0.052288 0.004412 0.033987
3 0.375000 0.060784 0.005882 0.022222
2 0.404412 0.045098 0.005882 0.019608
10 0.403676 0.052288 0.005882 0.023529
2 0.408456 0.026144 0.003676 0.015686
10 0.408088 0.035948 0.005882 0.019608
4 0.838971 0.371242 0.050000 0.044444
4 0.827941 0.339216 0.060294 0.053595
5 0.834559 0.224837 0.035294 0.062745
4 0.745956 0.298693 0.044853 0.074510
1 0.790074 0.356863 0.008088 0.049673
1 0.792647 0.407190 0.007353 0.040523
6 0.623162 0.015686 0.027206 0.031373
4 0.626471 0.050980 0.026471 0.041830
4 0.635662 0.082353 0.024265 0.039216
4 0.660294 0.139869 0.027941 0.039216
4 0.709191 0.177778 0.036029 0.052288
4 0.715441 0.127451 0.038235 0.037908
4 0.718015 0.094118 0.049265 0.036601
4 0.697426 0.072549 0.053676 0.043137
