1 0.381618 0.464052 0.008824 0.036601
1 0.397794 0.420915 0.007353 0.026144
10 0.397426 0.433987 0.008088 0.020915
4 0.373897 0.444444 0.030147 0.049673
4 0.446691 0.424183 0.024265 0.045752
4 0.398897 0.357516 0.022794 0.043137
4 0.413971 0.313072 0.020588 0.030065
4 0.397059 0.334641 0.027941 0.031373
5 0.357721 0.323529 0.043382 0.035294
1 0.329412 0.361438 0.007353 0.027451
3 0.315441 0.389542 0.010294 0.023529
3 0.326471 0.377124 0.014706 0.016993
3 0.322059 0.369281 0.013235 0.019608
1 0.608824 0.507190 0.007353 0.044444
1 0.617647 0.508497 0.008824 0.041830
2 0.567279 0.396732 0.006618 0.030065
3 0.566544 0.403268 0.006618 0.024837
1 0.487132 0.278431 0.006618 0.023529
1 0.495588 0.276471 0.004412 0.024837
1 0.443750 0.218954 0.003676 0.016993
1 0.350368 0.277778 0.006618 0.024837
2 0.418382 0.270588 0.004412 0.020915
3 0.418015 0.273203 0.003676 0.015686
2 0.519853 0.288235 0.005882 0.019608
10 0.520221 0.292810 0.006618 0.015686
2 0.607353 0.350327 0.005882 0.020915
2 0.591912 0.303268 0.008824 0.020915
2 0.546324 0.260784 0.002941 0.016993
10 0.547059 0.266667 0.011765 0.013072
5 0.528676 0.220915 0.025000 0.020915
3 0.503676 0.215033 0.010294 0.011765
3 0.489706 0.227451 0.010294 0.013072
2 0.504779 0.211111 0.003676 0.016993
2 0.490809 0.222222 0.003676 0.015686
2 0.455515 0.205882 0.005147 0.009150
2 0.406250 0.221569 0.005147 0.014379
7 0.408824 0.225490 0.017647 0.014379
7 0.455147 0.209150 0.007353 0.013072
1 0.414706 0.216993 0.004412 0.013072
1 0.403309 0.216993 0.005147 0.015686
4 0.465074 0.192157 0.011029 0.018301
4 0.462132 0.187582 0.009559 0.016993
4 0.457353 0.177124 0.008824 0.014379
4 0.455515 0.171242 0.008088 0.013072
4 0.456250 0.166667 0.006618 0.011765
4 0.448897 0.137908 0.006618 0.014379
4 0.444485 0.130065 0.005147 0.011765
0 0.429412 0.060131 0.035294 0.060131
0 0.462500 0.103922 0.023529 0.030065
0 0.481618 0.128758 0.013235 0.014379
