1 0.477941 0.322876 0.010294 0.060131
1 0.522426 0.378431 0.012500 0.053595
1 0.574265 0.343791 0.010294 0.057516
1 0.470221 0.484314 0.012500 0.066667
1 0.484926 0.509150 0.013971 0.074510
1 0.484559 0.469935 0.013235 0.030065
1 0.461397 0.442484 0.012500 0.064052
1 0.446691 0.437908 0.013971 0.067974
3 0.444853 0.461438 0.016176 0.047059
1 0.511397 0.636601 0.016912 0.088889
1 0.530515 0.649673 0.015441 0.088889
1 0.547059 0.650980 0.023529 0.083660
1 0.437500 0.783660 0.023529 0.090196
1 0.459191 0.818301 0.019853 0.096732
1 0.443750 0.932026 0.046324 0.091503
1 0.477206 0.922876 0.017647 0.075817
1 0.497059 0.943791 0.022059 0.112418
1 0.367279 0.836601 0.019853 0.109804
1 0.366544 0.779739 0.018382 0.043137
1 0.203309 0.918301 0.028676 0.103268
1 0.247059 0.738562 0.019118 0.075817
1 0.264338 0.702614 0.025735 0.071895
1 0.618015 0.543137 0.016912 0.079739
1 0.712500 0.543137 0.016176 0.071895
1 0.577941 0.486275 0.017647 0.070588
1 0.583088 0.477124 0.013235 0.065359
1 0.631250 0.422876 0.013971 0.061438
1 0.614706 0.405882 0.013235 0.066667
1 0.654412 0.328758 0.010294 0.056209
1 0.665809 0.325490 0.008088 0.057516
1 0.655882 0.410458 0.017647 0.054902
1 0.665809 0.412418 0.011029 0.045752
1 0.677941 0.404575 0.011765 0.056209
1 0.801471 0.408497 0.010294 0.058824
1 0.812868 0.401961 0.011029 0.056209
1 0.823897 0.375163 0.009559 0.049673
1 0.868750 0.372549 0.012500 0.047059
1 0.887500 0.380392 0.011765 0.041830
1 0.876838 0.322222 0.012500 0.053595
1 0.889338 0.320261 0.011029 0.049673
1 0.896691 0.334641 0.008088 0.036601
1 0.908088 0.332026 0.011765 0.052288
1 0.922059 0.358824 0.011765 0.061438
1 0.928676 0.332680 0.011765 0.050980
1 0.960662 0.338562 0.013971 0.057516
1 0.866176 0.202614 0.010294 0.036601
1 0.876471 0.201307 0.005882 0.041830
1 0.881618 0.200654 0.004412 0.037908
1 0.870956 0.183007 0.006618 0.013072
1 0.446324 0.273203 0.010294 0.041830
1 0.426103 0.275163 0.012500 0.056209
1 0.409191 0.254902 0.009559 0.047059
1 0.366176 0.353595 0.011765 0.053595
1 0.284191 0.280392 0.011029 0.043137
1 0.254779 0.288889 0.011029 0.047059
1 0.240809 0.290196 0.012500 0.049673
1 0.315074 0.286928 0.013971 0.050980
1 0.323162 0.275817 0.011029 0.044444
1 0.333088 0.283660 0.010294 0.047059
1 0.365441 0.237255 0.010294 0.043137
1 0.378676 0.248366 0.008824 0.044444
1 0.383824 0.235294 0.007353 0.041830
1 0.389338 0.242484 0.006618 0.035294
1 0.396691 0.245752 0.006618 0.031373
1 0.335294 0.241830 0.008824 0.041830
1 0.326471 0.246405 0.007353 0.040523
1 0.314338 0.246405 0.008088 0.027451
1 0.308824 0.250980 0.004412 0.023529
1 0.248529 0.226144 0.011765 0.044444
1 0.259926 0.203922 0.011029 0.041830
1 0.266912 0.202614 0.007353 0.044444
1 0.232353 0.232680 0.007353 0.041830
1 0.225368 0.231373 0.008088 0.047059
2 0.219853 0.266667 0.008824 0.023529
1 0.293382 0.167974 0.010294 0.045752
1 0.319485 0.169281 0.006618 0.040523
1 0.324632 0.170588 0.006618 0.037908
1 0.132721 0.634641 0.019853 0.082353
1 0.146324 0.628105 0.023529 0.082353
1 0.330882 0.498693 0.016176 0.079739
1 0.380147 0.475163 0.014706 0.074510
1 0.562500 0.240523 0.013235 0.052288
0 0.608456 0.194771 0.033088 0.041830
2 0.588235 0.188889 0.005882 0.035294
2 0.629779 0.209150 0.006618 0.031373
2 0.660662 0.227451 0.009559 0.031373
2 0.670588 0.226797 0.005882 0.024837
2 0.673162 0.236601 0.013971 0.028758
0 0.644485 0.213072 0.022794 0.033987
0 0.033456 0.130065 0.030147 0.030065
1 0.028309 0.158170 0.009559 0.041830
0 0.072059 0.131373 0.026471 0.035294
1 0.076471 0.154902 0.007353 0.037908
1 0.104779 0.138562 0.006618 0.041830
1 0.111765 0.136601 0.007353 0.032680
1 0.159926 0.146405 0.008088 0.033987
1 0.170221 0.138562 0.005147 0.033987
0 0.147794 0.120261 0.041176 0.033987
0 0.196691 0.115033 0.043382 0.020915
1 0.197059 0.143791 0.005882 0.033987
1 0.177206 0.143791 0.007353 0.036601
1 0.025368 0.240523 0.012500 0.041830
1 0.022059 0.220915 0.008824 0.023529
1 0.084191 0.245752 0.018382 0.047059
1 0.089338 0.235948 0.011029 0.032680
1 0.100368 0.182353 0.008088 0.037908
1 0.102206 0.223529 0.010294 0.047059
1 0.111029 0.222222 0.013235 0.052288
0 0.122426 0.207843 0.008088 0.028758
1 0.130882 0.240523 0.008824 0.047059
1 0.142279 0.213725 0.009559 0.040523
1 0.139338 0.164706 0.008088 0.036601
1 0.144853 0.158170 0.010294 0.039216
1 0.116912 0.183007 0.007353 0.036601
1 0.124632 0.183660 0.009559 0.035294
1 0.013235 0.158824 0.010294 0.037908
1 0.165809 0.356863 0.009559 0.041830
0 0.175735 0.317647 0.017647 0.036601
1 0.180147 0.367320 0.013235 0.060131
1 0.168382 0.244444 0.011765 0.047059
0 0.184926 0.231373 0.019853 0.062745
0 0.154412 0.241830 0.016176 0.075817
1 0.127574 0.360784 0.009559 0.041830
1 0.044853 0.262745 0.016176 0.047059
1 0.005515 0.250980 0.011029 0.036601
1 0.219485 0.142484 0.011029 0.033987
1 0.248529 0.132026 0.005882 0.031373
1 0.281618 0.118301 0.004412 0.027451
1 0.277206 0.116993 0.004412 0.027451
0 0.258824 0.098693 0.020588 0.032680
1 0.302206 0.141176 0.005882 0.036601
1 0.294485 0.133333 0.006618 0.036601
1 0.316912 0.105229 0.007353 0.030065
1 0.325368 0.111111 0.005147 0.036601
0 0.345221 0.100654 0.011029 0.033987
1 0.332721 0.096732 0.003676 0.028758
1 0.336765 0.098693 0.004412 0.030065
1 0.358088 0.196078 0.010294 0.044444
1 0.339338 0.179739 0.006618 0.037908
1 0.347059 0.186928 0.008824 0.039216
1 0.345221 0.153595 0.009559 0.037908
1 0.354412 0.147059 0.007353 0.040523
1 0.392647 0.177124 0.008824 0.037908
1 0.406618 0.156863 0.008824 0.036601
1 0.413235 0.137908 0.005882 0.037908
1 0.420956 0.138562 0.006618 0.039216
0 0.403676 0.096078 0.079412 0.030065
1 0.369118 0.119608 0.004412 0.024837
1 0.376471 0.131373 0.004412 0.030065
1 0.372426 0.130065 0.003676 0.032680
1 0.354412 0.116340 0.005882 0.028758
1 0.351103 0.123529 0.003676 0.030065
0 0.392279 0.128758 0.019853 0.030065
0 0.494485 0.148366 0.062500 0.035294
1 0.486029 0.192157 0.005882 0.047059
1 0.493750 0.196078 0.006618 0.039216
1 0.508088 0.194771 0.008824 0.039216
1 0.516912 0.192810 0.004412 0.040523
1 0.526471 0.198693 0.007353 0.036601
1 0.536765 0.189542 0.005882 0.036601
1 0.478676 0.183007 0.004412 0.039216
0 0.466912 0.185621 0.014706 0.039216
1 0.551103 0.184967 0.005147 0.037908
1 0.452574 0.179085 0.008088 0.044444
0 0.436397 0.161438 0.016912 0.064052
1 0.441544 0.203922 0.008088 0.047059
0 0.569118 0.177124 0.027941 0.032680
2 0.591544 0.415033 0.011029 0.030065
0 0.696324 0.253595 0.010294 0.033987
2 0.706618 0.268627 0.013235 0.032680
0 0.723162 0.270588 0.018382 0.033987
1 0.112132 0.370588 0.012500 0.037908
0 0.023529 0.045752 0.047059 0.047059
1 0.206250 0.109150 0.003676 0.011765
0 0.210662 0.492810 0.093382 0.128105
10 0.701838 0.310458 0.022794 0.043137
3 0.648897 0.242484 0.021324 0.030065
