0 0.336198 0.242130 0.099479 0.054630
0 0.238021 0.318519 0.044792 0.074074
4 0.391406 0.591667 0.032813 0.061111
4 0.533333 0.683333 0.076042 0.098148
6 0.330990 0.847222 0.120313 0.305556
5 0.509635 0.506944 0.031771 0.065741
2 0.248177 0.572685 0.010937 0.021296
2 0.272135 0.568981 0.009896 0.026852
2 0.282552 0.562037 0.009896 0.022222
2 0.278125 0.555556 0.011458 0.027778
2 0.239844 0.542130 0.011979 0.023148
3 0.249219 0.591204 0.016146 0.032407
10 0.275260 0.587037 0.018229 0.031481
10 0.286198 0.576389 0.020313 0.034259
10 0.242188 0.556019 0.019792 0.028704
4 0.349219 0.289352 0.010937 0.021296
4 0.330729 0.275926 0.011458 0.020370
4 0.377083 0.282407 0.013542 0.018519
4 0.380208 0.310648 0.015625 0.021296
4 0.359635 0.336574 0.015104 0.023148
4 0.392188 0.348611 0.016667 0.030556
4 0.391406 0.279630 0.011979 0.018519
4 0.395573 0.300926 0.013021 0.024074
4 0.411198 0.311574 0.011979 0.023148
4 0.416146 0.335648 0.015625 0.021296
4 0.401562 0.393519 0.018750 0.033333
4 0.226823 0.511111 0.038021 0.040741
4 0.241146 0.498148 0.042708 0.042593
2 0.128385 0.505093 0.010937 0.030556
3 0.130208 0.516667 0.021875 0.024074
4 0.067708 0.463889 0.038542 0.044444
4 0.122396 0.406944 0.034375 0.034259
4 0.127604 0.477315 0.043750 0.045370
9 0.023438 0.418981 0.046875 0.099074
4 0.342708 0.495833 0.027083 0.060185
4 0.367969 0.453704 0.026562 0.046296
5 0.422135 0.456481 0.025521 0.046296
4 0.410417 0.502315 0.028125 0.050926
6 0.464583 0.393056 0.057292 0.091667
2 0.552865 0.492130 0.008854 0.041667
3 0.552083 0.499074 0.022917 0.033333
2 0.595833 0.525926 0.007292 0.042593
10 0.594271 0.526389 0.022917 0.026852
4 0.704688 0.850926 0.096875 0.100000
2 0.729427 0.687963 0.013021 0.042593
10 0.726042 0.706481 0.033333 0.040741
6 0.763542 0.613426 0.165625 0.137963
5 0.898698 0.718056 0.083854 0.087963
4 0.970052 0.695833 0.059896 0.056481
0 0.875521 0.367593 0.008333 0.018519
5 0.862760 0.335648 0.015104 0.026852
4 0.907813 0.400926 0.021875 0.027778
4 0.917448 0.412963 0.023438 0.029630
4 0.930208 0.430093 0.028125 0.030556
