4 0.159375 0.922222 0.054167 0.142593
1 0.078385 0.908796 0.018229 0.063889
4 0.217969 0.685185 0.048438 0.088889
4 0.135937 0.728704 0.057292 0.096296
4 0.066146 0.738889 0.066667 0.094444
4 0.023177 0.719907 0.046354 0.102778
4 0.179167 0.636111 0.046875 0.075926
4 0.121875 0.647685 0.052083 0.076852
4 0.080208 0.632407 0.056250 0.077778
4 0.127083 0.555556 0.045833 0.057407
4 0.169271 0.562037 0.040625 0.059259
5 0.258854 0.574537 0.042708 0.089815
4 0.290625 0.498148 0.033333 0.053704
5 0.245052 0.494444 0.034896 0.061111
4 0.212240 0.487037 0.034896 0.050000
4 0.182031 0.464352 0.036979 0.054630
4 0.312240 0.441204 0.027604 0.039815
4 0.274479 0.444907 0.030208 0.041667
4 0.238542 0.436574 0.032292 0.041667
4 0.228125 0.396759 0.027083 0.037963
2 0.244792 0.312500 0.006250 0.013889
3 0.244531 0.324074 0.006771 0.014815
4 0.280208 0.363889 0.022917 0.033333
4 0.308073 0.340278 0.019271 0.030556
6 0.332292 0.370370 0.043750 0.083333
4 0.354687 0.331481 0.019792 0.031481
5 0.336198 0.309259 0.017188 0.035185
5 0.356510 0.306019 0.016146 0.030556
4 0.367188 0.291204 0.016667 0.030556
4 0.336719 0.293519 0.022396 0.027778
4 0.348177 0.276852 0.017188 0.022222
4 0.378385 0.267130 0.015104 0.025000
4 0.315885 0.218981 0.003646 0.019444
2 0.330208 0.205093 0.005208 0.010185
3 0.330729 0.210648 0.004167 0.010185
4 0.443750 0.305556 0.014583 0.025926
4 0.449479 0.218981 0.009375 0.015741
4 0.451562 0.184722 0.008333 0.013889
2 0.466406 0.171759 0.002604 0.004630
7 0.466406 0.175000 0.003646 0.007407
4 0.387760 0.242593 0.011979 0.020370
4 0.373177 0.228704 0.010937 0.018519
4 0.380469 0.216667 0.011979 0.018519
4 0.392708 0.226389 0.009375 0.015741
4 0.398177 0.218056 0.009896 0.015741
4 0.366146 0.211574 0.011458 0.017593
4 0.352083 0.204630 0.011458 0.018519
4 0.372396 0.195833 0.009375 0.013889
4 0.376042 0.166204 0.008333 0.012037
4 0.385417 0.181019 0.008333 0.013889
5 0.385677 0.175926 0.007812 0.016667
5 0.401823 0.206944 0.010937 0.023148
5 0.404948 0.188889 0.008854 0.012963
5 0.410156 0.183333 0.008854 0.018519
4 0.404427 0.196759 0.009896 0.015741
4 0.400000 0.173611 0.009375 0.013889
4 0.396615 0.166667 0.007812 0.011111
5 0.392448 0.161574 0.006771 0.015741
5 0.388281 0.151852 0.006771 0.011111
4 0.397396 0.151852 0.006250 0.009259
4 0.404427 0.157870 0.007812 0.010185
6 0.414583 0.160648 0.013542 0.039815
4 0.420833 0.154167 0.007292 0.012037
4 0.423438 0.146296 0.007292 0.009259
4 0.424479 0.143056 0.006250 0.010185
4 0.426302 0.140741 0.006771 0.011111
4 0.428125 0.136111 0.006250 0.007407
4 0.428906 0.131481 0.005729 0.009259
4 0.430208 0.130093 0.004167 0.006481
4 0.432812 0.124074 0.004167 0.009259
5 0.439323 0.137037 0.005729 0.011111
5 0.441406 0.132870 0.005729 0.012037
5 0.442708 0.122685 0.005208 0.012037
4 0.460677 0.107407 0.004687 0.007407
4 0.451823 0.109722 0.003646 0.004630
5 0.404948 0.136111 0.005729 0.012963
4 0.400521 0.131481 0.005208 0.007407
4 0.405208 0.124537 0.004167 0.008333
4 0.413542 0.126389 0.005208 0.008333
4 0.423177 0.122685 0.006771 0.008333
4 0.418490 0.116667 0.003646 0.007407
5 0.428385 0.108796 0.004687 0.010185
4 0.423958 0.105556 0.004167 0.007407
4 0.416927 0.109722 0.003646 0.006481
4 0.410938 0.115741 0.005208 0.009259
0 0.450260 0.082407 0.049479 0.031481
0 0.445833 0.106481 0.008333 0.020370
0 0.735677 0.245370 0.004687 0.011111
0 0.919531 0.315278 0.006771 0.017593
