0 0.506985 0.035948 0.047794 0.045752
4 0.186765 0.906536 0.167647 0.098039
4 0.523162 0.941176 0.056618 0.117647
4 0.643382 0.910458 0.052941 0.142484
1 0.843750 0.967320 0.018382 0.065359
2 0.834191 0.933987 0.011029 0.030065
1 0.836029 0.941830 0.019118 0.064052
1 0.812868 0.903922 0.019853 0.079739
10 0.778309 0.881046 0.041912 0.041830
10 0.717647 0.870588 0.041176 0.049673
3 0.748529 0.847059 0.016176 0.047059
10 0.750735 0.694118 0.022059 0.057516
10 0.658456 0.771242 0.012500 0.065359
1 0.648529 0.689542 0.013235 0.058824
4 0.724632 0.791503 0.097794 0.103268
4 0.693015 0.708497 0.093382 0.081046
5 0.443382 0.704575 0.044118 0.146405
2 0.628309 0.606536 0.009559 0.033987
10 0.626838 0.615033 0.013971 0.030065
1 0.593015 0.730719 0.006618 0.044444
1 0.585294 0.730719 0.011765 0.060131
4 0.521324 0.648366 0.039706 0.086275
5 0.612868 0.638562 0.043382 0.087582
1 0.705882 0.608497 0.010294 0.045752
1 0.695221 0.609804 0.008088 0.030065
4 0.668750 0.477778 0.059559 0.077124
10 0.712500 0.543137 0.030882 0.030065
2 0.603676 0.563399 0.011765 0.033987
10 0.604044 0.571895 0.013971 0.040523
2 0.548897 0.542484 0.006618 0.028758
2 0.549632 0.535948 0.011029 0.041830
10 0.549632 0.544444 0.011029 0.035294
2 0.525368 0.494771 0.009559 0.027451
7 0.525735 0.509150 0.020588 0.048366
4 0.478676 0.474510 0.032353 0.075817
1 0.406985 0.533333 0.008088 0.033987
1 0.407721 0.528758 0.009559 0.045752
1 0.399632 0.500000 0.008088 0.037908
6 0.409926 0.428105 0.053676 0.113725
4 0.469118 0.409804 0.025000 0.050980
4 0.484926 0.364706 0.024265 0.047059
4 0.380882 0.312418 0.054412 0.033987
4 0.381618 0.330719 0.055882 0.031373
4 0.365441 0.366667 0.060294 0.037908
5 0.352941 0.381699 0.076471 0.052288
1 0.604779 0.484967 0.008088 0.039216
1 0.586397 0.479739 0.008088 0.049673
1 0.593750 0.485621 0.008088 0.037908
2 0.548897 0.394118 0.006618 0.032680
3 0.548529 0.403268 0.007353 0.032680
2 0.463235 0.326144 0.005882 0.030065
10 0.462868 0.331373 0.006618 0.030065
4 0.476103 0.300000 0.018382 0.037908
4 0.431250 0.315686 0.024265 0.048366
8 0.437868 0.288889 0.013971 0.026144
4 0.543382 0.256863 0.020588 0.035294
4 0.488971 0.246405 0.017647 0.030065
4 0.465809 0.226797 0.013971 0.027451
4 0.493382 0.215033 0.014706 0.027451
4 0.472426 0.205882 0.015441 0.024837
4 0.474265 0.186928 0.014706 0.020915
4 0.492279 0.169281 0.012500 0.024837
4 0.492647 0.188889 0.014706 0.024837
4 0.459926 0.178431 0.015441 0.027451
0 0.518750 0.147059 0.013971 0.014379
2 0.477206 0.107843 0.002941 0.014379
10 0.477941 0.110458 0.007353 0.009150
4 0.521324 0.090850 0.008824 0.014379
6 0.496691 0.094771 0.009559 0.019608
5 0.504044 0.091503 0.006618 0.013072
5 0.498162 0.084967 0.006618 0.015686
1 0.501838 0.075817 0.002206 0.010458
10 0.501838 0.078431 0.003676 0.007843
