10 0.426838 0.928105 0.013971 0.054902
7 0.546324 0.898693 0.032353 0.113725
10 0.504412 0.590850 0.013235 0.049673
10 0.577574 0.560784 0.012500 0.049673
10 0.576103 0.522222 0.012500 0.043137
1 0.632353 0.594771 0.011765 0.044444
2 0.426838 0.910458 0.018382 0.045752
2 0.553309 0.900654 0.018382 0.054902
10 0.627206 0.924837 0.022059 0.079739
1 0.703309 0.805882 0.013971 0.056209
10 0.683824 0.635294 0.023529 0.041830
3 0.662868 0.623529 0.028676 0.036601
2 0.656250 0.618301 0.008088 0.026144
1 0.662132 0.609150 0.009559 0.047059
1 0.402206 0.518954 0.011765 0.039216
1 0.370221 0.384314 0.009559 0.044444
4 0.127206 0.255556 0.066176 0.053595
10 0.138603 0.186275 0.022794 0.030065
4 0.201838 0.126144 0.050735 0.035294
6 0.401103 0.187582 0.033088 0.077124
4 0.432721 0.088235 0.034559 0.043137
4 0.493015 0.056209 0.018382 0.033987
1 0.415809 0.054902 0.008088 0.028758
5 0.416544 0.032026 0.016912 0.045752
1 0.569118 0.401307 0.008824 0.047059
5 0.536765 0.271895 0.025000 0.065359
10 0.500735 0.235948 0.008824 0.032680
2 0.500368 0.230065 0.006618 0.031373
1 0.524632 0.111765 0.008088 0.032680
1 0.536765 0.294771 0.008824 0.043137
10 0.522426 0.112418 0.018382 0.026144
1 0.525000 0.082353 0.005882 0.028758
10 0.589338 0.133987 0.006618 0.027451
10 0.514706 0.088889 0.007353 0.023529
2 0.513235 0.083660 0.008824 0.028758
4 0.540441 0.033987 0.022059 0.031373
10 0.584191 0.200000 0.011029 0.028758
1 0.585294 0.190850 0.005882 0.028758
