0 0.500368 0.026797 0.133088 0.053595
4 0.610662 0.743791 0.047794 0.107190
4 0.206250 0.906536 0.083088 0.176471
4 0.270956 0.696732 0.058088 0.117647
4 0.296691 0.601961 0.049265 0.103268
4 0.425368 0.575163 0.041912 0.107190
4 0.444118 0.379739 0.025000 0.048366
4 0.509559 0.382353 0.025000 0.048366
4 0.543750 0.373856 0.025735 0.044444
4 0.449265 0.254248 0.019118 0.035294
4 0.465074 0.183660 0.013971 0.024837
4 0.411765 0.236601 0.017647 0.031373
4 0.405515 0.256209 0.018382 0.039216
4 0.385294 0.313725 0.022059 0.039216
4 0.371324 0.379085 0.030882 0.044444
4 0.356985 0.413725 0.030147 0.053595
4 0.345956 0.466013 0.036029 0.056209
2 0.356618 0.523529 0.013235 0.045752
10 0.356618 0.532680 0.011765 0.045752
2 0.355515 0.583007 0.012500 0.036601
10 0.355882 0.598039 0.013235 0.048366
1 0.296324 0.500000 0.010294 0.045752
1 0.804412 0.757516 0.013235 0.061438
2 0.804779 0.751634 0.009559 0.028758
6 0.800368 0.579739 0.084559 0.071895
10 0.726471 0.514379 0.011765 0.037908
4 0.623897 0.260131 0.015441 0.031373
5 0.604779 0.205882 0.013971 0.027451
4 0.597059 0.190850 0.016176 0.028758
1 0.620221 0.197386 0.005147 0.020915
7 0.555882 0.337908 0.008824 0.027451
2 0.555147 0.327451 0.005882 0.022222
3 0.967647 0.734641 0.020588 0.062745
2 0.409559 0.331373 0.007353 0.027451
3 0.409926 0.339216 0.006618 0.030065
4 0.029044 0.856863 0.058088 0.100654
4 0.080147 0.763399 0.075000 0.120261
4 0.139338 0.632680 0.065441 0.120261
4 0.099632 0.584967 0.086029 0.066667
4 0.131250 0.561438 0.081618 0.074510
4 0.156985 0.533333 0.077206 0.070588
4 0.174632 0.485621 0.072794 0.056209
4 0.195956 0.454902 0.068382 0.049673
10 0.226838 0.472549 0.018382 0.064052
4 0.254779 0.413725 0.036029 0.048366
4 0.274632 0.380392 0.033088 0.041830
4 0.287500 0.343137 0.023529 0.045752
5 0.300000 0.310458 0.025000 0.053595
4 0.351471 0.214379 0.017647 0.026144
5 0.294853 0.255556 0.030882 0.035294
4 0.304779 0.238562 0.036029 0.030065
4 0.313235 0.222222 0.036765 0.028758
10 0.315441 0.457516 0.019118 0.039216
1 0.366176 0.456863 0.008824 0.048366
10 0.069118 0.502614 0.025000 0.037908
10 0.097794 0.500000 0.023529 0.032680
3 0.113971 0.495425 0.029412 0.028758
10 0.112132 0.466013 0.027206 0.032680
1 0.101471 0.379085 0.008824 0.039216
1 0.043750 0.433987 0.012500 0.026144
1 0.224632 0.430065 0.009559 0.036601
1 0.229412 0.426797 0.008824 0.037908
1 0.231985 0.422876 0.008088 0.040523
1 0.234559 0.409804 0.007353 0.032680
1 0.215074 0.418954 0.009559 0.035294
1 0.191912 0.411111 0.010294 0.037908
1 0.205147 0.408497 0.008824 0.035294
1 0.207353 0.398693 0.008824 0.033987
1 0.180515 0.416340 0.008088 0.030065
1 0.182721 0.414379 0.006618 0.028758
1 0.166176 0.398039 0.007353 0.032680
1 0.208456 0.387582 0.008088 0.035294
3 0.165441 0.354248 0.022059 0.028758
3 0.143750 0.432026 0.021324 0.024837
3 0.161397 0.436601 0.024265 0.023529
10 0.084926 0.443137 0.024265 0.033987
2 0.072794 0.465359 0.011765 0.015686
7 0.095588 0.483007 0.033824 0.040523
10 0.113235 0.443791 0.027941 0.030065
2 0.440441 0.161438 0.004412 0.014379
10 0.440441 0.165359 0.004412 0.016993
2 0.448162 0.125490 0.003676 0.013072
10 0.448529 0.130719 0.002941 0.013072
10 0.456618 0.128758 0.002941 0.014379
2 0.456985 0.124837 0.002206 0.014379
1 0.485294 0.095425 0.002941 0.015686
4 0.476471 0.119608 0.010294 0.016993
4 0.448897 0.113072 0.009559 0.016993
4 0.456618 0.079739 0.008824 0.013072
4 0.475368 0.067320 0.008088 0.014379
