10 0.026562 0.505093 0.018750 0.017593
2 0.069792 0.474537 0.006250 0.023148
1 0.085156 0.477778 0.005729 0.022222
1 0.089063 0.470833 0.005208 0.021296
4 0.138542 0.465741 0.015625 0.027778
5 0.123177 0.412037 0.023438 0.022222
1 0.081510 0.579630 0.008854 0.025926
4 0.336198 0.428241 0.025521 0.026852
5 0.338802 0.456019 0.026562 0.032407
4 0.361979 0.462500 0.032292 0.026852
4 0.367969 0.432407 0.024479 0.024074
0 0.393490 0.424074 0.016146 0.033333
4 0.400260 0.289352 0.017188 0.010185
4 0.410417 0.286111 0.014583 0.012963
5 0.429167 0.289815 0.015625 0.014815
6 0.326823 0.895370 0.023438 0.072222
2 0.371354 0.801389 0.011458 0.034259
3 0.371094 0.814815 0.007812 0.038889
2 0.401562 0.874074 0.012500 0.042593
10 0.402083 0.894444 0.011458 0.042593
1 0.559635 0.983333 0.015104 0.033333
2 0.497135 0.900000 0.006771 0.027778
10 0.496354 0.902315 0.011458 0.047222
2 0.536198 0.866667 0.010937 0.051852
10 0.533594 0.874537 0.014063 0.045370
1 0.546354 0.818981 0.008333 0.054630
4 0.571354 0.844907 0.033333 0.073148
8 0.592448 0.787963 0.023438 0.068519
8 0.561719 0.740741 0.015104 0.061111
2 0.436719 0.666204 0.007812 0.028704
10 0.436979 0.680093 0.009375 0.026852
1 0.393229 0.647222 0.005208 0.027778
1 0.399479 0.643056 0.007292 0.036111
5 0.349479 0.674074 0.050000 0.066667
5 0.357812 0.631944 0.045833 0.036111
4 0.416667 0.623148 0.022917 0.048148
0 0.660417 0.803704 0.013542 0.048148
8 0.619531 0.748148 0.058854 0.053704
2 0.529427 0.647222 0.010937 0.037037
10 0.528906 0.654167 0.008854 0.030556
2 0.545312 0.641204 0.008333 0.017593
7 0.541406 0.656019 0.011979 0.032407
10 0.558594 0.620833 0.019271 0.023148
0 0.569531 0.661111 0.021354 0.048148
1 0.570312 0.674074 0.006250 0.035185
1 0.550781 0.578704 0.004687 0.035185
4 0.524219 0.570370 0.009896 0.038889
4 0.493750 0.568519 0.019792 0.033333
2 0.461198 0.568519 0.006771 0.022222
10 0.459896 0.577315 0.007292 0.021296
8 0.438021 0.570370 0.013542 0.035185
8 0.419010 0.573611 0.015104 0.043519
0 0.567708 0.561574 0.022917 0.091667
10 0.575781 0.618981 0.015104 0.017593
2 0.539062 0.551852 0.005208 0.020370
10 0.539844 0.562963 0.004687 0.020370
10 0.548177 0.540278 0.011979 0.019444
4 0.502083 0.478241 0.016667 0.028704
1 0.458333 0.475926 0.004167 0.024074
1 0.463021 0.475463 0.004167 0.026852
4 0.447917 0.475926 0.015625 0.035185
1 0.548958 0.490278 0.004167 0.026852
1 0.558073 0.498148 0.006771 0.025926
10 0.562240 0.499537 0.006771 0.015741
1 0.460677 0.405093 0.003646 0.019444
2 0.464844 0.411574 0.004687 0.017593
10 0.463802 0.416667 0.004687 0.012963
4 0.479167 0.416667 0.015625 0.025926
4 0.498177 0.392593 0.010937 0.022222
8 0.485677 0.390278 0.006771 0.017593
1 0.486719 0.355093 0.003646 0.017593
4 0.474740 0.358333 0.010937 0.014815
2 0.476302 0.465278 0.005729 0.023148
10 0.476302 0.469907 0.007812 0.015741
2 0.480990 0.446296 0.004687 0.016667
10 0.481510 0.451852 0.003646 0.012963
2 0.533073 0.470370 0.004687 0.022222
10 0.554167 0.476389 0.013542 0.019444
3 0.533073 0.478704 0.002604 0.018519
1 0.522917 0.445833 0.004167 0.023148
2 0.513281 0.433796 0.005729 0.015741
10 0.513542 0.437963 0.003125 0.016667
4 0.525781 0.413889 0.013021 0.024074
2 0.517969 0.399074 0.002604 0.016667
1 0.512500 0.413426 0.003125 0.019444
1 0.534896 0.395370 0.003125 0.012963
10 0.535417 0.400463 0.005208 0.013889
0 0.548958 0.387037 0.014583 0.062963
4 0.549740 0.433333 0.014063 0.025926
0 0.521615 0.375926 0.009896 0.024074
1 0.535677 0.378704 0.003646 0.018519
4 0.517188 0.337963 0.008333 0.012963
0 0.496875 0.338426 0.004167 0.013889
0 0.529687 0.331481 0.003125 0.012963
1 0.542708 0.351389 0.003125 0.015741
4 0.494792 0.300463 0.011458 0.013889
4 0.495052 0.291667 0.014063 0.009259
0 0.526823 0.306481 0.026562 0.012963
4 0.535417 0.297222 0.018750 0.014815
0 0.549479 0.245833 0.015625 0.041667
0 0.492708 0.242130 0.011458 0.017593
0 0.522917 0.212963 0.052083 0.040741
