4 0.495956 0.411765 0.041912 0.031373
4 0.649632 0.426144 0.047794 0.031373
4 0.874632 0.444444 0.046324 0.033987
0 0.562500 0.190196 0.022059 0.064052
0 0.534191 0.249020 0.031618 0.069281
4 0.478676 0.243137 0.014706 0.020915
4 0.478309 0.315033 0.006618 0.010458
6 0.587868 0.259477 0.028676 0.027451
6 0.604044 0.289542 0.011029 0.040523
0 0.541544 0.190196 0.021324 0.048366
4 0.537500 0.332026 0.008824 0.015686
4 0.740809 0.297386 0.006618 0.016993
0 0.453309 0.264706 0.016912 0.030065
6 0.657353 0.530065 0.032353 0.074510
