3 0.903676 0.722222 0.029412 0.082353
2 0.880147 0.794118 0.023529 0.050980
10 0.838971 0.813725 0.023529 0.084967
10 0.859926 0.956209 0.049265 0.050980
3 0.791176 0.796732 0.041176 0.056209
10 0.783824 0.767320 0.036765 0.039216
10 0.827941 0.916340 0.033824 0.036601
0 0.858456 0.902614 0.021324 0.045752
10 0.707353 0.565359 0.036765 0.040523
2 0.773897 0.539869 0.013971 0.031373
2 0.770588 0.526797 0.016176 0.031373
4 0.717647 0.795425 0.085294 0.179085
4 0.655882 0.602614 0.072059 0.120261
4 0.581250 0.454902 0.086029 0.081046
4 0.587500 0.356209 0.048529 0.082353
4 0.545956 0.283660 0.050735 0.067974
10 0.650735 0.392810 0.027941 0.035294
10 0.644118 0.363399 0.025000 0.033987
10 0.601838 0.292810 0.022794 0.028758
4 0.542647 0.222222 0.035294 0.065359
4 0.518015 0.124183 0.033088 0.052288
4 0.503676 0.078431 0.030882 0.047059
10 0.501103 0.203268 0.009559 0.040523
2 0.501471 0.200000 0.008824 0.023529
2 0.500000 0.194771 0.010294 0.036601
4 0.530515 0.015686 0.053676 0.031373
4 0.408456 0.024183 0.024265 0.040523
4 0.410662 0.062745 0.022794 0.044444
4 0.419853 0.107843 0.027941 0.050980
4 0.424265 0.185621 0.027941 0.057516
4 0.435294 0.250327 0.033824 0.069281
4 0.457721 0.347712 0.040441 0.086275
1 0.469118 0.403922 0.013235 0.057516
1 0.463235 0.418301 0.014706 0.057516
4 0.451103 0.616993 0.103676 0.117647
10 0.573162 0.626797 0.016912 0.058824
2 0.576471 0.619608 0.016176 0.049673
4 0.248162 0.022222 0.050735 0.044444
1 0.222794 0.045752 0.007353 0.041830
1 0.227574 0.060131 0.005147 0.023529
1 0.219118 0.053595 0.010294 0.036601
1 0.215441 0.040523 0.008824 0.036601
4 0.284191 0.062745 0.024265 0.047059
4 0.280515 0.103268 0.028676 0.062745
4 0.275368 0.154248 0.028676 0.065359
4 0.272059 0.235294 0.035294 0.081046
4 0.265074 0.319608 0.036029 0.087582
4 0.258824 0.401307 0.042647 0.115033
4 0.246691 0.548366 0.049265 0.129412
4 0.236029 0.696732 0.061765 0.190850
4 0.218750 0.924837 0.071324 0.150327
10 0.154779 0.684967 0.018382 0.062745
1 0.201471 0.575817 0.016176 0.064052
10 0.197059 0.475163 0.032353 0.037908
10 0.142279 0.454902 0.015441 0.049673
10 0.226103 0.177778 0.024265 0.023529
10 0.197426 0.170588 0.015441 0.032680
1 0.196324 0.228758 0.011765 0.041830
1 0.176838 0.279739 0.009559 0.044444
10 0.179412 0.256209 0.011765 0.033987
