5 0.750368 0.924183 0.022794 0.081046
6 0.757353 0.764706 0.039706 0.099346
10 0.782721 0.743137 0.005147 0.024837
6 0.813603 0.489542 0.047794 0.074510
4 0.520588 0.962092 0.016176 0.062745
4 0.558456 0.803268 0.038971 0.032680
4 0.382353 0.979739 0.039706 0.037908
4 0.387132 0.849673 0.040441 0.033987
10 0.417647 0.937255 0.007353 0.026144
2 0.418382 0.941176 0.007353 0.015686
4 0.479412 0.813072 0.014706 0.067974
4 0.502574 0.716993 0.015441 0.061438
4 0.524265 0.669935 0.013235 0.056209
1 0.543382 0.830065 0.004412 0.010458
1 0.591544 0.760784 0.003676 0.010458
1 0.580882 0.743791 0.004412 0.007843
4 0.559559 0.718954 0.029412 0.062745
1 0.580515 0.658824 0.005147 0.010458
1 0.575368 0.650980 0.003676 0.010458
10 0.509559 0.643137 0.004412 0.020915
2 0.509191 0.645098 0.005147 0.011765
4 0.391544 0.610458 0.043382 0.044444
4 0.426103 0.560131 0.018382 0.066667
4 0.455147 0.564706 0.017647 0.067974
1 0.368382 0.508497 0.004412 0.010458
1 0.359191 0.503268 0.005147 0.010458
1 0.358824 0.492157 0.004412 0.006536
4 0.391544 0.466013 0.041912 0.035294
4 0.425000 0.401307 0.016176 0.062745
4 0.388971 0.398693 0.035294 0.031373
1 0.365809 0.394771 0.005147 0.007843
4 0.396691 0.325490 0.036029 0.036601
1 0.369485 0.371895 0.006618 0.019608
4 0.464706 0.329412 0.016176 0.065359
1 0.371691 0.264052 0.005147 0.013072
4 0.394118 0.264706 0.036765 0.043137
4 0.467647 0.175163 0.014706 0.062745
1 0.414706 0.116340 0.004412 0.013072
1 0.366176 0.133987 0.004412 0.011765
1 0.373162 0.093464 0.005147 0.014379
10 0.449265 0.077124 0.004412 0.020915
2 0.449265 0.074510 0.004412 0.015686
1 0.382721 0.075163 0.005147 0.022222
4 0.336029 0.062092 0.029412 0.037908
4 0.469118 0.060784 0.016176 0.064052
4 0.558088 0.471242 0.039706 0.032680
10 0.573162 0.338562 0.006618 0.026144
1 0.576838 0.336601 0.005147 0.016993
1 0.571691 0.205229 0.005147 0.013072
1 0.532721 0.220915 0.003676 0.015686
1 0.536397 0.219608 0.003676 0.013072
3 0.546324 0.159477 0.013235 0.013072
10 0.549265 0.143137 0.011765 0.014379
2 0.538971 0.116340 0.005882 0.010458
4 0.515441 0.125490 0.016176 0.060131
1 0.571324 0.045098 0.004412 0.016993
1 0.575368 0.023529 0.006618 0.015686
4 0.675368 0.058170 0.038971 0.027451
7 0.637500 0.048366 0.011765 0.047059
4 0.175368 0.576471 0.040441 0.036601
4 0.180882 0.533333 0.038235 0.031373
4 0.189338 0.417647 0.040441 0.030065
5 0.139706 0.469281 0.036765 0.036601
4 0.144853 0.379739 0.020588 0.061438
4 0.118382 0.385621 0.017647 0.054902
4 0.118382 0.564052 0.019118 0.061438
4 0.093750 0.565359 0.021324 0.069281
4 0.048162 0.552941 0.021324 0.065359
4 0.023897 0.565359 0.021324 0.069281
5 0.097794 0.384967 0.019118 0.053595
4 0.075000 0.389542 0.020588 0.062745
6 0.048897 0.390850 0.019853 0.065359
10 0.011397 0.374510 0.009559 0.030065
4 0.006618 0.565359 0.011765 0.069281
1 0.265074 0.027451 0.012500 0.018301
5 0.200735 0.034641 0.048529 0.058824
4 0.079412 0.012418 0.035294 0.024837
10 0.114706 0.055556 0.008824 0.027451
10 0.072059 0.050980 0.007353 0.023529
10 0.095588 0.067320 0.007353 0.022222
5 0.050368 0.062092 0.031618 0.058824
4 0.031985 0.056863 0.028676 0.058824
