0 0.300000 0.214379 0.105882 0.115033
0 0.470221 0.132680 0.099265 0.048366
0 0.570956 0.077778 0.102206 0.152941
9 0.345956 0.677778 0.128676 0.126797
6 0.218382 0.638562 0.079412 0.079739
5 0.370956 0.771895 0.068382 0.084967
5 0.326103 0.383660 0.046324 0.050980
5 0.220588 0.257516 0.023529 0.062745
4 0.381618 0.408497 0.051471 0.053595
4 0.432353 0.400000 0.050000 0.054902
4 0.473162 0.390196 0.047794 0.053595
4 0.541544 0.361438 0.041912 0.048366
4 0.212132 0.705229 0.069853 0.069281
4 0.128309 0.605882 0.061029 0.056209
4 0.060294 0.572549 0.063235 0.062745
4 0.223529 0.183660 0.047059 0.037908
4 0.684559 0.231373 0.025000 0.054902
4 0.922794 0.279085 0.030882 0.050980
4 0.696324 0.179085 0.026471 0.041830
4 0.698897 0.128758 0.019853 0.045752
4 0.708088 0.085621 0.019118 0.037908
4 0.716912 0.043137 0.016176 0.033987
4 0.983088 0.154902 0.020588 0.040523
5 0.979779 0.114379 0.019853 0.035294
4 0.039706 0.106536 0.036765 0.050980
4 0.059191 0.112418 0.033088 0.041830
4 0.078676 0.121569 0.042647 0.052288
4 0.095956 0.130719 0.033088 0.049673
4 0.021691 0.217647 0.041912 0.048366
4 0.043015 0.237255 0.037500 0.050980
4 0.071324 0.239869 0.041176 0.069281
7 0.582353 0.332026 0.033824 0.049673
7 0.627941 0.309804 0.026471 0.028758
4 0.609191 0.317647 0.028676 0.044444
10 0.386029 0.316340 0.013235 0.036601
10 0.400000 0.311765 0.010294 0.037908
10 0.985294 0.354248 0.022059 0.023529
10 0.819118 0.338562 0.007353 0.018301
10 0.754779 0.656863 0.008088 0.030065
3 0.715809 0.771242 0.008088 0.023529
3 0.723529 0.623529 0.008824 0.049673
3 0.597794 0.455556 0.007353 0.030065
2 0.726471 0.622222 0.008824 0.031373
2 0.714706 0.762745 0.005882 0.032680
2 0.757721 0.644444 0.008088 0.033987
2 0.819118 0.330719 0.007353 0.028758
2 0.981250 0.338562 0.006618 0.018301
2 0.986765 0.350327 0.008824 0.033987
2 0.598897 0.443791 0.009559 0.032680
1 0.528309 0.403268 0.009559 0.027451
1 0.539706 0.385621 0.007353 0.036601
1 0.657353 0.311765 0.004412 0.027451
2 0.676838 0.318301 0.006618 0.024837
1 0.952574 0.277124 0.008088 0.028758
2 0.146324 0.951634 0.014706 0.041830
4 0.293015 0.479085 0.030147 0.045752
1 0.225000 0.329412 0.011765 0.026144
4 0.992647 0.246405 0.014706 0.045752
2 0.962500 0.238562 0.007353 0.024837
3 0.148529 0.962092 0.038235 0.026144
1 0.165441 0.923529 0.013235 0.032680
1 0.170221 0.907190 0.012500 0.041830
2 0.123162 0.820915 0.015441 0.031373
3 0.122794 0.827451 0.030882 0.023529
10 0.656250 0.263399 0.021324 0.016993
2 0.652206 0.235948 0.011765 0.019608
2 0.664338 0.200654 0.009559 0.014379
2 0.678676 0.169935 0.007353 0.023529
1 0.748162 0.183007 0.005147 0.020915
1 0.744485 0.184967 0.006618 0.019608
1 0.688971 0.431373 0.004412 0.026144
1 0.708456 0.432026 0.006618 0.030065
1 0.694485 0.429412 0.009559 0.032680
1 0.687132 0.416340 0.008088 0.030065
1 0.770956 0.420915 0.012500 0.031373
1 0.975368 0.462745 0.009559 0.033987
1 0.792279 0.285621 0.006618 0.027451
1 0.782721 0.297386 0.008088 0.030065
1 0.784926 0.287582 0.008088 0.028758
3 0.676471 0.332026 0.014706 0.020915
2 0.689706 0.346405 0.005882 0.023529
3 0.690074 0.355556 0.015441 0.015686
3 0.690074 0.345752 0.011029 0.011765
2 0.690074 0.339216 0.006618 0.014379
10 0.529412 0.413072 0.017647 0.020915
7 0.437868 0.347059 0.025735 0.030065
7 0.308824 0.290196 0.017647 0.031373
0 0.432721 0.230719 0.156618 0.137255
10 0.585662 0.247059 0.013971 0.020915
10 0.618382 0.252288 0.010294 0.023529
10 0.573897 0.252288 0.008088 0.026144
10 0.530515 0.250980 0.009559 0.026144
10 0.538603 0.254902 0.008088 0.028758
10 0.546324 0.262092 0.007353 0.024837
10 0.553309 0.266013 0.006618 0.030065
10 0.558456 0.268627 0.008088 0.030065
10 0.568015 0.269935 0.005147 0.027451
10 0.596691 0.281046 0.013971 0.020915
10 0.600735 0.267320 0.010294 0.019608
1 0.593015 0.276471 0.006618 0.024837
1 0.576103 0.229412 0.008088 0.022222
10 0.541176 0.228758 0.005882 0.020915
10 0.547059 0.223529 0.008824 0.026144
1 0.656618 0.145098 0.005882 0.020915
2 0.647059 0.143791 0.007353 0.018301
0 0.611029 0.184967 0.088235 0.056209
0 0.538971 0.183660 0.054412 0.048366
0 0.608456 0.224183 0.046324 0.027451
0 0.641912 0.086928 0.042647 0.082353
1 0.670956 0.036601 0.006618 0.023529
1 0.659191 0.011765 0.006618 0.023529
1 0.734191 0.075163 0.006618 0.024837
1 0.726471 0.070588 0.005882 0.023529
2 0.741912 0.051634 0.005882 0.019608
10 0.741176 0.058170 0.008824 0.019608
4 0.177941 0.164706 0.044118 0.041830
4 0.725735 0.011111 0.023529 0.022222
