4 0.423529 0.593464 0.133824 0.245752
4 0.400000 0.296078 0.111765 0.179085
2 0.213603 0.288235 0.016912 0.053595
2 0.213235 0.284967 0.027941 0.073203
10 0.214338 0.324837 0.049265 0.079739
10 0.536397 0.145752 0.056618 0.058824
1 0.932353 0.090850 0.039706 0.090196
2 0.880147 0.241176 0.019118 0.056209
2 0.901838 0.264052 0.019853 0.075817
2 0.905515 0.438562 0.024265 0.098039
10 0.864338 0.272549 0.028676 0.048366
10 0.889706 0.286275 0.025000 0.049673
10 0.890074 0.451634 0.040441 0.058824
4 0.746691 0.163399 0.116912 0.156863
4 0.960662 0.273856 0.078676 0.150327
4 0.276838 0.065359 0.091912 0.117647
