0 0.928309 0.590850 0.093382 0.190850
0 0.987132 0.741176 0.025735 0.096732
4 0.329044 0.726797 0.059559 0.180392
4 0.484926 0.720915 0.056618 0.160784
4 0.490441 0.939216 0.072059 0.121569
4 0.499265 0.495425 0.045588 0.104575
4 0.570588 0.460131 0.041176 0.088889
10 0.541912 0.493464 0.016176 0.058824
2 0.540441 0.483007 0.016176 0.050980
1 0.842647 0.422222 0.011765 0.041830
10 0.863603 0.444444 0.016912 0.052288
1 0.857353 0.438562 0.016176 0.056209
6 0.872794 0.231373 0.085294 0.099346
4 0.943382 0.110458 0.051471 0.040523
1 0.923897 0.087582 0.009559 0.033987
1 0.890074 0.105229 0.005147 0.035294
0 0.693015 0.029412 0.041912 0.035294
0 0.841176 0.062745 0.026471 0.020915
1 0.847794 0.083007 0.005882 0.030065
4 0.799632 0.114379 0.058088 0.040523
4 0.810662 0.093464 0.049265 0.040523
0 0.904412 0.117647 0.007353 0.018301
0 0.879779 0.114379 0.012500 0.019608
10 0.754779 0.057516 0.018382 0.020915
10 0.769118 0.062092 0.007353 0.022222
10 0.779779 0.064706 0.006618 0.022222
10 0.787132 0.067974 0.005147 0.020915
10 0.795221 0.066667 0.005147 0.018301
0 0.805147 0.065359 0.013235 0.020915
4 0.697426 0.095425 0.038971 0.036601
4 0.601471 0.088235 0.036765 0.032680
10 0.716912 0.049020 0.010294 0.016993
1 0.718015 0.071895 0.003676 0.026144
1 0.724632 0.069281 0.005147 0.020915
4 0.730515 0.090850 0.034559 0.035294
4 0.706250 0.083007 0.033088 0.032680
4 0.690809 0.068627 0.040441 0.032680
4 0.673162 0.059477 0.038971 0.032680
4 0.654044 0.043137 0.036029 0.028758
4 0.642279 0.036601 0.033088 0.023529
5 0.630515 0.026144 0.031618 0.031373
4 0.612500 0.022222 0.016176 0.026144
4 0.642279 0.009150 0.033088 0.018301
4 0.517647 0.071242 0.019118 0.030065
4 0.502941 0.010458 0.016176 0.020915
0 0.557353 0.009804 0.061765 0.019608
4 0.463235 0.046405 0.019118 0.030065
4 0.436397 0.035294 0.016912 0.031373
1 0.405882 0.037255 0.004412 0.030065
1 0.410294 0.034641 0.004412 0.027451
10 0.408088 0.094771 0.016176 0.022222
2 0.408824 0.088235 0.007353 0.027451
2 0.412868 0.090850 0.006618 0.022222
4 0.095956 0.492157 0.080147 0.113725
4 0.035294 0.402614 0.070588 0.081046
4 0.011765 0.501307 0.023529 0.124183
4 0.038603 0.589542 0.077206 0.120261
10 0.018382 0.090850 0.017647 0.019608
2 0.016912 0.083660 0.008824 0.033987
1 0.062500 0.041830 0.008824 0.028758
5 0.022426 0.067320 0.044853 0.040523
4 0.088235 0.075817 0.051471 0.031373
4 0.145221 0.143791 0.056618 0.039216
10 0.149632 0.294771 0.018382 0.037908
2 0.148162 0.281046 0.012500 0.033987
4 0.157353 0.105229 0.042647 0.035294
4 0.149632 0.075817 0.046324 0.028758
1 0.153676 0.052288 0.005882 0.033987
5 0.149265 0.047059 0.047059 0.041830
1 0.112868 0.021569 0.008088 0.027451
1 0.235294 0.042484 0.005882 0.030065
1 0.275000 0.076471 0.007353 0.030065
1 0.270588 0.073856 0.007353 0.030065
10 0.315074 0.030065 0.011029 0.020915
5 0.232353 0.027451 0.045588 0.044444
10 0.266912 0.049020 0.013235 0.019608
1 0.270956 0.013072 0.005147 0.026144
2 0.267279 0.043791 0.006618 0.022222
2 0.270221 0.045752 0.005147 0.026144
1 0.287132 0.021569 0.005147 0.027451
1 0.302941 0.021569 0.004412 0.027451
1 0.293015 0.022222 0.005147 0.026144
0 0.298162 0.022222 0.003676 0.018301
