0 0.175000 0.483333 0.042708 0.038889
0 0.545312 0.624074 0.028125 0.018519
0 0.900000 0.536574 0.045833 0.045370
0 0.209896 0.478704 0.021875 0.014815
6 0.633594 0.626389 0.041146 0.034259
2 0.170313 0.741667 0.005208 0.016667
1 0.328385 0.644907 0.003646 0.019444
1 0.338021 0.637500 0.004167 0.019444
5 0.355469 0.647222 0.025521 0.025926
6 0.366927 0.510648 0.016146 0.023148
4 0.515104 0.532870 0.018750 0.017593
4 0.559375 0.547685 0.023958 0.023148
4 0.644010 0.534259 0.027604 0.014815
4 0.242188 0.507407 0.007292 0.007407
