2 0.819792 0.939815 0.014583 0.042593
10 0.819792 0.945370 0.016667 0.064815
6 0.224479 0.553704 0.171875 0.166667
4 0.241667 0.262963 0.020833 0.018519
4 0.494271 0.377778 0.023958 0.025926
2 0.571875 0.337037 0.004167 0.018519
10 0.571354 0.342593 0.005208 0.014815
6 0.608333 0.253704 0.016667 0.022222
4 0.646875 0.272222 0.014583 0.018519
1 0.586458 0.231481 0.004167 0.014815
8 0.591667 0.239815 0.010417 0.020370
6 0.551042 0.239815 0.035417 0.050000
4 0.558854 0.185185 0.007292 0.011111
4 0.516146 0.180556 0.013542 0.012963
4 0.577604 0.213889 0.015625 0.012963
4 0.601562 0.187963 0.015625 0.012963
4 0.606771 0.186111 0.017708 0.012963
4 0.587500 0.198148 0.020833 0.014815
0 0.631250 0.153704 0.018750 0.018519
1 0.717187 0.188889 0.003125 0.011111
4 0.732292 0.151852 0.008333 0.011111
4 0.730208 0.223148 0.014583 0.012963
4 0.735938 0.218519 0.011458 0.011111
4 0.741146 0.214815 0.013542 0.011111
0 0.746875 0.200926 0.014583 0.012963
4 0.693229 0.137037 0.013542 0.007407
4 0.799479 0.159259 0.013542 0.011111
5 0.902083 0.158333 0.014583 0.009259
5 0.845313 0.151852 0.013542 0.011111
4 0.789062 0.138889 0.009375 0.007407
4 0.802604 0.144444 0.009375 0.007407
6 0.819792 0.144444 0.018750 0.014815
0 0.832292 0.113889 0.006250 0.009259
4 0.792708 0.122222 0.008333 0.007407
0 0.822396 0.123148 0.003125 0.005556
1 0.717187 0.310185 0.003125 0.016667
