4 0.784375 0.769444 0.169792 0.125926
4 0.951302 0.770370 0.097396 0.142593
1 0.638281 0.837037 0.022396 0.135185
3 0.550781 0.711111 0.016146 0.057407
1 0.557552 0.702778 0.025521 0.057407
3 0.520052 0.642593 0.013021 0.038889
1 0.518229 0.628704 0.013542 0.053704
3 0.105729 0.812500 0.054167 0.100926
3 0.167708 0.755556 0.028125 0.090741
4 0.335938 0.842593 0.094792 0.150000
4 0.266406 0.757407 0.091146 0.129630
4 0.390625 0.740278 0.066667 0.097222
4 0.297396 0.702315 0.064583 0.080556
4 0.397396 0.662500 0.044792 0.062037
4 0.348958 0.621759 0.040625 0.052778
4 0.409896 0.605093 0.029167 0.047222
4 0.445573 0.564815 0.019271 0.033333
3 0.289323 0.652315 0.033854 0.043519
1 0.304948 0.611574 0.007812 0.049074
1 0.306250 0.606019 0.011458 0.049074
1 0.346875 0.571759 0.006250 0.037963
1 0.359375 0.565741 0.006250 0.035185
4 0.406771 0.583333 0.028125 0.042593
4 0.414062 0.565278 0.021875 0.030556
4 0.418750 0.555556 0.018750 0.025926
4 0.426823 0.538426 0.013021 0.021296
4 0.445573 0.549537 0.015104 0.021296
4 0.440885 0.543056 0.016146 0.019444
4 0.434115 0.527315 0.011979 0.017593
0 0.450781 0.526852 0.009896 0.011111
0 0.459635 0.539815 0.011979 0.014815
5 0.467187 0.532870 0.010417 0.021296
1 0.407813 0.536111 0.004167 0.022222
1 0.403906 0.536574 0.004687 0.023148
0 0.420052 0.512963 0.013021 0.025926
3 0.394792 0.556019 0.014583 0.015741
1 0.393750 0.545833 0.006250 0.019444
10 0.383073 0.576852 0.008854 0.025926
1 0.383594 0.563889 0.004687 0.020370
4 0.369792 0.545833 0.034375 0.025000
0 0.460156 0.513889 0.009896 0.014815
0 0.437760 0.499074 0.011979 0.022222
0 0.477604 0.562500 0.014583 0.036111
3 0.248958 0.656019 0.017708 0.045370
