4 0.563235 0.352288 0.048529 0.116340
1 0.365441 0.032680 0.007353 0.049673
1 0.358456 0.029412 0.009559 0.048366
1 0.186765 0.546405 0.022059 0.067974
1 0.161765 0.566013 0.019118 0.073203
1 0.190441 0.647059 0.022059 0.078431
1 0.172426 0.641830 0.013971 0.070588
1 0.867279 0.674510 0.021324 0.047059
1 0.862500 0.641830 0.027941 0.060131
1 0.865441 0.633333 0.017647 0.071895
2 0.836029 0.635948 0.022059 0.024837
1 0.496691 0.134641 0.011029 0.044444
10 0.497059 0.148366 0.013235 0.045752
1 0.705515 0.088235 0.011029 0.037908
10 0.705882 0.098039 0.011765 0.041830
2 0.859191 0.110458 0.011029 0.030065
2 0.993750 0.445098 0.012500 0.053595
10 0.989338 0.460784 0.021324 0.053595
