0 0.468015 0.043137 0.118382 0.086275
4 0.416176 0.630065 0.039706 0.088889
4 0.520588 0.631373 0.038235 0.083660
4 0.603676 0.725490 0.042647 0.099346
4 0.445221 0.441830 0.028676 0.060131
4 0.503309 0.395425 0.024265 0.045752
4 0.495588 0.183007 0.017647 0.023529
4 0.505147 0.154248 0.010294 0.018301
4 0.530147 0.186928 0.013235 0.020915
4 0.542647 0.233987 0.014706 0.026144
4 0.457353 0.135294 0.010294 0.016993
4 0.131250 0.708497 0.069853 0.096732
4 0.194118 0.583007 0.051471 0.067974
4 0.321691 0.288889 0.036029 0.026144
4 0.516912 0.910458 0.055882 0.142484
4 0.729044 0.612418 0.055147 0.084967
4 0.670956 0.446405 0.033088 0.056209
4 0.618382 0.305882 0.019118 0.036601
4 0.652206 0.324183 0.025000 0.033987
4 0.661029 0.287582 0.041176 0.028758
5 0.578676 0.173203 0.014706 0.024837
5 0.601471 0.170588 0.013235 0.024837
4 0.855882 0.949020 0.085294 0.101961
1 0.097059 0.818954 0.016176 0.069281
1 0.046691 0.913725 0.019853 0.073203
1 0.023529 0.907190 0.017647 0.073203
1 0.633824 0.391503 0.007353 0.035294
1 0.650368 0.395425 0.006618 0.035294
1 0.674632 0.335948 0.006618 0.031373
1 0.681985 0.335294 0.006618 0.030065
1 0.597426 0.213072 0.005147 0.020915
4 0.572059 0.141830 0.013235 0.016993
2 0.439706 0.235294 0.004412 0.018301
10 0.440074 0.240523 0.003676 0.018301
1 0.394485 0.203922 0.003676 0.020915
1 0.415441 0.188889 0.004412 0.016993
1 0.396691 0.228758 0.003676 0.020915
1 0.733456 0.350327 0.009559 0.028758
2 0.448529 0.214379 0.004412 0.018301
2 0.450000 0.186275 0.004412 0.014379
10 0.450000 0.190196 0.004412 0.014379
10 0.448529 0.218954 0.004412 0.014379
5 0.409191 0.162745 0.015441 0.022222
4 0.412132 0.152288 0.013971 0.019608
4 0.419118 0.145098 0.008824 0.015686
4 0.420221 0.137255 0.009559 0.015686
5 0.422059 0.132680 0.016176 0.019608
4 0.428309 0.121569 0.009559 0.015686
4 0.433088 0.113072 0.008824 0.014379
4 0.423897 0.098039 0.016912 0.013072
4 0.451838 0.094118 0.013971 0.010458
4 0.502941 0.108497 0.008824 0.015686
4 0.482353 0.094771 0.007353 0.011765
8 0.488603 0.103922 0.006618 0.014379
2 0.529044 0.250980 0.005147 0.015686
2 0.529044 0.254902 0.005147 0.015686
