4 0.681618 0.875163 0.091176 0.249673
4 0.463235 0.796732 0.067647 0.247059
4 0.559559 0.433333 0.052941 0.129412
5 0.460662 0.345098 0.036029 0.133333
1 0.928676 0.516993 0.025000 0.071895
1 0.952206 0.540523 0.022059 0.064052
4 0.745588 0.059477 0.039706 0.056209
4 0.607353 0.088889 0.042647 0.057516
5 0.546324 0.077778 0.030882 0.069281
5 0.467647 0.041830 0.029412 0.075817
2 0.420221 0.056209 0.011029 0.026144
2 0.420588 0.052288 0.008824 0.026144
7 0.420588 0.065359 0.017647 0.052288
1 0.365074 0.205882 0.013971 0.056209
1 0.359926 0.190196 0.008088 0.040523
1 0.317279 0.131373 0.009559 0.053595
4 0.186765 0.032680 0.073529 0.044444
4 0.100368 0.108497 0.065441 0.065359
4 0.226103 0.128758 0.043382 0.084967
5 0.205882 0.184967 0.039706 0.074510
2 0.076103 0.186928 0.012500 0.036601
10 0.080147 0.200000 0.017647 0.028758
2 0.060662 0.215686 0.016912 0.047059
10 0.062132 0.232026 0.013971 0.048366
1 0.020956 0.214379 0.012500 0.054902
10 0.027574 0.247059 0.033088 0.039216
1 0.023162 0.349020 0.015441 0.054902
4 0.035294 0.407190 0.064706 0.077124
4 0.047794 0.648366 0.088235 0.201307
4 0.102574 0.482353 0.083088 0.162092
