4 0.494485 0.664052 0.044853 0.162092
4 0.562132 0.592810 0.044853 0.139869
4 0.593382 0.430065 0.050000 0.159477
4 0.523529 0.321569 0.042647 0.141176
4 0.401838 0.306536 0.047794 0.160784
4 0.495956 0.101961 0.040441 0.128105
4 0.734559 0.088889 0.076471 0.086275
4 0.166544 0.272549 0.086029 0.077124
4 0.051471 0.322876 0.092647 0.075817
4 0.140809 0.378431 0.083088 0.077124
4 0.119485 0.587582 0.086029 0.074510
1 0.167279 0.608497 0.015441 0.024837
1 0.351471 0.572549 0.016176 0.020915
5 0.816912 0.364706 0.047059 0.115033
1 0.246691 0.186928 0.018382 0.020915
1 0.589338 0.218301 0.011029 0.015686
1 0.593382 0.235294 0.007353 0.010458
1 0.503309 0.424837 0.012500 0.020915
1 0.837868 0.675817 0.016912 0.047059
1 0.958456 0.619608 0.025735 0.028758
1 0.813603 0.713725 0.013971 0.028758
1 0.829044 0.720915 0.011029 0.022222
10 0.816912 0.723529 0.038235 0.030065
10 0.788235 0.609804 0.027941 0.061438
10 0.858088 0.427451 0.016176 0.052288
10 0.874632 0.433333 0.012500 0.050980
10 0.887132 0.430065 0.019853 0.057516
10 0.937868 0.425490 0.012500 0.053595
10 0.946324 0.419608 0.016176 0.052288
3 0.873162 0.362745 0.016912 0.048366
3 0.886765 0.358824 0.017647 0.048366
10 0.900368 0.349020 0.016912 0.049673
3 0.919853 0.349673 0.016176 0.056209
10 0.945588 0.279085 0.020588 0.050980
10 0.948529 0.337255 0.020588 0.047059
3 0.934926 0.343791 0.016912 0.049673
3 0.909926 0.408497 0.015441 0.069281
1 0.911029 0.452288 0.016176 0.028758
10 0.590441 0.220261 0.013235 0.056209
10 0.501471 0.426144 0.013235 0.052288
10 0.096324 0.448366 0.042647 0.020915
1 0.094853 0.447712 0.025000 0.022222
4 0.020221 0.439216 0.040441 0.075817
4 0.023162 0.621569 0.046324 0.066667
4 0.407353 0.035948 0.044118 0.071895
1 0.904044 0.098039 0.015441 0.031373
10 0.900000 0.103268 0.029412 0.028758
1 0.755147 0.640523 0.027941 0.031373
3 0.725000 0.698039 0.026471 0.028758
10 0.812500 0.683660 0.029412 0.026144
3 0.775735 0.680392 0.014706 0.045752
10 0.754044 0.939869 0.022794 0.057516
