6 0.926103 0.332026 0.069853 0.216993
6 0.942647 0.144444 0.083824 0.152941
6 0.625000 0.181046 0.116176 0.139869
6 0.421324 0.315686 0.177941 0.213072
6 0.487132 0.426144 0.175735 0.222222
6 0.561029 0.494118 0.191176 0.237908
6 0.640441 0.548366 0.167647 0.220915
1 0.684191 0.675163 0.031618 0.098039
7 0.840809 0.910458 0.159559 0.171242
6 0.083088 0.691503 0.166176 0.397386
4 0.047059 0.116340 0.077941 0.078431
7 0.076471 0.150980 0.070588 0.074510
1 0.230882 0.233987 0.020588 0.060131
1 0.234559 0.488889 0.029412 0.091503
1 0.252941 0.684314 0.032353 0.100654
1 0.165809 0.947059 0.031618 0.103268
1 0.258088 0.948366 0.030882 0.103268
1 0.332721 0.496078 0.024265 0.087582
1 0.382353 0.539869 0.019118 0.096732
1 0.398162 0.584314 0.021324 0.107190
1 0.426838 0.610458 0.024265 0.096732
1 0.431985 0.547712 0.021324 0.101961
1 0.449265 0.564706 0.023529 0.101961
1 0.411029 0.575163 0.020588 0.099346
1 0.621691 0.022222 0.016912 0.044444
1 0.172426 0.177124 0.018382 0.061438
1 0.166912 0.039216 0.017647 0.065359
0 0.387500 0.064706 0.236765 0.118954
2 0.842279 0.923529 0.047794 0.087582
2 0.873897 0.946405 0.041912 0.107190
