4 0.417969 0.331944 0.011979 0.025000
4 0.435417 0.338889 0.013542 0.018519
0 0.434375 0.275926 0.051042 0.035185
4 0.331771 0.853704 0.053125 0.122222
4 0.526823 0.913426 0.053646 0.136111
4 0.506250 0.763426 0.045833 0.097222
4 0.494010 0.612037 0.033854 0.066667
10 0.577083 0.751852 0.023958 0.062963
2 0.575521 0.753704 0.015625 0.035185
2 0.592448 0.665741 0.009896 0.035185
10 0.590625 0.678704 0.010417 0.029630
3 0.546875 0.644444 0.018750 0.050000
2 0.545312 0.643056 0.009375 0.028704
0 0.589583 0.514815 0.028125 0.048148
2 0.485417 0.545370 0.006250 0.029630
2 0.483854 0.545833 0.008333 0.028704
10 0.483333 0.555556 0.011458 0.024074
2 0.522917 0.519907 0.008333 0.026852
2 0.521615 0.512963 0.006771 0.024074
10 0.521875 0.523148 0.010417 0.018519
2 0.464062 0.494444 0.007292 0.027778
10 0.463542 0.512037 0.005208 0.024074
2 0.468229 0.509722 0.007292 0.025000
10 0.468229 0.520833 0.006250 0.019444
2 0.486719 0.501852 0.006771 0.024074
10 0.485417 0.511111 0.009375 0.020370
2 0.495833 0.497222 0.008333 0.022222
10 0.495573 0.506481 0.008854 0.022222
10 0.503385 0.490741 0.016146 0.029630
1 0.503125 0.481481 0.009375 0.022222
0 0.568490 0.465741 0.134896 0.057407
2 0.475000 0.428704 0.005208 0.014815
10 0.473438 0.439815 0.009375 0.024074
4 0.928385 0.903704 0.082812 0.118519
4 0.353385 0.742593 0.046354 0.090741
