0 0.465885 0.477778 0.067187 0.044444
4 0.439844 0.504630 0.005729 0.011111
0 0.433333 0.512037 0.009375 0.022222
0 0.444531 0.511111 0.007812 0.012963
7 0.469010 0.517130 0.005729 0.012037
4 0.480469 0.516204 0.009896 0.013889
4 0.484896 0.527778 0.010417 0.016667
0 0.502083 0.511574 0.004167 0.008333
2 0.490885 0.513889 0.003646 0.009259
10 0.490885 0.517130 0.002604 0.008333
2 0.493490 0.532870 0.003646 0.012037
10 0.493750 0.535185 0.003125 0.012963
6 0.507552 0.530093 0.013021 0.026852
1 0.521094 0.552778 0.004687 0.018519
4 0.537760 0.555093 0.015104 0.021296
4 0.478125 0.562963 0.013542 0.018519
2 0.498958 0.565741 0.005208 0.016667
10 0.498958 0.569907 0.004167 0.013889
2 0.527604 0.586574 0.006250 0.017593
10 0.527344 0.589815 0.005729 0.018519
8 0.567708 0.633333 0.012500 0.035185
7 0.578125 0.661574 0.011458 0.028704
4 0.584896 0.694444 0.032292 0.038889
2 0.625521 0.740741 0.011458 0.035185
10 0.624219 0.751389 0.018229 0.034259
2 0.658333 0.786574 0.015625 0.043519
10 0.658594 0.794907 0.032813 0.041667
2 0.723177 0.825926 0.019271 0.057407
10 0.720052 0.830556 0.039062 0.048148
4 0.814583 0.821759 0.083333 0.065741
4 0.771875 0.740278 0.042708 0.086111
4 0.713802 0.738426 0.076563 0.063889
3 0.749479 0.706019 0.017708 0.026852
10 0.739323 0.695370 0.019271 0.027778
1 0.676562 0.704167 0.006250 0.043519
2 0.671875 0.688889 0.008333 0.029630
10 0.674740 0.683796 0.018229 0.025000
2 0.642448 0.693519 0.008854 0.031481
10 0.641927 0.700926 0.010937 0.033333
10 0.648698 0.650926 0.014063 0.022222
10 0.636198 0.636111 0.018229 0.020370
2 0.625000 0.660648 0.007292 0.025000
10 0.625260 0.666667 0.008854 0.022222
8 0.623437 0.693981 0.018750 0.052778
10 0.754687 0.905093 0.033333 0.045370
4 0.714844 0.939352 0.070312 0.093519
2 0.590625 0.777778 0.013542 0.038889
2 0.597656 0.784722 0.005729 0.030556
10 0.588802 0.788426 0.022396 0.034259
2 0.500781 0.756019 0.013021 0.047222
10 0.500260 0.761111 0.027604 0.033333
2 0.490104 0.742130 0.011458 0.043519
10 0.488542 0.744907 0.026042 0.039815
8 0.471094 0.760185 0.034896 0.061111
2 0.415625 0.764352 0.010417 0.041667
10 0.415625 0.775926 0.012500 0.040741
10 0.365365 0.838426 0.014063 0.045370
2 0.366927 0.822685 0.013021 0.050926
2 0.327865 0.902778 0.011979 0.044444
2 0.337500 0.898148 0.013542 0.051852
1 0.330729 0.925463 0.018750 0.052778
7 0.332813 0.935648 0.031250 0.097222
4 0.277604 0.901389 0.060417 0.093519
4 0.300260 0.807407 0.034896 0.077778
7 0.336719 0.713889 0.021354 0.051852
4 0.358073 0.675463 0.019271 0.041667
2 0.417969 0.651389 0.007812 0.028704
10 0.417187 0.659259 0.007292 0.025926
0 0.375260 0.625926 0.033854 0.050000
1 0.393750 0.614815 0.006250 0.025926
4 0.420312 0.617593 0.018750 0.031481
2 0.400781 0.631944 0.006771 0.023148
10 0.400781 0.637963 0.005729 0.022222
2 0.445833 0.613426 0.005208 0.019444
8 0.445573 0.612037 0.010937 0.035185
4 0.451042 0.593981 0.017708 0.026852
2 0.429167 0.586574 0.006250 0.019444
10 0.428646 0.590278 0.006250 0.019444
2 0.405729 0.594907 0.005208 0.019444
10 0.404948 0.599537 0.006771 0.017593
7 0.392188 0.594444 0.018750 0.020370
8 0.396615 0.574074 0.008854 0.027778
8 0.401562 0.570370 0.008333 0.024074
8 0.404687 0.559722 0.013542 0.023148
8 0.420833 0.538889 0.006250 0.016667
2 0.453646 0.564815 0.005208 0.018519
10 0.453385 0.568056 0.004687 0.015741
2 0.438281 0.532407 0.004687 0.012963
10 0.437760 0.534722 0.004687 0.012037
4 0.446094 0.537963 0.009896 0.016667
4 0.452604 0.531019 0.011458 0.017593
2 0.423438 0.521296 0.004167 0.011111
10 0.423698 0.523611 0.003646 0.010185
10 0.179427 0.960648 0.053646 0.067593
8 0.101042 0.956944 0.071875 0.086111
7 0.222396 0.876389 0.035417 0.067593
4 0.253385 0.798148 0.045312 0.087037
4 0.305990 0.706944 0.039062 0.060185
4 0.393750 0.512500 0.014583 0.019444
