0 0.545833 0.201852 0.064583 0.077778
4 0.531771 0.252778 0.005208 0.009259
4 0.522917 0.252778 0.006250 0.009259
4 0.498437 0.266667 0.013542 0.011111
4 0.533333 0.267593 0.012500 0.009259
4 0.543229 0.281481 0.005208 0.007407
4 0.540625 0.286111 0.006250 0.009259
4 0.552083 0.281481 0.006250 0.011111
4 0.559375 0.290741 0.006250 0.007407
4 0.557813 0.300926 0.005208 0.012963
5 0.536979 0.314815 0.007292 0.014815
4 0.542708 0.415741 0.012500 0.024074
4 0.523958 0.414815 0.012500 0.022222
2 0.547917 0.381481 0.004167 0.011111
10 0.546875 0.388889 0.004167 0.011111
1 0.592187 0.375926 0.005208 0.018519
8 0.601042 0.365741 0.006250 0.024074
2 0.601042 0.359259 0.004167 0.011111
7 0.606771 0.398148 0.007292 0.018519
2 0.597396 0.331481 0.003125 0.007407
2 0.697917 0.408333 0.004167 0.016667
3 0.696875 0.415741 0.004167 0.012963
4 0.466146 0.322222 0.011458 0.014815
4 0.462500 0.380556 0.012500 0.020370
4 0.454688 0.418519 0.013542 0.022222
4 0.507812 0.490741 0.017708 0.029630
2 0.433854 0.400000 0.005208 0.011111
2 0.434896 0.400000 0.003125 0.011111
10 0.434375 0.409259 0.006250 0.011111
1 0.386979 0.435185 0.005208 0.018519
4 0.423438 0.479630 0.017708 0.029630
2 0.423438 0.500000 0.007292 0.018519
10 0.422917 0.511111 0.008333 0.018519
4 0.390104 0.488889 0.021875 0.033333
4 0.401042 0.544444 0.025000 0.040741
4 0.367708 0.631481 0.033333 0.059259
8 0.332813 0.541667 0.017708 0.031481
8 0.286458 0.567593 0.020833 0.038889
1 0.258854 0.547222 0.007292 0.031481
1 0.253125 0.544444 0.006250 0.029630
2 0.320312 0.578704 0.007292 0.020370
3 0.319271 0.589815 0.009375 0.020370
4 0.515625 0.777778 0.033333 0.085185
4 0.454688 0.955556 0.038542 0.088889
8 0.276042 0.846296 0.039583 0.088889
4 0.096354 0.940741 0.082292 0.118519
