1 0.993382 0.518954 0.013235 0.067974
7 0.946324 0.448366 0.072059 0.088889
1 0.625000 0.522876 0.017647 0.065359
1 0.640074 0.509150 0.022794 0.071895
5 0.849265 0.316340 0.097059 0.125490
2 0.859559 0.415686 0.011765 0.057516
1 0.850735 0.416340 0.016176 0.061438
1 0.833824 0.395425 0.017647 0.061438
1 0.764706 0.352941 0.013235 0.057516
1 0.793750 0.360131 0.011029 0.050980
1 0.798897 0.377778 0.012500 0.054902
5 0.794485 0.432026 0.125735 0.155556
4 0.954044 0.044444 0.034559 0.049673
10 0.756618 0.016340 0.022059 0.030065
2 0.764338 0.012418 0.009559 0.024837
2 0.758824 0.014379 0.011765 0.028758
1 0.681618 0.341830 0.016176 0.053595
1 0.669118 0.332026 0.013235 0.062745
1 0.646324 0.326144 0.005882 0.037908
4 0.635662 0.365359 0.100735 0.118954
1 0.132353 0.310458 0.013235 0.056209
1 0.049265 0.014379 0.007353 0.028758
1 0.045221 0.013725 0.008088 0.027451
1 0.032721 0.011765 0.008088 0.023529
4 0.049632 0.049673 0.062500 0.057516
1 0.080515 0.039869 0.008088 0.043137
3 0.102941 0.058824 0.011765 0.041830
2 0.126838 0.062092 0.012500 0.024837
2 0.123529 0.120915 0.013235 0.024837
2 0.164338 0.132680 0.008088 0.022222
3 0.184559 0.036601 0.017647 0.031373
1 0.180515 0.033333 0.009559 0.037908
8 0.175735 0.084314 0.033824 0.040523
2 0.167647 0.071242 0.008824 0.035294
2 0.190441 0.067320 0.013235 0.019608
1 0.193750 0.018954 0.008088 0.037908
1 0.200368 0.024183 0.008088 0.040523
1 0.209926 0.024837 0.009559 0.041830
7 0.189338 0.011765 0.037500 0.023529
1 0.219485 0.024183 0.008088 0.043137
2 0.232721 0.042484 0.012500 0.019608
1 0.241544 0.104575 0.009559 0.036601
2 0.227574 0.100000 0.012500 0.024837
2 0.220956 0.111111 0.008088 0.026144
1 0.241912 0.092157 0.007353 0.035294
1 0.256985 0.103922 0.006618 0.040523
6 0.252574 0.120915 0.061029 0.064052
5 0.281985 0.044444 0.062500 0.078431
5 0.337132 0.075817 0.065441 0.062745
4 0.342279 0.202614 0.066912 0.073203
1 0.372059 0.179739 0.010294 0.048366
2 0.387132 0.098693 0.009559 0.035294
2 0.423529 0.119608 0.013235 0.027451
10 0.389338 0.161438 0.011029 0.037908
1 0.383824 0.158170 0.008824 0.036601
1 0.422059 0.173203 0.011765 0.032680
8 0.413235 0.211765 0.058824 0.088889
8 0.497059 0.253595 0.057353 0.094118
3 0.526471 0.245752 0.025000 0.039216
1 0.527941 0.237255 0.014706 0.037908
7 0.538603 0.171242 0.047794 0.049673
1 0.591176 0.194771 0.008824 0.047059
1 0.639338 0.213072 0.011029 0.052288
4 0.532721 0.055556 0.058088 0.056209
4 0.656618 0.067974 0.064706 0.052288
