1 0.191146 0.107407 0.009375 0.051852
1 0.186979 0.141667 0.013542 0.053704
1 0.238021 0.137037 0.013542 0.048148
1 0.353125 0.158333 0.012500 0.057407
1 0.332813 0.332407 0.017708 0.112963
1 0.383333 0.439815 0.020833 0.153704
1 0.219271 0.366667 0.028125 0.114815
1 0.165104 0.475926 0.028125 0.151852
1 0.304688 0.581481 0.038542 0.174074
1 0.365625 0.562963 0.031250 0.162963
1 0.338542 0.490741 0.025000 0.155556
1 0.560417 0.736111 0.045833 0.220370
1 0.717708 0.753704 0.037500 0.248148
1 0.556250 0.512037 0.039583 0.164815
1 0.430729 0.472222 0.032292 0.155556
1 0.397917 0.100000 0.010417 0.055556
1 0.423438 0.120370 0.013542 0.051852
1 0.637500 0.152778 0.012500 0.072222
1 0.559375 0.217593 0.016667 0.083333
1 0.604688 0.089815 0.009375 0.042593
1 0.612500 0.108333 0.010417 0.046296
1 0.726562 0.116667 0.013542 0.059259
1 0.678646 0.194444 0.015625 0.074074
1 0.752083 0.147222 0.010417 0.064815
1 0.789583 0.234259 0.014583 0.079630
1 0.846354 0.187037 0.009375 0.048148
1 0.848958 0.228704 0.014583 0.072222
1 0.864062 0.277778 0.017708 0.103704
1 0.949479 0.237037 0.015625 0.085185
1 0.900000 0.331481 0.025000 0.129630
1 0.948958 0.323148 0.027083 0.105556
1 0.990104 0.400926 0.019792 0.142593
1 0.979688 0.245370 0.021875 0.079630
1 0.972396 0.188889 0.013542 0.085185
1 0.794271 0.188889 0.011458 0.051852
1 0.686979 0.150926 0.009375 0.053704
1 0.766667 0.127778 0.010417 0.059259
1 0.780208 0.095370 0.012500 0.064815
2 0.918750 0.198148 0.018750 0.044444
2 0.825000 0.285185 0.025000 0.085185
2 0.807292 0.291667 0.027083 0.094444
10 0.874479 0.144444 0.019792 0.037037
10 0.897917 0.155556 0.027083 0.040741
10 0.911458 0.168519 0.025000 0.033333
10 0.935417 0.162037 0.033333 0.042593
10 0.851562 0.148148 0.023958 0.040741
10 0.842187 0.143519 0.032292 0.035185
10 0.825521 0.136111 0.030208 0.046296
10 0.799479 0.126852 0.032292 0.035185
10 0.747396 0.114815 0.030208 0.029630
10 0.703125 0.103704 0.031250 0.025926
10 0.698438 0.099074 0.028125 0.027778
10 0.681771 0.097222 0.030208 0.031481
10 0.677604 0.087963 0.034375 0.035185
10 0.643750 0.085185 0.020833 0.029630
10 0.611979 0.078704 0.023958 0.035185
1 0.737500 0.127778 0.010417 0.051852
1 0.603125 0.187963 0.016667 0.050000
1 0.535937 0.112037 0.013542 0.035185
1 0.554688 0.433333 0.019792 0.129630
2 0.549479 0.345370 0.026042 0.068519
1 0.532813 0.320370 0.021875 0.092593
2 0.571875 0.038889 0.010417 0.025926
10 0.573438 0.046296 0.013542 0.014815
2 0.328646 0.167593 0.013542 0.046296
1 0.414583 0.322222 0.018750 0.103704
1 0.421354 0.310185 0.021875 0.116667
2 0.411979 0.297222 0.011458 0.042593
3 0.435937 0.365741 0.042708 0.057407
1 0.124479 0.343519 0.019792 0.053704
2 0.095833 0.333333 0.027083 0.062963
2 0.145313 0.249074 0.013542 0.031481
2 0.132812 0.240741 0.015625 0.029630
2 0.119271 0.249074 0.015625 0.027778
2 0.102604 0.242593 0.021875 0.044444
2 0.117708 0.232407 0.014583 0.042593
2 0.108333 0.232407 0.014583 0.050000
2 0.144792 0.146296 0.010417 0.025926
2 0.138021 0.126852 0.013542 0.027778
2 0.118229 0.126852 0.015625 0.035185
1 0.158333 0.109259 0.010417 0.033333
