4 0.612500 0.563399 0.050000 0.081046
4 0.568382 0.482353 0.054412 0.062745
4 0.510662 0.410458 0.036029 0.065359
4 0.710662 0.528105 0.058088 0.075817
4 0.836765 0.507843 0.069118 0.066667
4 0.961397 0.662745 0.077206 0.083660
4 0.959926 0.383660 0.031618 0.053595
4 0.961765 0.328105 0.057353 0.044444
4 0.744853 0.426144 0.058824 0.052288
1 0.664338 0.490196 0.013971 0.047059
1 0.645956 0.490850 0.009559 0.045752
4 0.654044 0.464706 0.046324 0.056209
4 0.674265 0.372549 0.047059 0.047059
5 0.902206 0.288235 0.045588 0.050980
4 0.876471 0.335948 0.029412 0.047059
7 0.925368 0.196732 0.016912 0.019608
4 0.833824 0.209804 0.038235 0.030065
4 0.801471 0.254248 0.041176 0.037908
4 0.776471 0.256209 0.035294 0.033987
4 0.709926 0.237255 0.044853 0.032680
5 0.722794 0.223529 0.033824 0.036601
5 0.320588 0.452941 0.047059 0.092810
0 0.118015 0.277778 0.053676 0.118954
0 0.082721 0.238562 0.019853 0.053595
0 0.013235 0.293464 0.023529 0.111111
0 0.152206 0.115686 0.019118 0.019608
0 0.138603 0.117647 0.011029 0.013072
0 0.155147 0.129412 0.005882 0.013072
4 0.167279 0.132026 0.015441 0.026144
1 0.204779 0.183007 0.006618 0.031373
1 0.165074 0.172549 0.005147 0.023529
4 0.175735 0.190196 0.019118 0.030065
10 0.184191 0.128758 0.006618 0.019608
4 0.140074 0.139869 0.027206 0.020915
1 0.136765 0.143791 0.004412 0.023529
4 0.122426 0.160784 0.043382 0.023529
4 0.155515 0.182353 0.030147 0.024837
1 0.140809 0.183007 0.006618 0.026144
5 0.048529 0.837908 0.054412 0.143791
5 0.134559 0.556863 0.036765 0.081046
6 0.145221 0.706536 0.099265 0.328105
5 0.018750 0.684314 0.037500 0.108497
3 0.046691 0.631373 0.025735 0.044444
0 0.050735 0.131373 0.042647 0.032680
0 0.082353 0.123529 0.022059 0.011765
4 0.102206 0.135948 0.038235 0.023529
1 0.080515 0.144444 0.008088 0.027451
5 0.024632 0.473856 0.044853 0.087582
1 0.012132 0.391503 0.012500 0.043137
3 0.025368 0.607190 0.012500 0.053595
3 0.040441 0.560131 0.010294 0.050980
10 0.026838 0.564706 0.015441 0.041830
10 0.023897 0.537255 0.018382 0.044444
4 0.030882 0.014379 0.008824 0.013072
5 0.030882 0.047712 0.020588 0.022222
4 0.015809 0.061438 0.015441 0.015686
4 0.054044 0.075817 0.022794 0.018301
4 0.055882 0.039216 0.020588 0.018301
4 0.063603 0.034641 0.019853 0.016993
0 0.062500 0.011765 0.014706 0.023529
0 0.050735 0.023529 0.017647 0.010458
4 0.023529 0.124183 0.032353 0.018301
4 0.023897 0.113725 0.033088 0.018301
4 0.026838 0.105229 0.016912 0.019608
4 0.014338 0.096732 0.015441 0.015686
1 0.011397 0.105882 0.005147 0.023529
1 0.005147 0.088235 0.005882 0.022222
4 0.023897 0.092157 0.027206 0.016993
1 0.025368 0.093464 0.003676 0.016993
4 0.025368 0.084314 0.028676 0.016993
4 0.032721 0.073203 0.018382 0.018301
1 0.009926 0.134641 0.005147 0.023529
1 0.022059 0.135948 0.005882 0.026144
1 0.017647 0.198693 0.007353 0.028758
1 0.020221 0.192157 0.005147 0.026144
1 0.033456 0.188235 0.006618 0.031373
1 0.030147 0.189542 0.007353 0.026144
2 0.045956 0.196732 0.006618 0.019608
2 0.053309 0.196732 0.008088 0.014379
1 0.055882 0.188889 0.005882 0.030065
1 0.068382 0.192810 0.005882 0.030065
1 0.075000 0.190196 0.004412 0.027451
2 0.072426 0.200000 0.006618 0.015686
2 0.095221 0.192157 0.006618 0.015686
2 0.084191 0.198693 0.006618 0.015686
2 0.105515 0.188889 0.006618 0.019608
2 0.122794 0.190196 0.007353 0.019608
2 0.117279 0.190196 0.006618 0.019608
2 0.111765 0.188889 0.005882 0.014379
