0 0.329412 0.062745 0.022059 0.039216
0 0.101838 0.043791 0.037500 0.064052
0 0.433088 0.345752 0.029412 0.035294
4 0.947059 0.930719 0.105882 0.083660
4 0.832721 0.940523 0.090441 0.090196
4 0.974632 0.796732 0.050735 0.071895
5 0.962132 0.702614 0.075735 0.092810
5 0.895221 0.813725 0.080147 0.084967
6 0.781985 0.820915 0.134559 0.138562
5 0.766544 0.745752 0.074265 0.082353
5 0.859559 0.713725 0.097059 0.088889
10 0.967647 0.428758 0.017647 0.028758
10 0.931250 0.435948 0.018382 0.024837
5 0.975000 0.528758 0.050000 0.071895
1 0.994118 0.564706 0.011765 0.039216
1 0.968382 0.580392 0.011765 0.039216
4 0.959559 0.617647 0.079412 0.058824
1 0.922059 0.578431 0.010294 0.043137
1 0.952574 0.571895 0.011029 0.037908
1 0.944485 0.566667 0.009559 0.032680
4 0.880147 0.554902 0.064706 0.077124
4 0.829779 0.545752 0.046324 0.084967
1 0.839338 0.643791 0.009559 0.040523
1 0.833456 0.662745 0.009559 0.039216
7 0.849632 0.626797 0.040441 0.071895
7 0.768015 0.518301 0.012500 0.037908
1 0.823162 0.664706 0.009559 0.045752
1 0.808824 0.673856 0.011765 0.040523
7 0.811029 0.642484 0.032353 0.074510
2 0.792279 0.655556 0.011029 0.035294
7 0.779779 0.649673 0.037500 0.073203
1 0.767647 0.684967 0.016176 0.039216
7 0.750735 0.659477 0.032353 0.064052
7 0.718015 0.663399 0.033088 0.071895
1 0.737500 0.664052 0.013235 0.041830
1 0.736397 0.594771 0.011029 0.033987
3 0.716544 0.588235 0.022794 0.039216
2 0.706618 0.677124 0.010294 0.036601
2 0.545956 0.485621 0.008088 0.024837
1 0.526838 0.466667 0.006618 0.036601
2 0.640809 0.486275 0.009559 0.033987
2 0.648897 0.483660 0.008088 0.031373
1 0.593382 0.450980 0.005882 0.039216
1 0.586029 0.442484 0.005882 0.037908
10 0.691544 0.527451 0.022794 0.032680
10 0.700000 0.571242 0.023529 0.033987
3 0.688235 0.598693 0.025000 0.031373
10 0.676838 0.546405 0.021324 0.031373
10 0.653309 0.593464 0.008088 0.041830
3 0.616544 0.592157 0.031618 0.026144
10 0.685662 0.735294 0.033088 0.037908
2 0.684926 0.726797 0.016912 0.041830
7 0.649265 0.673856 0.027941 0.069281
1 0.634559 0.686928 0.008824 0.037908
1 0.626471 0.681699 0.008824 0.040523
1 0.623897 0.701961 0.012500 0.039216
1 0.613603 0.706536 0.008088 0.043137
10 0.601838 0.732680 0.028676 0.032680
2 0.602941 0.729412 0.013235 0.052288
7 0.606618 0.681699 0.032353 0.071895
10 0.527941 0.739869 0.025000 0.041830
1 0.576471 0.676471 0.010294 0.043137
1 0.566544 0.692810 0.011029 0.044444
1 0.543015 0.687582 0.008088 0.044444
1 0.526838 0.696732 0.009559 0.049673
7 0.563235 0.673856 0.029412 0.079739
7 0.529044 0.660784 0.024265 0.069281
10 0.502206 0.576471 0.022059 0.028758
1 0.500368 0.618954 0.009559 0.045752
1 0.448162 0.690850 0.009559 0.045752
1 0.348897 0.727451 0.015441 0.045752
1 0.468750 0.566667 0.008088 0.040523
1 0.476103 0.554902 0.009559 0.037908
2 0.476471 0.545752 0.005882 0.024837
2 0.470221 0.658170 0.011029 0.035294
7 0.480147 0.620261 0.026471 0.061438
2 0.413235 0.696078 0.011765 0.035294
7 0.421691 0.689542 0.033088 0.071895
7 0.399265 0.666667 0.042647 0.067974
1 0.395221 0.659477 0.013971 0.035294
2 0.368015 0.627451 0.009559 0.026144
1 0.387132 0.637908 0.011029 0.047059
7 0.375368 0.630065 0.027206 0.070588
7 0.398897 0.560784 0.050735 0.036601
1 0.400368 0.544444 0.006618 0.037908
1 0.440074 0.488235 0.008088 0.037908
6 0.446691 0.589542 0.041912 0.115033
10 0.495956 0.511765 0.019853 0.027451
10 0.486397 0.495425 0.027206 0.033987
3 0.496691 0.481699 0.011029 0.035294
10 0.465074 0.343791 0.006618 0.028758
5 0.456985 0.462092 0.055147 0.053595
4 0.430147 0.427451 0.041176 0.054902
4 0.409191 0.398039 0.040441 0.056209
1 0.386029 0.403922 0.007353 0.033987
10 0.477941 0.432680 0.017647 0.023529
7 0.483824 0.405882 0.011765 0.037908
10 0.473162 0.394118 0.011029 0.019608
6 0.435294 0.275817 0.039706 0.044444
4 0.420956 0.241176 0.049265 0.035294
5 0.423162 0.216340 0.034559 0.032680
4 0.357721 0.163399 0.025735 0.033987
9 0.390074 0.151634 0.034559 0.099346
5 0.390809 0.126797 0.030147 0.031373
4 0.382721 0.078431 0.033088 0.023529
1 0.356985 0.101961 0.005147 0.023529
1 0.342647 0.092810 0.004412 0.023529
2 0.351838 0.115686 0.003676 0.014379
6 0.351471 0.081046 0.019118 0.047059
6 0.372794 0.035294 0.067647 0.054902
1 0.340074 0.032680 0.003676 0.018301
7 0.367647 0.065359 0.023529 0.018301
2 0.316544 0.538562 0.011029 0.031373
10 0.316912 0.547712 0.008824 0.039216
4 0.259191 0.529412 0.030147 0.075817
2 0.006618 0.740523 0.013235 0.030065
7 0.018750 0.756863 0.037500 0.049673
10 0.098529 0.813725 0.019118 0.053595
2 0.099265 0.805882 0.020588 0.043137
1 0.051838 0.733987 0.013971 0.045752
1 0.122426 0.669281 0.016912 0.044444
1 0.109559 0.683660 0.014706 0.047059
1 0.076838 0.737908 0.011029 0.045752
1 0.056618 0.728758 0.011765 0.032680
1 0.056618 0.713072 0.017647 0.056209
1 0.064706 0.711765 0.011765 0.045752
1 0.063235 0.696078 0.010294 0.045752
1 0.080147 0.705882 0.011765 0.052288
1 0.088971 0.700654 0.014706 0.047059
1 0.073529 0.728758 0.016176 0.043137
7 0.088971 0.678431 0.032353 0.078431
1 0.106250 0.629412 0.012500 0.043137
1 0.113603 0.611765 0.012500 0.041830
7 0.101103 0.611111 0.028676 0.058824
5 0.126838 0.490196 0.046324 0.081046
5 0.134559 0.403922 0.032353 0.083660
5 0.166544 0.418301 0.030147 0.075817
4 0.154779 0.284314 0.025735 0.050980
7 0.223897 0.328105 0.013971 0.039216
2 0.224265 0.326144 0.008824 0.027451
5 0.224632 0.266667 0.024265 0.057516
3 0.211397 0.239216 0.005147 0.028758
2 0.212132 0.234641 0.006618 0.024837
5 0.166544 0.224837 0.021324 0.052288
4 0.193015 0.232680 0.024265 0.044444
4 0.176471 0.198039 0.022059 0.037908
1 0.192647 0.198693 0.005882 0.028758
7 0.200368 0.200000 0.018382 0.026144
4 0.188235 0.146405 0.020588 0.036601
5 0.209191 0.133987 0.018382 0.043137
1 0.229779 0.107190 0.005147 0.020915
1 0.234191 0.104575 0.006618 0.023529
6 0.199265 0.047059 0.029412 0.088889
5 0.234926 0.037908 0.016912 0.036601
5 0.229412 0.012418 0.023529 0.024837
