4 0.416146 0.518519 0.030208 0.051852
4 0.504687 0.450000 0.023958 0.040741
4 0.468750 0.374074 0.020833 0.033333
4 0.435417 0.380556 0.020833 0.035185
4 0.495312 0.332407 0.017708 0.031481
4 0.468750 0.326852 0.018750 0.027778
4 0.726562 0.320370 0.034375 0.029630
4 0.728125 0.310185 0.033333 0.027778
4 0.726562 0.281481 0.023958 0.025926
0 0.458333 0.142593 0.029167 0.022222
0 0.468229 0.179630 0.017708 0.037037
0 0.429167 0.192593 0.016667 0.037037
10 0.510417 0.763889 0.012500 0.050000
10 0.447917 0.734259 0.012500 0.050000
10 0.177604 0.835185 0.023958 0.048148
10 0.217188 0.608333 0.015625 0.035185
10 0.500521 0.622222 0.009375 0.040741
10 0.295312 0.460185 0.005208 0.020370
10 0.352083 0.336111 0.012500 0.012963
1 0.446875 0.712963 0.012500 0.044444
1 0.510417 0.740741 0.012500 0.044444
1 0.500521 0.604630 0.007292 0.038889
1 0.176563 0.810185 0.013542 0.035185
1 0.216667 0.591667 0.012500 0.031481
1 0.295312 0.446296 0.005208 0.018519
10 0.165625 0.537963 0.010417 0.027778
1 0.164583 0.522222 0.006250 0.029630
1 0.350521 0.325926 0.005208 0.018519
1 0.393750 0.312037 0.004167 0.016667
1 0.411458 0.281481 0.004167 0.014815
1 0.414062 0.284259 0.005208 0.012963
1 0.387500 0.299074 0.004167 0.012963
1 0.476562 0.243519 0.003125 0.012963
1 0.334896 0.310185 0.005208 0.016667
1 0.325000 0.336111 0.004167 0.020370
1 0.372917 0.287037 0.004167 0.018519
1 0.369792 0.281481 0.004167 0.014815
1 0.394271 0.286111 0.005208 0.016667
1 0.379688 0.276852 0.005208 0.020370
10 0.326042 0.343519 0.010417 0.012963
10 0.393229 0.319444 0.009375 0.016667
10 0.411979 0.287963 0.011458 0.012963
10 0.372396 0.293519 0.005208 0.012963
10 0.369792 0.285185 0.006250 0.011111
5 0.363021 0.301852 0.019792 0.022222
7 0.337500 0.308333 0.020833 0.024074
7 0.330729 0.292593 0.017708 0.022222
4 0.409896 0.262037 0.011458 0.016667
4 0.411979 0.254630 0.011458 0.016667
4 0.414583 0.216667 0.006250 0.014815
0 0.312500 0.302778 0.014583 0.024074
0 0.468750 0.267593 0.022917 0.020370
10 0.295312 0.342593 0.011458 0.018519
1 0.294271 0.335185 0.005208 0.018519
1 0.468229 0.237037 0.003125 0.011111
1 0.434896 0.274074 0.003125 0.011111
1 0.432292 0.275000 0.004167 0.012963
1 0.428646 0.275926 0.003125 0.011111
10 0.431250 0.283333 0.012500 0.014815
10 0.468229 0.242593 0.005208 0.011111
10 0.476562 0.248148 0.005208 0.011111
1 0.481771 0.224074 0.003125 0.014815
4 0.390625 0.265741 0.008333 0.012963
10 0.400000 0.240741 0.004167 0.011111
1 0.400521 0.235185 0.003125 0.014815
1 0.405208 0.240741 0.004167 0.014815
10 0.739583 0.350000 0.016667 0.014815
0 0.727083 0.250926 0.031250 0.020370
2 0.044271 0.974074 0.032292 0.048148
2 0.143750 0.766667 0.018750 0.044444
8 0.149479 0.759259 0.048958 0.122222
