5 0.224265 0.657516 0.094118 0.112418
9 0.348162 0.683660 0.228676 0.232680
9 0.365809 0.793464 0.293382 0.324183
4 0.734559 0.399346 0.023529 0.027451
4 0.837500 0.333333 0.010294 0.018301
4 0.622059 0.525490 0.036765 0.036601
4 0.709191 0.464706 0.036029 0.030065
4 0.806985 0.362745 0.019853 0.030065
4 0.724632 0.439216 0.028676 0.036601
4 0.745956 0.423529 0.021324 0.028758
4 0.782353 0.402614 0.020588 0.033987
4 0.763235 0.411111 0.022059 0.040523
1 0.449632 0.449020 0.009559 0.043137
4 0.863971 0.302614 0.019118 0.016993
4 0.890074 0.313072 0.009559 0.011765
0 0.872794 0.282353 0.080882 0.028758
0 0.940809 0.277124 0.016912 0.015686
7 0.754779 0.342484 0.012500 0.020915
