4 0.610294 0.455556 0.091176 0.069281
4 0.266912 0.626797 0.088235 0.132026
5 0.135294 0.485621 0.139706 0.121569
4 0.223529 0.464052 0.083824 0.070588
4 0.411397 0.420261 0.059559 0.084967
2 0.013235 0.766013 0.023529 0.047059
7 0.097059 0.710458 0.063235 0.087582
1 0.156985 0.626797 0.019853 0.066667
3 0.172794 0.562092 0.042647 0.041830
7 0.133456 0.566667 0.047794 0.053595
10 0.022794 0.458824 0.017647 0.047059
10 0.209559 0.414379 0.027941 0.039216
3 0.220956 0.390850 0.013971 0.036601
7 0.236397 0.360131 0.041912 0.048366
10 0.244485 0.390196 0.022794 0.035294
0 0.265074 0.375817 0.028676 0.048366
2 0.288603 0.397386 0.013971 0.031373
1 0.261765 0.343137 0.007353 0.043137
1 0.272059 0.342484 0.008824 0.041830
1 0.233456 0.318954 0.009559 0.047059
1 0.342647 0.322222 0.014706 0.050980
1 0.354044 0.367974 0.008088 0.045752
1 0.361397 0.380392 0.005147 0.028758
2 0.359559 0.405882 0.013235 0.048366
10 0.355882 0.414379 0.014706 0.036601
4 0.352574 0.285621 0.059559 0.050980
5 0.370221 0.260784 0.055147 0.056209
4 0.384926 0.233987 0.056618 0.049673
1 0.400000 0.271895 0.008824 0.041830
4 0.417647 0.203268 0.052941 0.050980
4 0.436029 0.192810 0.054412 0.040523
4 0.445956 0.180392 0.050735 0.036601
4 0.461765 0.165359 0.055882 0.037908
4 0.492647 0.145098 0.047059 0.033987
1 0.392647 0.362745 0.008824 0.050980
2 0.404044 0.361438 0.015441 0.043137
10 0.402941 0.366013 0.016176 0.049673
2 0.413603 0.342484 0.012500 0.041830
3 0.411397 0.350980 0.015441 0.035294
3 0.430515 0.364052 0.009559 0.032680
2 0.430147 0.350980 0.010294 0.043137
4 0.487868 0.329412 0.047794 0.065359
4 0.507353 0.256209 0.036765 0.052288
4 0.538971 0.220915 0.033824 0.047059
4 0.539706 0.320915 0.048529 0.058824
4 0.565074 0.177778 0.034559 0.057516
1 0.501471 0.173203 0.007353 0.035294
1 0.512868 0.177124 0.006618 0.032680
2 0.545221 0.167974 0.008088 0.030065
10 0.545588 0.177778 0.007353 0.020915
10 0.515809 0.096732 0.015441 0.020915
1 0.524265 0.073856 0.004412 0.024837
1 0.536029 0.086275 0.002941 0.018301
1 0.539338 0.083660 0.005147 0.023529
1 0.547426 0.098039 0.005147 0.028758
1 0.551838 0.100000 0.003676 0.030065
10 0.551471 0.065359 0.016176 0.023529
10 0.575735 0.037255 0.011765 0.016993
5 0.581618 0.094118 0.020588 0.044444
5 0.587868 0.026144 0.028676 0.028758
4 0.609559 0.024183 0.025000 0.022222
4 0.615074 0.018954 0.027206 0.019608
4 0.632353 0.011765 0.023529 0.023529
4 0.627574 0.048366 0.019853 0.026144
4 0.626471 0.071242 0.020588 0.027451
1 0.614338 0.081699 0.005147 0.027451
4 0.591912 0.155556 0.025000 0.039216
4 0.609926 0.128758 0.022794 0.037908
5 0.604779 0.200000 0.027206 0.047059
7 0.598162 0.269935 0.016912 0.043137
2 0.597426 0.254248 0.009559 0.022222
10 0.626471 0.295425 0.022059 0.028758
2 0.626838 0.287582 0.012500 0.041830
2 0.634559 0.288235 0.008824 0.032680
1 0.575368 0.361438 0.009559 0.048366
7 0.544118 0.394118 0.023529 0.050980
2 0.547059 0.379085 0.011765 0.031373
4 0.658824 0.375817 0.075000 0.061438
4 0.634559 0.342484 0.080882 0.049673
4 0.665809 0.269935 0.062500 0.043137
4 0.672794 0.235294 0.057353 0.039216
4 0.700000 0.162092 0.038235 0.028758
4 0.715441 0.143137 0.036765 0.030065
4 0.750368 0.276471 0.033088 0.048366
3 0.759559 0.162745 0.017647 0.019608
10 0.801471 0.201307 0.010294 0.026144
4 0.871691 0.273856 0.036029 0.053595
1 0.903676 0.297386 0.013235 0.043137
1 0.905882 0.454902 0.013235 0.057516
5 0.957721 0.327451 0.084559 0.071895
1 0.957353 0.365359 0.011765 0.035294
1 0.088971 0.366013 0.013235 0.049673
3 0.792647 0.147059 0.004412 0.014379
3 0.759191 0.173203 0.006618 0.024837
2 0.140441 0.618954 0.023529 0.050980
10 0.816544 0.075817 0.015441 0.018301
0 0.817647 0.032026 0.023529 0.027451
4 0.678309 0.031373 0.012500 0.026144
0 0.659559 0.022222 0.008824 0.026144
