4 0.548800 0.074212 0.038100 0.109462
4 0.562109 0.191095 0.037578 0.107607
5 0.034708 0.737941 0.069415 0.073284
7 0.207203 0.579777 0.077244 0.079777
7 0.419102 0.198052 0.042797 0.052876
8 0.405271 0.230983 0.049582 0.061224
8 0.452766 0.275510 0.032881 0.076067
8 0.542276 0.401206 0.029228 0.099258
8 0.525052 0.504174 0.032359 0.080705
7 0.587683 0.256957 0.034447 0.077922
7 0.574113 0.331169 0.043841 0.040816
7 0.579854 0.384972 0.027140 0.059369
7 0.435543 0.476345 0.043319 0.062152
7 0.472599 0.510668 0.028706 0.069573
7 0.448591 0.613636 0.051670 0.058442
7 0.303236 0.662338 0.036534 0.072356
8 0.608559 0.652134 0.057411 0.063080
8 0.670668 0.916512 0.070981 0.165121
1 0.460073 0.485622 0.009916 0.038033
1 0.483820 0.455009 0.011482 0.036178
1 0.472860 0.447124 0.012526 0.035250
2 0.477818 0.494434 0.017223 0.029685
2 0.560021 0.567254 0.013570 0.036178
2 0.578027 0.574675 0.019311 0.032468
2 0.581942 0.615492 0.015658 0.025046
2 0.598382 0.599258 0.016180 0.024119
2 0.603079 0.585807 0.014092 0.025046
2 0.568894 0.542208 0.014614 0.038033
10 0.590292 0.301020 0.024008 0.034323
10 0.616910 0.368275 0.032359 0.029685
10 0.597860 0.431354 0.033925 0.027829
3 0.587944 0.461039 0.022443 0.035250
7 0.609081 0.460111 0.019833 0.063080
3 0.614040 0.548237 0.019311 0.050093
8 0.336900 0.620130 0.032881 0.115955
2 0.293319 0.672078 0.016701 0.032468
1 0.495564 0.685529 0.012004 0.035250
1 0.593685 0.721707 0.012004 0.040816
1 0.578810 0.712894 0.010438 0.036178
2 0.584812 0.677180 0.016180 0.025974
2 0.542537 0.749536 0.022443 0.037106
2 0.505219 0.857143 0.016701 0.031540
10 0.503914 0.859462 0.016180 0.062152
10 0.543319 0.751855 0.016701 0.065863
3 0.469990 0.452226 0.009916 0.054731
3 0.462944 0.595547 0.029228 0.024119
1 0.466597 0.640074 0.012526 0.029685
1 0.750261 0.405380 0.017223 0.020408
1 0.736169 0.391002 0.013048 0.025046
1 0.785230 0.909091 0.020355 0.031540
2 0.786013 0.968924 0.012526 0.023191
7 0.063935 0.553803 0.051670 0.040816
2 0.227818 0.991187 0.020355 0.015770
7 0.030793 0.923933 0.055324 0.048237
