4 0.193571 0.546190 0.038571 0.025714
4 0.612143 0.521429 0.031429 0.027619
4 0.494643 0.336190 0.010714 0.015238
6 0.476429 0.228571 0.008571 0.022857
4 0.469286 0.190476 0.005714 0.007619
6 0.350000 0.237619 0.014286 0.018095
3 0.485000 0.262381 0.005714 0.008571
0 0.458571 0.130476 0.011429 0.041905
4 0.385714 0.182381 0.012857 0.008571
4 0.382143 0.199048 0.011429 0.007619
4 0.429643 0.234762 0.015000 0.010476
4 0.428929 0.230952 0.015000 0.010476
3 0.461786 0.221429 0.003571 0.008571
3 0.462857 0.197619 0.002857 0.008571
