1 0.032857 0.295714 0.024286 0.037143
1 0.097500 0.208571 0.016429 0.034286
1 0.113929 0.035714 0.012143 0.025714
1 0.175000 0.069048 0.014286 0.027619
4 0.185714 0.094762 0.038571 0.044762
4 0.268214 0.096667 0.026429 0.040952
4 0.307857 0.164286 0.037143 0.065714
4 0.153214 0.308095 0.016429 0.035238
4 0.137143 0.317619 0.017143 0.039048
4 0.151071 0.229524 0.016429 0.038095
10 0.263571 0.367619 0.018571 0.032381
2 0.256786 0.345238 0.015000 0.025714
1 0.055714 0.236667 0.017143 0.037143
1 0.042857 0.238095 0.012857 0.040000
1 0.171786 0.520000 0.023571 0.041905
1 0.100357 0.640952 0.025000 0.051429
4 0.042857 0.631429 0.085714 0.087619
4 0.561786 0.796190 0.125000 0.226667
4 0.391071 0.369524 0.067857 0.095238
4 0.526786 0.234286 0.050714 0.062857
4 0.444643 0.119048 0.037857 0.040000
4 0.362143 0.069048 0.031429 0.040952
4 0.331071 0.034762 0.029286 0.037143
4 0.316786 0.010952 0.025000 0.021905
4 0.371429 0.011429 0.027143 0.022857
1 0.635000 0.093333 0.008571 0.038095
1 0.643214 0.091429 0.009286 0.032381
4 0.728214 0.027619 0.046429 0.032381
4 0.674643 0.168571 0.047857 0.047619
4 0.773929 0.048095 0.049286 0.035238
4 0.810357 0.099524 0.053571 0.037143
6 0.806786 0.159524 0.067857 0.042857
1 0.762143 0.170476 0.014286 0.045714
1 0.823929 0.244286 0.012143 0.046667
1 0.828214 0.190476 0.012143 0.030476
1 0.762143 0.301429 0.020000 0.035238
1 0.756429 0.283810 0.012857 0.030476
4 0.928571 0.259048 0.077143 0.051429
9 0.984643 0.214762 0.030714 0.061905
4 0.344286 0.783810 0.072857 0.152381
10 0.733571 0.421429 0.024286 0.035238
2 0.733571 0.401429 0.017143 0.050476
