4 0.106429 0.458571 0.212857 0.160952
4 0.316786 0.331429 0.167857 0.131429
4 0.773571 0.217619 0.150000 0.124762
4 0.259643 0.262857 0.177857 0.112381
4 0.297143 0.107619 0.138571 0.070476
4 0.086071 0.166667 0.162143 0.091429
4 0.067500 0.320000 0.135000 0.085714
4 0.075000 0.242857 0.150000 0.081905
4 0.255000 0.169524 0.124286 0.100952
5 0.119643 0.092857 0.137857 0.082857
2 0.134643 0.729524 0.053571 0.072381
2 0.472143 0.765714 0.052857 0.070476
2 0.576071 0.093333 0.016429 0.059048
2 0.656786 0.108571 0.022143 0.062857
2 0.707500 0.126190 0.019286 0.054286
2 0.797857 0.453333 0.028571 0.055238
2 0.782500 0.461429 0.040714 0.077143
1 0.595714 0.672857 0.032857 0.086667
1 0.524643 0.262381 0.027857 0.075238
1 0.523571 0.327619 0.024286 0.076190
1 0.559286 0.321429 0.020000 0.067619
1 0.639643 0.466667 0.017857 0.055238
1 0.654643 0.446190 0.030714 0.069524
3 0.370357 0.918571 0.107857 0.107619
3 0.151786 0.745714 0.087857 0.087619
3 0.576786 0.110476 0.033571 0.047619
3 0.654643 0.127619 0.040714 0.045714
10 0.705000 0.149048 0.032857 0.042857
