1 0.080357 0.970476 0.007857 0.024762
4 0.680357 0.781429 0.025000 0.018095
4 0.700357 0.776667 0.023571 0.021905
4 0.522857 0.642381 0.011429 0.012381
4 0.488929 0.575714 0.005000 0.006667
4 0.497500 0.586667 0.009286 0.005714
4 0.502500 0.583810 0.009286 0.005714
0 0.503929 0.574762 0.010714 0.016190
4 0.513929 0.571429 0.007857 0.005714
4 0.521071 0.567619 0.007857 0.005714
4 0.547500 0.565238 0.007857 0.004762
4 0.458929 0.588571 0.009286 0.007619
4 0.470000 0.586190 0.010000 0.006667
9 0.470357 0.581905 0.013571 0.009524
0 0.456786 0.563333 0.070714 0.020000
1 0.437500 0.571905 0.003571 0.006667
4 0.046071 0.608095 0.015000 0.010476
4 0.006071 0.598571 0.010714 0.006667
4 0.012500 0.597143 0.009286 0.007619
4 0.019643 0.596190 0.009286 0.009524
4 0.025357 0.594286 0.009286 0.007619
4 0.030000 0.593333 0.010000 0.007619
4 0.035714 0.592857 0.008571 0.006667
4 0.039286 0.590952 0.008571 0.006667
4 0.043571 0.589524 0.008571 0.007619
4 0.048214 0.589524 0.009286 0.007619
0 0.100000 0.585238 0.090000 0.025714
4 0.935357 0.982381 0.040714 0.033333
