4 0.596500 0.750000 0.031000 0.049333
7 0.340500 0.820333 0.020000 0.055333
4 0.478750 0.743000 0.053500 0.031333
4 0.479750 0.718000 0.052500 0.028000
4 0.479000 0.696333 0.047000 0.024667
4 0.483000 0.674333 0.045000 0.026000
4 0.484250 0.652000 0.048500 0.029333
4 0.481250 0.634333 0.042500 0.022000
4 0.482250 0.619000 0.043500 0.023333
4 0.480000 0.602333 0.040000 0.022000
4 0.482250 0.588333 0.036500 0.020667
4 0.477000 0.575333 0.043000 0.022667
5 0.480000 0.556333 0.039000 0.023333
4 0.359500 0.653667 0.046000 0.030000
4 0.361750 0.629333 0.046500 0.024000
4 0.364000 0.611667 0.047000 0.024667
4 0.368500 0.594667 0.041000 0.021333
4 0.367250 0.582333 0.043500 0.022000
4 0.372500 0.569667 0.042000 0.022000
4 0.374250 0.552333 0.040500 0.022000
4 0.375750 0.539000 0.037500 0.019333
4 0.380750 0.528667 0.035500 0.017333
4 0.383500 0.518000 0.036000 0.022667
4 0.385750 0.505333 0.031500 0.017333
4 0.389250 0.495333 0.035500 0.020000
4 0.390750 0.484333 0.033500 0.016667
4 0.390500 0.474000 0.034000 0.014667
4 0.480750 0.535333 0.034500 0.021333
4 0.481000 0.523000 0.037000 0.019333
4 0.479250 0.511333 0.035500 0.017333
4 0.479500 0.491333 0.033000 0.021333
4 0.479000 0.480667 0.034000 0.017333
4 0.480250 0.470667 0.027500 0.016000
5 0.480000 0.459667 0.031000 0.020667
4 0.475000 0.452000 0.030000 0.016000
1 0.416750 0.456000 0.005500 0.014667
4 0.394500 0.434333 0.016000 0.023333
1 0.448750 0.588667 0.006500 0.018667
4 0.540750 0.742667 0.053500 0.032000
4 0.538500 0.716000 0.051000 0.029333
4 0.533500 0.675000 0.045000 0.030000
4 0.534000 0.656000 0.047000 0.026667
4 0.532750 0.635000 0.042500 0.022000
4 0.530500 0.619000 0.042000 0.022000
4 0.523250 0.603333 0.038500 0.022667
4 0.524500 0.589333 0.044000 0.022667
5 0.527250 0.571667 0.042500 0.027333
4 0.526250 0.559333 0.040500 0.018667
4 0.525250 0.546000 0.036500 0.020000
4 0.523750 0.533333 0.037500 0.020000
4 0.518750 0.522667 0.031500 0.020000
4 0.519750 0.512000 0.037500 0.020000
4 0.519000 0.500333 0.035000 0.018000
4 0.522000 0.491000 0.032000 0.018000
4 0.520250 0.480000 0.033500 0.016000
5 0.515750 0.470000 0.037500 0.020000
4 0.518500 0.461333 0.034000 0.017333
4 0.515250 0.451667 0.027500 0.016667
4 0.522500 0.432333 0.013000 0.018000
4 0.614000 0.632000 0.032000 0.044000
5 0.636750 0.717000 0.031500 0.059333
1 0.623250 0.716667 0.006500 0.022667
4 0.655750 0.674333 0.051500 0.028667
4 0.644000 0.618000 0.044000 0.024000
4 0.638000 0.604000 0.037000 0.020000
4 0.635500 0.589667 0.041000 0.019333
4 0.629750 0.573333 0.037500 0.021333
4 0.625250 0.560333 0.036500 0.019333
4 0.628500 0.544667 0.037000 0.018667
4 0.627500 0.534000 0.033000 0.014667
5 0.621750 0.522000 0.034500 0.022667
4 0.616000 0.512333 0.033000 0.019333
4 0.612000 0.501000 0.032000 0.018000
4 0.605750 0.490333 0.026500 0.018000
4 0.600000 0.472000 0.033000 0.018667
4 0.597500 0.462667 0.029000 0.014667
4 0.593500 0.451333 0.030000 0.016000
4 0.576750 0.442333 0.023500 0.020667
4 0.561000 0.427000 0.013000 0.023333
4 0.535500 0.399667 0.029000 0.015333
4 0.733500 0.406333 0.028000 0.015333
1 0.738750 0.398667 0.003500 0.008000
1 0.735500 0.397333 0.004000 0.009333
1 0.734000 0.395333 0.004000 0.009333
1 0.809000 0.240667 0.006000 0.016000
1 0.800750 0.235667 0.008500 0.018000
10 0.324750 0.680333 0.016500 0.014000
2 0.323750 0.675333 0.009500 0.018667
0 0.144250 0.505333 0.091500 0.084000
1 0.169000 0.461333 0.007000 0.014667
1 0.155500 0.459333 0.007000 0.013333
1 0.159250 0.459000 0.004500 0.015333
1 0.005750 0.603000 0.007500 0.022000
0 0.044250 0.621333 0.067500 0.073333
4 0.487500 0.399000 0.028000 0.018000
4 0.423500 0.406000 0.027000 0.018667
