4 0.578571 0.949239 0.031429 0.098985
4 0.755714 0.957487 0.031429 0.082487
9 0.479286 0.744289 0.048571 0.123096
4 0.475714 0.520939 0.027143 0.052030
5 0.445000 0.460025 0.030000 0.046954
4 0.414286 0.411802 0.024286 0.039340
9 0.553929 0.493655 0.023571 0.091371
9 0.553571 0.493655 0.024286 0.091371
4 0.593214 0.424492 0.019286 0.046954
9 0.560714 0.415609 0.027143 0.079949
9 0.576071 0.271574 0.080714 0.076142
5 0.660357 0.265863 0.030714 0.036802
9 0.727857 0.491751 0.027143 0.095178
4 0.758571 0.508883 0.021429 0.063452
