7 0.056106 0.514378 0.039144 0.045455
1 0.438152 0.858534 0.032881 0.188312
1 0.392745 0.629406 0.019311 0.121521
1 0.353079 0.654917 0.018267 0.116883
1 0.373434 0.579314 0.039144 0.086271
1 0.406576 0.612245 0.025052 0.105751
1 0.515919 0.524119 0.026618 0.081633
1 0.500261 0.512059 0.013048 0.079777
1 0.462161 0.408163 0.015136 0.055659
1 0.447808 0.410019 0.014614 0.051948
1 0.387265 0.445269 0.010438 0.051948
1 0.394050 0.419759 0.011482 0.058442
1 0.589248 0.331169 0.003132 0.014842
1 0.586378 0.331633 0.002610 0.013915
2 0.699113 0.400742 0.006785 0.016698
1 0.889875 0.371058 0.005219 0.018553
1 0.912317 0.370594 0.004175 0.017625
1 0.931367 0.373840 0.003653 0.018553
1 0.956942 0.373377 0.003653 0.019481
1 0.964509 0.375696 0.003132 0.012987
1 0.829332 0.316327 0.002088 0.011132
1 0.827244 0.316327 0.002088 0.012987
1 0.836378 0.314935 0.002610 0.010204
1 0.834290 0.314935 0.002610 0.012059
1 0.876827 0.313080 0.002088 0.010204
1 0.632829 0.327458 0.002610 0.012987
1 0.635177 0.323748 0.002088 0.012987
1 0.627610 0.327922 0.003653 0.012059
1 0.623956 0.327922 0.001566 0.010204
1 0.566545 0.333952 0.003653 0.012987
1 0.581159 0.333488 0.002610 0.008349
1 0.555063 0.336271 0.002610 0.013915
1 0.552975 0.334879 0.002610 0.014842
1 0.188674 0.303803 0.003653 0.019481
1 0.191023 0.305195 0.003132 0.020408
