4 0.376044 0.880334 0.045407 0.148423
4 0.330898 0.745362 0.039666 0.112245
5 0.341858 0.612245 0.031315 0.087199
4 0.405793 0.615028 0.041232 0.092764
7 0.265658 0.723562 0.051148 0.059369
4 0.401357 0.487013 0.030271 0.072356
4 0.414927 0.372449 0.019833 0.056586
4 0.421712 0.291744 0.018789 0.034323
4 0.395094 0.293135 0.018789 0.037106
5 0.384134 0.320501 0.026096 0.064007
6 0.482777 0.116883 0.018789 0.066790
4 0.468424 0.046846 0.009916 0.019481
4 0.463987 0.019017 0.006263 0.013915
10 0.649008 0.701763 0.022443 0.054731
2 0.628392 0.520872 0.012526 0.028757
2 0.659447 0.555195 0.014092 0.032468
2 0.782098 0.877551 0.019311 0.038961
2 0.712683 0.626160 0.013048 0.035250
10 0.782098 0.884508 0.024530 0.067718
10 0.713987 0.627551 0.014614 0.043599
10 0.659447 0.561224 0.014092 0.040816
1 0.699635 0.621521 0.010960 0.046382
5 0.753914 0.526902 0.060021 0.051948
4 0.767745 0.414193 0.054280 0.041744
4 0.805324 0.467996 0.068894 0.054731
5 0.700939 0.284323 0.032359 0.032468
5 0.763048 0.272263 0.035491 0.032468
4 0.732255 0.257421 0.033403 0.026902
2 0.749217 0.255102 0.006785 0.022263
4 0.695981 0.247217 0.037056 0.030612
4 0.708768 0.235158 0.034447 0.023191
8 0.729645 0.206401 0.020877 0.026902
8 0.699113 0.204082 0.022443 0.029685
4 0.673278 0.192950 0.015658 0.025974
8 0.693372 0.188776 0.012004 0.025046
8 0.705115 0.187848 0.012526 0.030612
8 0.721033 0.192022 0.022443 0.027829
8 0.716858 0.183673 0.017223 0.025974
8 0.660752 0.129870 0.013570 0.022263
4 0.651879 0.124304 0.025052 0.018553
5 0.641180 0.111317 0.026618 0.024119
4 0.635177 0.107607 0.020877 0.018553
4 0.634656 0.098794 0.017745 0.013915
1 0.629436 0.104360 0.006263 0.015770
4 0.607516 0.099258 0.022965 0.014842
2 0.585856 0.114100 0.003653 0.009276
10 0.585856 0.115028 0.003653 0.011132
8 0.588727 0.125232 0.008351 0.020408
5 0.606211 0.047310 0.014092 0.014842
5 0.590031 0.050557 0.014092 0.015770
4 0.581420 0.048701 0.012526 0.017625
4 0.472860 0.004638 0.006263 0.009276
5 0.602296 0.047310 0.014614 0.016698
5 0.598904 0.042672 0.012004 0.014842
5 0.587161 0.042208 0.013570 0.013915
4 0.589248 0.038961 0.013570 0.014842
1 0.578549 0.038497 0.002610 0.010204
4 0.574896 0.038033 0.015136 0.012987
4 0.586639 0.028757 0.016701 0.011132
5 0.584290 0.018089 0.012004 0.012059
4 0.575157 0.032468 0.011482 0.009276
0 0.570981 0.025510 0.013570 0.015770
5 0.572547 0.018553 0.011482 0.012987
4 0.573591 0.010668 0.012526 0.012059
5 0.570198 0.006030 0.009916 0.010204
