2 0.304643 0.010476 0.005000 0.013333
2 0.294643 0.117143 0.009286 0.015238
1 0.265714 0.177619 0.007143 0.021905
2 0.266071 0.212857 0.007857 0.012381
2 0.237143 0.450476 0.011429 0.009524
2 0.337500 0.530476 0.010714 0.009524
2 0.337857 0.539048 0.012857 0.011429
2 0.337500 0.597619 0.010714 0.014286
2 0.185000 0.612381 0.012857 0.013333
2 0.198214 0.706190 0.012143 0.012381
1 0.347143 0.792381 0.010000 0.013333
1 0.390714 0.825714 0.007143 0.015238
1 0.400714 0.835714 0.005714 0.014286
2 0.184643 0.920952 0.012143 0.015238
1 0.043571 0.696667 0.014286 0.014286
1 0.045000 0.593810 0.014286 0.018095
1 0.137500 0.362857 0.012143 0.019048
1 0.146429 0.349524 0.008571 0.019048
10 0.304643 0.015714 0.010714 0.020000
3 0.295000 0.123333 0.008571 0.023810
3 0.265714 0.219524 0.007143 0.021905
8 0.232500 0.312381 0.013571 0.030476
10 0.238214 0.458095 0.010714 0.030476
3 0.185000 0.615714 0.012857 0.025714
10 0.200357 0.709524 0.012143 0.032381
10 0.188929 0.922381 0.013571 0.042857
10 0.336429 0.601905 0.010000 0.034286
10 0.338214 0.536667 0.010714 0.031429
4 0.281071 0.672381 0.030714 0.081905
10 0.431071 0.802381 0.027857 0.021905
10 0.507857 0.864286 0.028571 0.016190
10 0.444643 0.881429 0.026429 0.014286
4 0.413571 0.862857 0.065714 0.062857
10 0.480000 0.911429 0.015714 0.022857
10 0.460000 0.929524 0.024286 0.017143
10 0.454286 0.949524 0.022857 0.017143
10 0.431786 0.935238 0.019286 0.024762
10 0.426429 0.895238 0.024286 0.009524
10 0.418929 0.906190 0.019286 0.012381
10 0.412857 0.941429 0.024286 0.014286
10 0.432857 0.959524 0.022857 0.021905
10 0.445714 0.987619 0.024286 0.011429
10 0.422143 0.978095 0.027143 0.011429
10 0.410357 0.966190 0.023571 0.012381
3 0.387500 0.940952 0.023571 0.017143
10 0.391786 0.954286 0.026429 0.011429
3 0.386786 0.967619 0.026429 0.017143
10 0.393214 0.981905 0.026429 0.011429
10 0.418571 0.991429 0.027143 0.011429
3 0.407143 0.714286 0.021429 0.007619
3 0.407500 0.704762 0.020714 0.009524
4 0.395357 0.465714 0.026429 0.055238
4 0.160714 0.592381 0.034286 0.074286
4 0.178929 0.514286 0.030714 0.066667
8 0.367857 0.198571 0.017143 0.044762
5 0.406429 0.271905 0.020000 0.050476
4 0.411786 0.169524 0.020714 0.043810
0 0.501429 0.548095 0.121429 0.406667
0 0.383571 0.638095 0.031429 0.266667
0 0.191071 0.382857 0.057857 0.173333
0 0.230714 0.190952 0.058571 0.202857
0 0.440000 0.194762 0.055714 0.218095
0 0.102143 0.699048 0.074286 0.251429
0 0.407857 0.416190 0.055714 0.036190
0 0.424643 0.450000 0.027857 0.027619
10 0.421429 0.542381 0.028571 0.021905
0 0.143571 0.510000 0.037143 0.077143
