4 0.683929 0.442857 0.033571 0.085714
4 0.638214 0.447143 0.035000 0.082857
4 0.385357 0.880952 0.105000 0.081905
6 0.202857 0.800476 0.140000 0.107619
4 0.050357 0.963810 0.100714 0.072381
4 0.450714 0.982381 0.104286 0.035238
4 0.710000 0.976190 0.101429 0.047619
1 0.315000 0.527143 0.011429 0.023810
1 0.428214 0.569524 0.007857 0.020952
1 0.523929 0.445714 0.007857 0.026667
4 0.611429 0.050476 0.044286 0.036190
1 0.717500 0.599048 0.015000 0.024762
1 0.881429 0.016667 0.008571 0.021905
1 0.885714 0.150952 0.010000 0.023810
1 0.894643 0.152857 0.007857 0.020000
1 0.902857 0.160000 0.005714 0.015238
1 0.908929 0.148095 0.005000 0.012381
1 0.914643 0.210476 0.007857 0.020952
1 0.919643 0.173333 0.007857 0.013333
1 0.880000 0.125714 0.007143 0.024762
1 0.882500 0.084762 0.006429 0.020952
1 0.874286 0.084286 0.005714 0.020000
