7 0.325357 0.545238 0.035000 0.027619
2 0.325000 0.533333 0.015714 0.030476
1 0.400714 0.434762 0.007143 0.021905
1 0.422143 0.429524 0.008571 0.024762
1 0.420000 0.411429 0.007143 0.022857
2 0.403214 0.461429 0.006429 0.018095
3 0.403214 0.469048 0.012143 0.016190
1 0.414643 0.488095 0.010714 0.029524
1 0.632857 0.315714 0.008571 0.021905
1 0.742857 0.555238 0.008571 0.041905
1 0.757500 0.562857 0.015000 0.038095
1 0.833571 0.513810 0.011429 0.033333
1 0.836071 0.464286 0.009286 0.031429
2 0.740357 0.464762 0.009286 0.020952
3 0.738571 0.473333 0.015714 0.019048
1 0.741071 0.360476 0.009286 0.020000
1 0.730000 0.353810 0.007143 0.023810
4 0.655357 0.319524 0.013571 0.020000
4 0.631071 0.281429 0.013571 0.016190
4 0.742143 0.300000 0.014286 0.015238
4 0.736429 0.292381 0.015714 0.017143
4 0.725357 0.281905 0.015000 0.019048
4 0.586786 0.496190 0.030714 0.038095
4 0.548214 0.491905 0.026429 0.042857
4 0.506071 0.482857 0.027857 0.049524
4 0.588214 0.460952 0.030714 0.036190
4 0.548571 0.454286 0.028571 0.040000
5 0.513214 0.433333 0.027857 0.043810
9 0.464643 0.466190 0.049286 0.111429
4 0.483214 0.410952 0.023571 0.025714
4 0.489643 0.392857 0.017857 0.027619
4 0.500000 0.336190 0.017143 0.024762
4 0.520357 0.404286 0.022143 0.023810
4 0.548571 0.422857 0.022857 0.030476
4 0.581786 0.432857 0.020714 0.031429
4 0.580714 0.406190 0.021429 0.023810
4 0.576071 0.391429 0.022143 0.026667
4 0.549286 0.396667 0.022857 0.031429
4 0.520000 0.380952 0.021429 0.028571
4 0.521071 0.366190 0.016429 0.025714
4 0.573214 0.373810 0.019286 0.023810
4 0.547143 0.375238 0.018571 0.020952
4 0.546071 0.358571 0.017857 0.023810
4 0.573571 0.360476 0.020000 0.023810
4 0.571071 0.342857 0.016429 0.024762
4 0.569643 0.331905 0.020714 0.027619
4 0.547143 0.334286 0.021429 0.024762
4 0.518929 0.348095 0.013571 0.023810
4 0.547500 0.342857 0.016429 0.017143
4 0.526786 0.335238 0.016429 0.015238
4 0.546429 0.320476 0.012857 0.014286
4 0.525357 0.321429 0.013571 0.016190
4 0.543929 0.308571 0.013571 0.017143
4 0.543214 0.296667 0.013571 0.014286
4 0.545357 0.287619 0.013571 0.015238
4 0.567857 0.313333 0.012857 0.015238
4 0.565357 0.299524 0.012143 0.016190
4 0.562143 0.286667 0.011429 0.015238
4 0.561071 0.277619 0.010714 0.014286
4 0.512143 0.290476 0.020000 0.026667
9 0.528214 0.234762 0.016429 0.025714
4 0.550000 0.237143 0.008571 0.011429
4 0.565714 0.225238 0.005714 0.010476
4 0.574643 0.225238 0.007857 0.006667
4 0.590357 0.230000 0.009286 0.010476
4 0.586429 0.220476 0.008571 0.010476
4 0.573214 0.219048 0.007857 0.007619
4 0.586071 0.211905 0.007857 0.010476
4 0.565714 0.212381 0.008571 0.007619
4 0.570714 0.206190 0.005714 0.008571
4 0.560000 0.207143 0.008571 0.006667
4 0.548929 0.210000 0.010714 0.008571
4 0.548214 0.202381 0.010714 0.008571
4 0.556786 0.191429 0.005000 0.005714
4 0.563571 0.190476 0.004286 0.005714
4 0.560000 0.187619 0.005714 0.003810
4 0.553571 0.182857 0.005714 0.007619
4 0.542143 0.185714 0.007143 0.009524
0 0.545357 0.165714 0.022143 0.030476
4 0.528571 0.199048 0.007143 0.009524
9 0.578214 0.199048 0.009286 0.011429
1 0.863929 0.540952 0.009286 0.028571
1 0.875357 0.540476 0.010714 0.033333
2 0.944643 0.772381 0.015000 0.034286
10 0.942500 0.781905 0.029286 0.045714
1 0.947500 0.580000 0.009286 0.034286
3 0.806429 0.494286 0.025714 0.015238
4 0.559643 0.268095 0.009286 0.014286
1 0.559643 0.257619 0.005000 0.012381
4 0.617500 0.255238 0.007857 0.013333
4 0.611786 0.251429 0.007857 0.007619
4 0.611429 0.248571 0.008571 0.009524
4 0.607143 0.242857 0.008571 0.009524
4 0.602857 0.237143 0.005714 0.007619
4 0.600714 0.232857 0.007143 0.006667
4 0.598571 0.229048 0.007143 0.006667
4 0.596071 0.225238 0.007857 0.006667
4 0.595357 0.222857 0.006429 0.007619
4 0.595000 0.219048 0.007143 0.007619
