0 0.504000 0.312333 0.030000 0.011333
0 0.486750 0.364333 0.036500 0.014000
0 0.451750 0.325333 0.042500 0.014667
0 0.621000 0.389667 0.025000 0.018000
0 0.862750 0.365667 0.035500 0.010000
0 0.946250 0.355667 0.066500 0.020667
4 0.307250 0.368667 0.008500 0.009333
4 0.446000 0.365000 0.003000 0.006000
2 0.446250 0.362667 0.002500 0.008000
3 0.460750 0.814333 0.010500 0.031333
3 0.484000 0.805667 0.011000 0.031333
2 0.460750 0.800333 0.010500 0.036667
2 0.483750 0.790000 0.011500 0.033333
10 0.064750 0.575333 0.019500 0.014667
2 0.065500 0.568333 0.008000 0.018000
2 0.072000 0.570000 0.006000 0.014667
5 0.219750 0.487000 0.027500 0.024667
4 0.255250 0.456667 0.016500 0.024000
5 0.274000 0.456333 0.015000 0.020667
5 0.290750 0.454000 0.012500 0.022667
4 0.312000 0.470000 0.022000 0.020000
4 0.293500 0.489000 0.029000 0.020667
4 0.399750 0.471000 0.021500 0.018000
4 0.429750 0.487667 0.029500 0.020667
4 0.452500 0.467000 0.029000 0.019333
4 0.469500 0.462667 0.025000 0.017333
5 0.533500 0.494333 0.032000 0.023333
4 0.620750 0.489000 0.035500 0.019333
6 0.732750 0.475667 0.087500 0.043333
4 0.954750 0.543000 0.048500 0.026000
4 0.937250 0.548333 0.050500 0.026000
4 0.716750 0.550667 0.026500 0.025333
4 0.326500 0.616000 0.037000 0.032000
4 0.218000 0.622333 0.052000 0.035333
1 0.342000 0.427333 0.003000 0.010667
1 0.335750 0.432000 0.003500 0.012000
0 0.720500 0.275667 0.247000 0.178000
4 0.978250 0.918000 0.043500 0.072000
