4 0.705000 0.824873 0.045714 0.043147
4 0.759286 0.821701 0.041429 0.039340
4 0.820000 0.817259 0.045714 0.043147
6 0.848571 0.717640 0.102857 0.067259
9 0.719286 0.725254 0.108571 0.074873
4 0.681429 0.786802 0.041429 0.032995
6 0.263929 0.583756 0.067857 0.045685
9 0.537500 0.374365 0.019286 0.071066
9 0.530357 0.297589 0.017857 0.067259
6 0.488214 0.251904 0.019286 0.067259
4 0.559286 0.399746 0.015714 0.045685
4 0.553571 0.350254 0.015714 0.032995
4 0.548929 0.293782 0.013571 0.039340
4 0.545714 0.241751 0.014286 0.041878
4 0.526786 0.241117 0.012143 0.040609
4 0.539643 0.196066 0.015000 0.041878
4 0.532857 0.126269 0.014286 0.039340
