4 0.485714 0.790000 0.037143 0.071429
4 0.438571 0.751905 0.038571 0.080952
4 0.422143 0.659048 0.028571 0.060952
4 0.404643 0.597143 0.025000 0.051429
4 0.360000 0.524762 0.021429 0.045714
4 0.262857 0.052857 0.008571 0.012381
4 0.253214 0.065714 0.007857 0.013333
4 0.256429 0.099524 0.008571 0.010476
4 0.271071 0.109048 0.010714 0.014286
4 0.256786 0.117143 0.010714 0.013333
4 0.258929 0.175714 0.012143 0.018095
4 0.277500 0.180000 0.012143 0.017143
4 0.295357 0.178571 0.010714 0.016190
4 0.291786 0.160476 0.010714 0.018095
4 0.277143 0.162857 0.011429 0.015238
10 0.314286 0.036667 0.002857 0.008571
10 0.218571 0.199524 0.007143 0.006667
4 0.107143 0.289524 0.027143 0.020952
4 0.174286 0.455238 0.025714 0.043810
4 0.072143 0.385238 0.028571 0.037143
4 0.107500 0.406190 0.033571 0.035238
5 0.092500 0.462381 0.029286 0.044762
4 0.333214 0.367143 0.016429 0.029524
4 0.336071 0.399048 0.017857 0.032381
4 0.343214 0.437143 0.019286 0.041905
4 0.351071 0.479524 0.022143 0.040952
4 0.358214 0.364762 0.017857 0.028571
4 0.221071 0.610000 0.025000 0.065714
10 0.102500 0.574762 0.022143 0.023810
10 0.141429 0.515714 0.025714 0.016190
10 0.065714 0.556667 0.022857 0.018095
10 0.071071 0.493333 0.015000 0.013333
0 0.089286 0.520952 0.062857 0.057143
1 0.143214 0.648571 0.009286 0.026667
0 0.106786 0.709524 0.065000 0.038095
4 0.434643 0.566190 0.026429 0.052381
4 0.398214 0.545714 0.023571 0.047619
4 0.421786 0.509048 0.025000 0.040952
4 0.440714 0.471429 0.025714 0.036190
4 0.408571 0.468095 0.021429 0.040952
4 0.385357 0.487143 0.022143 0.044762
4 0.373929 0.439524 0.022143 0.039048
4 0.397500 0.430476 0.022143 0.036190
4 0.388214 0.394762 0.022143 0.033333
4 0.364286 0.399524 0.020000 0.033333
4 0.380000 0.355714 0.017143 0.029524
10 0.416429 0.351429 0.007143 0.019048
10 0.432857 0.357143 0.004286 0.017143
10 0.416786 0.308571 0.005000 0.013333
10 0.406071 0.317143 0.005000 0.009524
4 0.473571 0.224286 0.025714 0.016190
4 0.470357 0.216667 0.027857 0.016190
4 0.512857 0.217143 0.027143 0.017143
1 0.440357 0.180952 0.003571 0.013333
1 0.420714 0.183333 0.004286 0.014286
10 0.534643 0.449524 0.006429 0.015238
4 0.688929 0.680952 0.042143 0.072381
2 0.314643 0.034762 0.002143 0.004762
2 0.218571 0.198095 0.004286 0.005714
2 0.416786 0.304286 0.003571 0.008571
2 0.406071 0.315238 0.003571 0.007619
2 0.416786 0.346190 0.005000 0.012381
2 0.433929 0.354286 0.005000 0.011429
