6 0.272143 0.566190 0.098571 0.080952
6 0.327500 0.524762 0.116429 0.072381
6 0.289286 0.895238 0.201429 0.177143
4 0.462500 0.566190 0.083571 0.067619
4 0.403929 0.745238 0.115000 0.084762
4 0.185714 0.443810 0.071429 0.051429
4 0.101429 0.369524 0.065714 0.043810
4 0.272500 0.467619 0.070714 0.051429
4 0.532143 0.455714 0.072857 0.042857
4 0.545000 0.492381 0.077143 0.047619
4 0.516071 0.541905 0.090714 0.060952
4 0.377500 0.490000 0.082143 0.056190
4 0.188571 0.410476 0.070000 0.043810
4 0.126786 0.349524 0.052143 0.036190
4 0.089286 0.419048 0.080000 0.049524
4 0.031071 0.392857 0.062143 0.046667
4 0.050000 0.442857 0.080000 0.055238
4 0.323929 0.409524 0.056429 0.040000
10 0.198929 0.367619 0.030714 0.026667
10 0.629286 0.452381 0.021429 0.036190
10 0.343214 0.385714 0.015000 0.026667
1 0.525714 0.407619 0.014286 0.032381
1 0.746429 0.466190 0.011429 0.029524
1 0.673571 0.375714 0.011429 0.029524
1 0.873214 0.493810 0.019286 0.039048
1 0.774643 0.448571 0.013571 0.030476
1 0.785000 0.823810 0.024286 0.057143
2 0.723214 0.700952 0.019286 0.043810
3 0.721429 0.702381 0.045714 0.025714
4 0.036071 0.884286 0.072143 0.101905
4 0.806786 0.457619 0.032143 0.058095
4 0.928929 0.551429 0.045000 0.076190
4 0.878571 0.350000 0.028571 0.046667
4 0.836429 0.331429 0.024286 0.043810
4 0.867857 0.227619 0.022857 0.032381
4 0.920000 0.184762 0.015714 0.020952
4 0.854643 0.115714 0.009286 0.014286
4 0.736071 0.321905 0.027857 0.036190
4 0.733929 0.302381 0.022143 0.031429
4 0.742500 0.268571 0.023571 0.028571
1 0.360714 0.371905 0.007143 0.037143
1 0.295357 0.358095 0.010714 0.034286
1 0.755000 0.423333 0.010000 0.029524
1 0.684643 0.356667 0.009286 0.023810
1 0.696429 0.350952 0.007143 0.025714
1 0.705000 0.277143 0.005714 0.020952
1 0.711071 0.277619 0.006429 0.020000
1 0.710714 0.267143 0.005714 0.021905
1 0.736429 0.207143 0.005714 0.016190
1 0.724286 0.192857 0.005714 0.016190
1 0.752857 0.143333 0.002857 0.010476
1 0.750714 0.133333 0.004286 0.015238
1 0.748571 0.162381 0.004286 0.014286
4 0.760357 0.156190 0.015000 0.015238
4 0.763214 0.145714 0.010714 0.013333
4 0.764643 0.140476 0.010714 0.014286
4 0.760357 0.134286 0.010714 0.013333
4 0.764286 0.127143 0.010000 0.014286
4 0.765714 0.119048 0.010000 0.013333
4 0.782143 0.120952 0.010000 0.013333
4 0.745000 0.114762 0.010000 0.016190
0 0.806786 0.111429 0.015000 0.055238
1 0.887857 0.128095 0.005714 0.012381
1 0.870714 0.099048 0.004286 0.011429
1 0.880714 0.119524 0.004286 0.010476
4 0.918571 0.119048 0.015714 0.020952
4 0.989643 0.188095 0.020714 0.018095
0 0.811786 0.044286 0.037857 0.027619
4 0.047500 0.688095 0.095000 0.100000
3 0.036429 0.326190 0.020000 0.016190
3 0.259643 0.388571 0.026429 0.030476
4 0.392857 0.810000 0.118571 0.107619
3 0.725000 0.357143 0.020000 0.022857
2 0.534286 0.766190 0.020000 0.040952
7 0.556786 0.786667 0.090714 0.051429
7 0.735357 0.384286 0.037857 0.031429
1 0.713929 0.227619 0.005000 0.020952
1 0.982500 0.949048 0.022143 0.067619
1 0.572143 0.963333 0.030000 0.067619
