4 0.281071 0.212857 0.022143 0.018095
4 0.245357 0.870000 0.055000 0.100000
1 0.096786 0.719524 0.005000 0.016190
1 0.102500 0.717619 0.006429 0.018095
1 0.110357 0.720476 0.005000 0.012381
4 0.528214 0.816190 0.040714 0.091429
4 0.540714 0.718571 0.032857 0.075238
4 0.558214 0.638095 0.032143 0.062857
4 0.465357 0.627619 0.029286 0.064762
4 0.500357 0.528095 0.025000 0.050476
4 0.565714 0.572381 0.025714 0.047619
4 0.575714 0.505714 0.024286 0.040000
5 0.544286 0.488571 0.021429 0.038095
4 0.552143 0.440000 0.020000 0.036190
4 0.583929 0.444762 0.019286 0.038095
4 0.591071 0.202381 0.013571 0.016190
10 0.531071 0.220000 0.005000 0.015238
10 0.522857 0.228095 0.004286 0.010476
10 0.511071 0.220476 0.003571 0.010476
10 0.501071 0.286190 0.009286 0.016190
4 0.615714 0.098571 0.010000 0.016190
4 0.610000 0.119524 0.010000 0.014286
4 0.596429 0.183333 0.011429 0.016190
4 0.589286 0.219524 0.012857 0.020000
4 0.713929 0.004286 0.010714 0.008571
1 0.742500 0.411905 0.003571 0.018095
1 0.736786 0.412381 0.005000 0.017143
5 0.614643 0.454762 0.019286 0.040952
4 0.597857 0.638571 0.030000 0.067619
1 0.825000 0.445238 0.005714 0.020000
1 0.761429 0.396667 0.005714 0.014286
4 0.818571 0.330000 0.041429 0.021905
1 0.756429 0.199048 0.002857 0.011429
1 0.754643 0.238095 0.003571 0.009524
1 0.751786 0.197619 0.003571 0.010476
1 0.767857 0.259524 0.004286 0.012381
10 0.778571 0.294762 0.011429 0.012381
10 0.771429 0.286667 0.010000 0.009524
0 0.745714 0.106667 0.027143 0.072381
10 0.780000 0.260476 0.007143 0.014286
2 0.780357 0.257143 0.006429 0.007619
2 0.780357 0.290952 0.006429 0.010476
2 0.772500 0.285714 0.007857 0.011429
2 0.531429 0.216190 0.005714 0.007619
2 0.511071 0.218571 0.003571 0.010476
2 0.523929 0.226190 0.005000 0.012381
2 0.501786 0.285238 0.005000 0.008571
