10 0.878929 0.930476 0.067857 0.060952
3 0.848571 0.885238 0.061429 0.046667
5 0.078214 0.856667 0.155000 0.286667
6 0.446786 0.712857 0.097857 0.332381
6 0.478571 0.931905 0.100000 0.134286
4 0.138571 0.558571 0.092857 0.159048
4 0.366786 0.501429 0.056429 0.136190
4 0.429286 0.390000 0.052857 0.117143
5 0.195714 0.390000 0.070000 0.120952
4 0.429643 0.277143 0.046429 0.093333
5 0.508929 0.305714 0.053571 0.091429
5 0.512143 0.210000 0.044286 0.094286
4 0.217857 0.231429 0.047143 0.089524
4 0.245714 0.159524 0.047143 0.073333
4 0.460714 0.078571 0.035714 0.061905
5 0.421429 0.176190 0.030000 0.068571
6 0.422500 0.093333 0.042143 0.123810
5 0.248929 0.083333 0.035000 0.056190
4 0.268214 0.017143 0.030714 0.034286
4 0.300714 0.040000 0.032857 0.051429
5 0.531071 0.037619 0.067857 0.048571
1 0.437857 0.022381 0.008571 0.031429
1 0.441071 0.210000 0.013571 0.040952
10 0.532857 0.577619 0.067143 0.040952
8 0.525357 0.533810 0.080714 0.060000
2 0.559643 0.542857 0.019286 0.045714
1 0.501786 0.402857 0.015000 0.040000
1 0.536786 0.389524 0.010714 0.053333
1 0.551071 0.270952 0.012143 0.054286
1 0.606429 0.296190 0.014286 0.047619
1 0.590357 0.283333 0.016429 0.046667
1 0.604286 0.263810 0.017143 0.051429
1 0.564643 0.269524 0.016429 0.051429
10 0.655357 0.252857 0.015000 0.042857
3 0.671071 0.264762 0.015000 0.045714
1 0.567857 0.111429 0.012857 0.043810
1 0.521429 0.088095 0.008571 0.039048
1 0.514643 0.098095 0.006429 0.019048
0 0.586786 0.082857 0.039286 0.055238
