4 0.729906 0.524119 0.021399 0.025974
4 0.801670 0.511132 0.028184 0.042672
6 0.797756 0.421614 0.071503 0.060297
4 0.717380 0.376623 0.036013 0.040816
4 0.907881 0.346939 0.038100 0.025974
4 0.864562 0.329777 0.034969 0.030612
4 0.808977 0.333024 0.037578 0.029685
4 0.770094 0.312152 0.036013 0.030612
4 0.710856 0.293599 0.031315 0.032468
4 0.733038 0.291280 0.029749 0.029685
4 0.781576 0.281076 0.036013 0.035250
4 0.737474 0.257885 0.027140 0.031540
10 0.726514 0.235158 0.011482 0.015770
4 0.378132 0.576994 0.031837 0.051948
4 0.151357 0.342764 0.024008 0.036178
10 0.131263 0.335807 0.010960 0.018553
5 0.472338 0.221707 0.022965 0.031540
4 0.535230 0.179499 0.025574 0.023191
4 0.467641 0.143785 0.020877 0.020408
0 0.467641 0.118738 0.028184 0.029685
0 0.496868 0.108998 0.017745 0.034323
