1 0.193929 0.127619 0.015000 0.024762
1 0.238571 0.150000 0.015714 0.023810
1 0.320714 0.175714 0.014286 0.025714
1 0.281786 0.249048 0.013571 0.025714
1 0.281786 0.202381 0.010714 0.020000
1 0.275714 0.196190 0.008571 0.017143
3 0.197143 0.361905 0.012857 0.034286
1 0.291071 0.561905 0.012143 0.011429
1 0.175357 0.641429 0.016429 0.018095
4 0.236071 0.863333 0.090714 0.050476
4 0.329286 0.760476 0.041429 0.122857
3 0.203929 0.727143 0.023571 0.029524
1 0.238571 0.678095 0.015714 0.015238
1 0.284286 0.688571 0.012857 0.013333
1 0.273929 0.683333 0.012143 0.016190
1 0.228929 0.635714 0.020714 0.014286
3 0.232143 0.641429 0.015714 0.031429
10 0.197143 0.624762 0.022857 0.032381
4 0.426786 0.972381 0.069286 0.053333
4 0.561786 0.979048 0.039286 0.040000
5 0.559286 0.773333 0.031429 0.093333
1 0.541429 0.717143 0.007143 0.013333
1 0.538929 0.698571 0.007857 0.012381
4 0.462857 0.744762 0.041429 0.121905
4 0.546786 0.608095 0.036429 0.107619
6 0.371429 0.680952 0.045714 0.160000
4 0.553571 0.479524 0.037143 0.105714
4 0.309643 0.467143 0.040714 0.103810
4 0.382857 0.393810 0.037143 0.107619
5 0.326071 0.337619 0.036429 0.105714
5 0.541786 0.283333 0.032143 0.092381
5 0.510714 0.119524 0.030000 0.086667
4 0.390000 0.268571 0.038571 0.112381
4 0.549643 0.155238 0.032143 0.093333
5 0.537500 0.028095 0.033571 0.054286
6 0.388214 0.049048 0.045000 0.096190
1 0.494643 0.271429 0.007857 0.022857
1 0.498929 0.262381 0.005000 0.010476
1 0.477143 0.230000 0.015714 0.025714
8 0.333929 0.238571 0.027857 0.073333
1 0.319643 0.240476 0.012143 0.021905
1 0.318571 0.214762 0.011429 0.021905
1 0.382143 0.150000 0.008571 0.023810
8 0.346429 0.135714 0.042857 0.029524
10 0.342500 0.105238 0.033571 0.021905
