4 0.084286 0.939048 0.122857 0.121905
5 0.166071 0.848095 0.122143 0.189524
4 0.442857 0.939048 0.135714 0.121905
4 0.816786 0.699524 0.090714 0.130476
4 0.670357 0.500952 0.063571 0.091429
10 0.289643 0.605714 0.032143 0.053333
1 0.339643 0.538095 0.016429 0.041905
1 0.352143 0.547619 0.017143 0.041905
1 0.426429 0.548571 0.015714 0.043810
1 0.404286 0.528571 0.015714 0.040000
4 0.470357 0.575238 0.073571 0.108571
4 0.444643 0.423810 0.042143 0.070476
10 0.350714 0.436190 0.020000 0.043810
10 0.364643 0.351429 0.027857 0.028571
1 0.385000 0.379524 0.012857 0.040952
1 0.337500 0.360000 0.015000 0.036190
1 0.407143 0.313333 0.012857 0.034286
1 0.428929 0.249048 0.013571 0.031429
1 0.401071 0.157619 0.007857 0.027619
10 0.366429 0.217619 0.021429 0.016190
10 0.368214 0.202857 0.019286 0.019048
7 0.385357 0.198095 0.016429 0.034286
10 0.375000 0.140952 0.018571 0.011429
10 0.375357 0.133333 0.020714 0.015238
1 0.366071 0.102857 0.006429 0.019048
10 0.375000 0.099048 0.015714 0.015238
10 0.375000 0.093333 0.015714 0.015238
4 0.375000 0.036190 0.015714 0.017143
4 0.377143 0.011429 0.015714 0.015238
3 0.353929 0.069048 0.017857 0.014286
4 0.428214 0.098571 0.020714 0.029524
4 0.420714 0.076667 0.020000 0.031429
4 0.472143 0.145238 0.022857 0.033333
4 0.463929 0.086190 0.020714 0.023810
5 0.468214 0.112857 0.020714 0.037143
4 0.452857 0.041905 0.015714 0.024762
4 0.446429 0.014762 0.017143 0.029524
4 0.473571 0.014286 0.018571 0.028571
4 0.603571 0.226667 0.038571 0.047619
4 0.563214 0.130952 0.025000 0.031429
4 0.534286 0.066667 0.022857 0.026667
4 0.551429 0.107143 0.025714 0.029524
4 0.520714 0.035238 0.020000 0.024762
4 0.513929 0.020476 0.017857 0.021905
4 0.576786 0.397619 0.047857 0.079048
4 0.527143 0.407619 0.042857 0.080000
4 0.548929 0.513810 0.055000 0.100000
4 0.678571 0.388095 0.054286 0.071429
