4 0.240357 0.907143 0.075000 0.079048
4 0.348571 0.711429 0.067143 0.060952
4 0.386429 0.640476 0.064286 0.046667
4 0.406071 0.608571 0.055000 0.047619
4 0.210000 0.958095 0.078571 0.080000
10 0.228929 0.585714 0.012143 0.024762
4 0.936429 0.297143 0.024286 0.036190
8 0.392857 0.450000 0.027143 0.046667
10 0.388571 0.390000 0.017143 0.016190
10 0.394643 0.385714 0.015000 0.019048
10 0.398214 0.380476 0.009286 0.016190
5 0.562143 0.315238 0.047143 0.040000
5 0.652143 0.508571 0.055714 0.051429
9 0.988571 0.059524 0.021429 0.044762
5 0.820714 0.061905 0.020000 0.020952
5 0.827500 0.059048 0.020714 0.019048
4 0.763214 0.087143 0.029286 0.016190
4 0.776786 0.052857 0.026429 0.016190
4 0.688929 0.155238 0.030714 0.020952
5 0.702143 0.200952 0.034286 0.028571
5 0.615714 0.220476 0.037143 0.035238
4 0.641429 0.188095 0.031429 0.021905
5 0.621786 0.117619 0.029286 0.020000
5 0.621786 0.104286 0.035000 0.023810
4 0.637857 0.105238 0.021429 0.016190
4 0.662500 0.091429 0.023571 0.019048
5 0.695357 0.051429 0.032143 0.022857
4 0.784643 0.037143 0.020714 0.015238
4 0.794286 0.032857 0.024286 0.014286
4 0.767500 0.015714 0.019286 0.012381
4 0.735714 0.014762 0.020000 0.016190
10 0.726429 0.032381 0.010000 0.011429
1 0.655357 0.113333 0.003571 0.013333
