5 0.577857 0.427030 0.032857 0.115482
4 0.453929 0.446701 0.025000 0.065990
6 0.973571 0.754442 0.051429 0.151015
5 0.393214 0.347081 0.026429 0.074873
5 0.472143 0.238579 0.027143 0.065990
4 0.592857 0.192259 0.021429 0.054569
6 0.443571 0.093274 0.024286 0.087563
6 0.865714 0.343909 0.052857 0.131980
6 0.830714 0.250635 0.047143 0.102792
5 0.805000 0.180203 0.024286 0.053299
5 0.763571 0.032360 0.017143 0.036802
4 0.715357 0.014594 0.022143 0.029188
5 0.541429 0.965736 0.035714 0.065990
1 0.362857 0.053299 0.005714 0.017766
1 0.385714 0.071701 0.005714 0.021574
1 0.321071 0.038071 0.007857 0.020305
1 0.283929 0.018401 0.009286 0.024112
1 0.283929 0.101523 0.007857 0.020305
1 0.271786 0.107234 0.007857 0.021574
1 0.260000 0.117386 0.007143 0.019036
1 0.332500 0.152284 0.005000 0.022843
1 0.318214 0.153553 0.006429 0.017766
1 0.330000 0.203680 0.008571 0.016497
1 0.315714 0.194162 0.005714 0.022843
1 0.302500 0.189086 0.010714 0.022843
1 0.243214 0.168147 0.006429 0.021574
1 0.249286 0.194797 0.005714 0.016497
1 0.214643 0.240482 0.006429 0.024112
1 0.206429 0.234772 0.007143 0.020305
1 0.270000 0.373096 0.007143 0.017766
1 0.260714 0.365482 0.007143 0.020305
1 0.192857 0.345812 0.008571 0.026650
1 0.180357 0.368655 0.007857 0.026650
1 0.171429 0.379442 0.008571 0.022843
1 0.325357 0.506345 0.007857 0.025381
1 0.316429 0.541878 0.005714 0.022843
1 0.303571 0.545051 0.010000 0.029188
1 0.265714 0.502538 0.008571 0.017766
1 0.241429 0.582487 0.008571 0.020305
1 0.223571 0.556472 0.007143 0.016497
1 0.210714 0.600888 0.007143 0.021574
1 0.220714 0.684645 0.011429 0.024112
1 0.211429 0.709391 0.005714 0.017766
1 0.202143 0.770305 0.008571 0.027919
1 0.202143 0.809645 0.010000 0.027919
1 0.176429 0.826777 0.011429 0.024112
1 0.736071 0.180838 0.007857 0.024112
1 0.798929 0.081853 0.003571 0.019036
1 0.224286 0.173223 0.008571 0.021574
1 0.271429 0.035533 0.004286 0.015228
1 0.267500 0.027284 0.005000 0.016497
1 0.275714 0.031726 0.008571 0.020305
1 0.273571 0.005711 0.007143 0.011421
1 0.351429 0.029188 0.007143 0.017766
1 0.359643 0.019670 0.005000 0.016497
2 0.366071 0.029188 0.005000 0.015228
1 0.361429 0.031091 0.004286 0.016497
1 0.349286 0.064721 0.005714 0.020305
1 0.345714 0.072970 0.004286 0.019036
1 0.336071 0.069797 0.005000 0.020305
1 0.249286 0.168147 0.005714 0.021574
0 0.255357 0.199873 0.009286 0.024112
1 0.272143 0.500000 0.007143 0.017766
1 0.320357 0.541244 0.006429 0.016497
1 0.214286 0.590102 0.007143 0.017766
1 0.228571 0.560279 0.004286 0.016497
1 0.232857 0.571066 0.005714 0.017766
1 0.225357 0.579949 0.007857 0.020305
1 0.215000 0.704315 0.005714 0.017766
1 0.215000 0.720812 0.008571 0.020305
1 0.225000 0.720178 0.010000 0.026650
1 0.213929 0.758883 0.010714 0.030457
1 0.063571 0.815355 0.015714 0.026650
1 0.840714 0.227157 0.005714 0.020305
2 0.307500 0.157360 0.007857 0.017766
