2 0.082500 0.110476 0.009286 0.019048
10 0.081071 0.112857 0.019286 0.016190
1 0.194286 0.021429 0.007143 0.018095
1 0.312857 0.077143 0.005714 0.015238
1 0.320714 0.078571 0.005714 0.020000
1 0.338929 0.011905 0.005000 0.010476
1 0.333571 0.010952 0.004286 0.012381
1 0.321429 0.006190 0.004286 0.012381
2 0.327857 0.006667 0.004286 0.007619
1 0.315714 0.004762 0.004286 0.009524
2 0.316786 0.013810 0.003571 0.004762
1 0.657143 0.120952 0.007143 0.017143
1 0.765357 0.160952 0.006429 0.019048
1 0.770357 0.160952 0.006429 0.019048
4 0.662857 0.067619 0.018571 0.015238
4 0.647857 0.061905 0.012857 0.013333
4 0.663929 0.471429 0.020714 0.064762
2 0.680357 0.473333 0.020714 0.030476
2 0.678929 0.492857 0.022143 0.040952
2 0.703214 0.491429 0.025000 0.034286
2 0.704643 0.480476 0.020714 0.031429
3 0.592500 0.546190 0.052143 0.040952
10 0.451786 0.608095 0.055000 0.058095
10 0.481071 0.662381 0.066429 0.100000
1 0.967143 0.464762 0.030000 0.051429
1 0.991429 0.487143 0.017143 0.046667
1 0.977500 0.490952 0.013571 0.033333
1 0.499643 0.179048 0.006429 0.024762
1 0.471071 0.162381 0.009286 0.025714
