4 0.593214 0.799048 0.055000 0.137143
4 0.703929 0.731905 0.062143 0.134286
4 0.813214 0.870952 0.073571 0.145714
4 0.873214 0.853333 0.076429 0.140952
4 0.808571 0.663810 0.075714 0.125714
4 0.505714 0.394286 0.045714 0.091429
4 0.303571 0.556667 0.041429 0.080952
4 0.162857 0.442857 0.084286 0.047619
4 0.471786 0.236190 0.040714 0.076190
4 0.778929 0.319048 0.053571 0.080000
4 0.723214 0.287143 0.050714 0.077143
4 0.544643 0.182857 0.039286 0.074286
4 0.503571 0.042857 0.027143 0.055238
4 0.439643 0.103333 0.033571 0.067619
4 0.093571 0.922857 0.120000 0.080000
4 0.216786 0.885714 0.095000 0.163810
4 0.183214 0.700952 0.090714 0.081905
5 0.591786 0.531429 0.045000 0.093333
6 0.590000 0.336190 0.065714 0.112381
5 0.461786 0.030476 0.036429 0.060952
4 0.526429 0.285714 0.035714 0.080000
4 0.173214 0.397619 0.070714 0.039048
4 0.169286 0.356190 0.074286 0.038095
4 0.168571 0.230952 0.072857 0.039048
4 0.171429 0.195238 0.074286 0.036190
4 0.175000 0.160952 0.067143 0.032381
4 0.173929 0.028095 0.063571 0.035238
4 0.237143 0.171905 0.035714 0.073333
4 0.174286 0.264762 0.078571 0.045714
5 0.167143 0.133810 0.065714 0.042857
4 0.176429 0.053333 0.064286 0.038095
4 0.167500 0.501429 0.086429 0.046667
4 0.093571 0.659524 0.044286 0.124762
5 0.275000 0.051429 0.028571 0.072381
9 0.383214 0.331429 0.073571 0.236190
4 0.718571 0.976190 0.052857 0.045714
4 0.891786 0.055714 0.047857 0.035238
4 0.858571 0.014286 0.052857 0.028571
4 0.905357 0.083810 0.057857 0.038095
4 0.974643 0.039048 0.050714 0.057143
4 0.915357 0.109048 0.060714 0.040952
1 0.238571 0.035714 0.012857 0.029524
1 0.245357 0.038571 0.007857 0.016190
1 0.265000 0.145714 0.012857 0.030476
1 0.228214 0.330476 0.015000 0.028571
1 0.355714 0.503333 0.011429 0.020000
1 0.341429 0.284762 0.011429 0.034286
1 0.330000 0.171905 0.010000 0.033333
1 0.321071 0.020000 0.010714 0.026667
1 0.316071 0.134762 0.012143 0.029524
1 0.316786 0.165714 0.009286 0.034286
1 0.229286 0.362381 0.017143 0.031429
1 0.211429 0.353333 0.014286 0.034286
1 0.246071 0.064286 0.012143 0.025714
1 0.239286 0.067143 0.007143 0.014286
2 0.213571 0.090476 0.005714 0.009524
1 0.208214 0.078095 0.010714 0.022857
10 0.174286 0.084286 0.028571 0.021905
8 0.193214 0.110476 0.035000 0.019048
1 0.318929 0.204286 0.009286 0.027619
1 0.338214 0.360952 0.012143 0.030476
1 0.280000 0.230476 0.014286 0.030476
1 0.335000 0.238571 0.010000 0.029524
1 0.333571 0.217619 0.011429 0.027619
3 0.223214 0.558095 0.029286 0.015238
3 0.251429 0.606667 0.014286 0.047619
10 0.152143 0.571429 0.034286 0.019048
10 0.152143 0.551905 0.037143 0.018095
10 0.157143 0.528571 0.038571 0.032381
1 0.277143 0.729048 0.017143 0.021905
1 0.379643 0.750476 0.016429 0.022857
1 0.262857 0.593810 0.015714 0.031429
1 0.288214 0.716190 0.019286 0.022857
2 0.330000 0.896667 0.018571 0.029524
10 0.331786 0.896190 0.016429 0.051429
1 0.946786 0.288095 0.016429 0.025714
10 0.955357 0.347619 0.026429 0.034286
10 0.918571 0.431429 0.020000 0.030476
10 0.917500 0.286667 0.017857 0.028571
2 0.928571 0.429524 0.014286 0.017143
2 0.918571 0.426190 0.017143 0.018095
