0 0.493214 0.733503 0.026429 0.063452
0 0.535000 0.824873 0.047143 0.170051
1 0.585000 0.902284 0.008571 0.017766
1 0.565000 0.774112 0.004286 0.015228
1 0.564643 0.767132 0.005000 0.013959
1 0.593571 0.746193 0.008571 0.017766
1 0.599286 0.747462 0.007143 0.020305
1 0.597500 0.767766 0.007857 0.017766
1 0.620000 0.711294 0.007143 0.019036
1 0.651071 0.710025 0.009286 0.016497
1 0.668929 0.741117 0.009286 0.022843
1 0.656429 0.788071 0.007143 0.020305
1 0.695000 0.845812 0.008571 0.019036
1 0.683571 0.569797 0.007143 0.015228
1 0.798571 0.444162 0.007143 0.020305
1 0.780000 0.386421 0.008571 0.016497
0 0.812857 0.378173 0.024286 0.048223
4 0.477857 0.659898 0.035714 0.058376
0 0.396786 0.631980 0.030714 0.053299
4 0.432857 0.575508 0.034286 0.057107
4 0.436071 0.460025 0.032143 0.049492
6 0.349286 0.601523 0.078571 0.126904
4 0.336786 0.585025 0.033571 0.058376
4 0.021429 0.882614 0.037143 0.074873
4 0.066071 0.855330 0.042143 0.068528
6 0.078214 0.757614 0.057857 0.104061
6 0.127857 0.657360 0.048571 0.180203
6 0.157143 0.625635 0.045714 0.164975
5 0.186071 0.574873 0.022143 0.076142
4 0.208214 0.575508 0.019286 0.062183
4 0.235000 0.553299 0.024286 0.065990
4 0.040357 0.614213 0.029286 0.053299
4 0.332500 0.480330 0.037857 0.054569
4 0.292857 0.466371 0.018571 0.062183
5 0.325000 0.434645 0.035714 0.054569
5 0.397500 0.406091 0.036429 0.050761
6 0.361786 0.371827 0.025000 0.124365
4 0.381071 0.373731 0.016429 0.049492
4 0.401786 0.343909 0.019286 0.048223
6 0.504643 0.402284 0.072143 0.121827
6 0.423571 0.293782 0.040000 0.138325
6 0.443214 0.268401 0.032143 0.105330
6 0.466786 0.266497 0.035000 0.096447
6 0.489286 0.256345 0.021429 0.058376
6 0.545000 0.227792 0.064286 0.102792
6 0.616071 0.117386 0.037857 0.115482
6 0.582143 0.128173 0.038571 0.086294
4 0.605714 0.311548 0.032857 0.036802
4 0.644643 0.298858 0.035000 0.034264
6 0.717143 0.254442 0.044286 0.087563
6 0.017500 0.771574 0.035000 0.104061
1 0.099643 0.400381 0.009286 0.019036
1 0.113571 0.394036 0.008571 0.024112
1 0.110000 0.376904 0.010000 0.020305
