0 0.403214 0.074762 0.023571 0.044762
0 0.413929 0.038571 0.006429 0.023810
6 0.280357 0.894762 0.067857 0.048571
6 0.269643 0.528571 0.030714 0.083810
6 0.296071 0.550000 0.016429 0.044762
6 0.348929 0.457143 0.026429 0.057143
6 0.311786 0.448095 0.025000 0.060000
6 0.326429 0.346190 0.025714 0.082857
6 0.257143 0.599524 0.022857 0.050476
6 0.240000 0.572381 0.018571 0.043810
6 0.293929 0.412381 0.029286 0.089524
6 0.340714 0.307143 0.014286 0.023810
6 0.519286 0.397143 0.040000 0.019048
6 0.449643 0.436667 0.025000 0.012381
6 0.451786 0.415714 0.020714 0.014286
6 0.377143 0.156190 0.008571 0.019048
6 0.324286 0.251905 0.010000 0.020000
4 0.154286 0.555714 0.024286 0.029524
4 0.136071 0.574762 0.025000 0.021905
4 0.221071 0.663810 0.020714 0.043810
4 0.232143 0.617143 0.015714 0.038095
4 0.304643 0.505714 0.013571 0.032381
4 0.284643 0.473810 0.013571 0.031429
4 0.507857 0.572857 0.025714 0.031429
4 0.589643 0.542857 0.015000 0.036190
4 0.606071 0.544286 0.012143 0.039048
4 0.556071 0.537619 0.010714 0.031429
4 0.541786 0.537619 0.012143 0.029524
5 0.248929 0.657143 0.017857 0.038095
9 0.281786 0.614286 0.027857 0.081905
4 0.361071 0.201905 0.007857 0.011429
4 0.329643 0.240000 0.009286 0.013333
4 0.342143 0.204286 0.005714 0.010476
4 0.338929 0.217143 0.007857 0.013333
4 0.361071 0.163333 0.005000 0.010476
4 0.348571 0.196667 0.008571 0.010476
4 0.348929 0.187619 0.006429 0.011429
4 0.363571 0.157619 0.007143 0.008571
4 0.375357 0.130476 0.005000 0.009524
4 0.372143 0.138095 0.005714 0.007619
4 0.396429 0.112381 0.004286 0.007619
4 0.384643 0.109524 0.005000 0.005714
4 0.379643 0.120476 0.005000 0.006667
4 0.357143 0.172381 0.007143 0.009524
9 0.423571 0.087143 0.007143 0.012381
7 0.388571 0.159524 0.004286 0.008571
1 0.340357 0.225714 0.002143 0.007619
1 0.335714 0.225714 0.002857 0.007619
10 0.458214 0.917619 0.022143 0.014286
10 0.585000 0.780000 0.017143 0.015238
10 0.596071 0.768571 0.019286 0.015238
10 0.251071 0.736190 0.013571 0.022857
10 0.361429 0.783810 0.005714 0.028571
10 0.408929 0.655238 0.005000 0.015238
7 0.345000 0.788571 0.018571 0.028571
8 0.500000 0.808095 0.011429 0.033333
3 0.436429 0.800476 0.004286 0.018095
2 0.456071 0.917143 0.009286 0.015238
2 0.586071 0.778095 0.005000 0.011429
2 0.361786 0.786667 0.006429 0.015238
2 0.347500 0.790476 0.006429 0.011429
2 0.436071 0.795714 0.009286 0.010476
2 0.251786 0.731905 0.007857 0.012381
2 0.190714 0.760952 0.005714 0.011429
2 0.126786 0.668571 0.007857 0.011429
2 0.126786 0.520476 0.005000 0.010476
2 0.273571 0.450476 0.005714 0.009524
0 0.210714 0.485714 0.008571 0.009524
10 0.111429 0.546190 0.008571 0.016190
10 0.125714 0.523810 0.011429 0.007619
10 0.129643 0.518095 0.010714 0.007619
10 0.274286 0.453333 0.005714 0.011429
10 0.128214 0.670476 0.013571 0.017143
10 0.189643 0.764286 0.006429 0.018095
2 0.409286 0.652381 0.005714 0.009524
1 0.448929 0.558571 0.005000 0.012381
5 0.161071 0.831429 0.053571 0.030476
6 0.396429 0.863810 0.061429 0.043810
4 0.030357 0.799524 0.046429 0.031429
4 0.031786 0.651905 0.039286 0.025714
9 0.092500 0.871905 0.129286 0.067619
8 0.198571 0.774286 0.011429 0.032381
2 0.011786 0.619048 0.007857 0.011429
10 0.014643 0.622857 0.007857 0.013333
10 0.036429 0.630952 0.012857 0.012381
1 0.061071 0.617619 0.009286 0.014286
1 0.098214 0.534762 0.006429 0.014286
1 0.103929 0.531429 0.005000 0.009524
5 0.168571 0.539524 0.024286 0.023810
5 0.182857 0.522381 0.027143 0.025714
4 0.139286 0.506667 0.030000 0.019048
5 0.236071 0.460952 0.020714 0.024762
5 0.171071 0.452857 0.025000 0.016190
5 0.166786 0.440952 0.025000 0.017143
4 0.260000 0.486190 0.014286 0.029524
4 0.224286 0.478571 0.024286 0.020000
4 0.160357 0.467143 0.029286 0.014286
4 0.157500 0.482857 0.029286 0.015238
4 0.198214 0.511905 0.027857 0.021905
4 0.147143 0.495238 0.032857 0.017143
4 0.189286 0.429048 0.022857 0.010476
4 0.655357 0.956667 0.056429 0.033333
4 0.599643 0.892381 0.049286 0.032381
4 0.810714 0.920476 0.050000 0.037143
6 0.889643 0.974286 0.092143 0.051429
6 0.970357 0.773333 0.052143 0.028571
6 0.784286 0.776667 0.030000 0.031429
4 0.833214 0.699048 0.026429 0.038095
0 0.867143 0.750952 0.030000 0.018095
8 0.683571 0.715714 0.012857 0.033333
1 0.977857 0.790952 0.012857 0.014286
4 0.507143 0.372857 0.022857 0.016190
4 0.507143 0.382857 0.022857 0.013333
5 0.452143 0.375238 0.021429 0.015238
5 0.449286 0.383333 0.020000 0.014286
4 0.451786 0.394286 0.023571 0.015238
4 0.452500 0.405714 0.017857 0.013333
4 0.455357 0.421905 0.022143 0.017143
4 0.510714 0.440952 0.022857 0.015238
4 0.511429 0.429524 0.021429 0.013333
4 0.513214 0.417143 0.026429 0.015238
4 0.512143 0.410952 0.022857 0.010476
5 0.448929 0.447619 0.025000 0.019048
0 0.494643 0.355238 0.029286 0.019048
5 0.318571 0.415238 0.011429 0.022857
5 0.313929 0.280952 0.009286 0.017143
4 0.310000 0.358095 0.011429 0.022857
5 0.308571 0.295714 0.008571 0.018095
5 0.236071 0.290476 0.009286 0.015238
0 0.428929 0.017619 0.023571 0.035238
