4 0.450357 0.765238 0.050714 0.122857
4 0.278214 0.647619 0.073571 0.131429
4 0.319286 0.506667 0.048571 0.091429
4 0.482143 0.483333 0.037143 0.101905
4 0.566786 0.166667 0.022143 0.049524
4 0.440714 0.122857 0.021429 0.040000
4 0.628571 0.238571 0.024286 0.050476
8 0.682857 0.370952 0.018571 0.050476
4 0.590357 0.110476 0.020714 0.038095
4 0.517500 0.021905 0.019286 0.036190
1 0.735000 0.195238 0.010000 0.028571
2 0.711071 0.150952 0.009286 0.020000
0 0.710357 0.097143 0.016429 0.030476
2 0.670714 0.147143 0.008571 0.016190
2 0.690000 0.083333 0.007143 0.014286
2 0.686429 0.058095 0.007143 0.013333
2 0.674286 0.026190 0.007143 0.014286
2 0.660357 0.094286 0.006429 0.013333
2 0.642857 0.045238 0.005714 0.012381
2 0.645714 0.017619 0.005714 0.012381
10 0.669643 0.160952 0.006429 0.019048
10 0.709286 0.161905 0.005714 0.019048
10 0.689643 0.089048 0.005000 0.012381
10 0.659286 0.099524 0.004286 0.008571
10 0.684643 0.064762 0.005000 0.009524
10 0.642500 0.051429 0.006429 0.011429
10 0.673929 0.032857 0.006429 0.012381
10 0.645357 0.022857 0.006429 0.013333
4 0.588214 0.011905 0.013571 0.021905
0 0.748214 0.227619 0.015000 0.038095
1 0.772143 0.425238 0.012857 0.031429
1 0.786786 0.495714 0.012143 0.040952
0 0.793929 0.688571 0.017857 0.043810
0 0.825000 0.801905 0.031429 0.051429
4 0.466071 0.614762 0.040714 0.094286
0 0.107143 0.787143 0.071429 0.100000
