6 0.040357 0.388571 0.047857 0.040000
1 0.219286 0.361429 0.008571 0.021905
1 0.257143 0.371905 0.004286 0.016190
4 0.253214 0.385714 0.042143 0.022857
4 0.323214 0.335238 0.036429 0.022857
1 0.333214 0.406190 0.005000 0.018095
1 0.453571 0.900000 0.008571 0.038095
1 0.436429 0.575714 0.002857 0.014286
1 0.432500 0.574286 0.003571 0.013333
4 0.528214 0.354762 0.013571 0.027619
4 0.518571 0.293333 0.015714 0.030476
4 0.537857 0.292381 0.017143 0.028571
4 0.530000 0.260952 0.015714 0.026667
4 0.526071 0.233810 0.015000 0.025714
10 0.406071 0.211429 0.009286 0.009524
10 0.405714 0.192857 0.010000 0.008571
10 0.406071 0.182857 0.009286 0.009524
5 0.412143 0.157619 0.017143 0.018095
4 0.414643 0.120000 0.019286 0.013333
10 0.493214 0.035238 0.002143 0.009524
2 0.493214 0.034286 0.003571 0.007619
4 0.636429 0.070952 0.015714 0.012381
4 0.691786 0.169048 0.023571 0.020000
4 0.647143 0.632857 0.037143 0.065714
4 0.719643 0.763810 0.043571 0.078095
10 0.592857 0.646667 0.011429 0.036190
2 0.591786 0.639524 0.007857 0.018095
4 0.844643 0.131905 0.016429 0.018095
4 0.882500 0.168095 0.016429 0.016190
4 0.942500 0.165238 0.023571 0.014286
4 0.920000 0.148095 0.022857 0.014286
5 0.887143 0.130952 0.022857 0.014286
