1 0.161795 0.965677 0.030271 0.066790
2 0.336117 0.786642 0.018789 0.048237
2 0.398747 0.721707 0.016701 0.046382
2 0.430585 0.692022 0.015658 0.044527
2 0.450418 0.662801 0.018789 0.045455
2 0.471294 0.643785 0.013570 0.035250
1 0.464770 0.612709 0.009916 0.052876
2 0.493215 0.589518 0.010438 0.032468
2 0.505480 0.550093 0.012004 0.031540
2 0.551931 0.486549 0.009916 0.025046
2 0.550887 0.409555 0.010960 0.025046
2 0.552714 0.407236 0.007307 0.020408
1 0.555585 0.450371 0.008873 0.034323
1 0.557672 0.375232 0.004697 0.028757
2 0.569937 0.337662 0.006263 0.020408
2 0.575418 0.336735 0.006785 0.022263
2 0.578810 0.320501 0.007307 0.013915
2 0.588466 0.315399 0.006785 0.020408
2 0.628132 0.275046 0.005741 0.017625
1 0.636482 0.258813 0.005741 0.020408
2 0.664927 0.247681 0.005219 0.014842
10 0.646660 0.229592 0.008351 0.010204
10 0.644050 0.214750 0.007307 0.010204
10 0.634395 0.211039 0.006785 0.013915
4 0.598382 0.171614 0.018267 0.014842
1 0.693894 0.236549 0.004697 0.012987
2 0.701722 0.232839 0.003653 0.012987
2 0.703027 0.224026 0.005219 0.012059
2 0.710334 0.218924 0.004175 0.009276
2 0.701722 0.216141 0.003653 0.007421
10 0.353601 0.420223 0.017223 0.031540
10 0.369781 0.404917 0.015136 0.025046
5 0.459290 0.150742 0.009395 0.013915
0 0.097338 0.083952 0.010960 0.012059
