4 0.289286 0.157619 0.011429 0.008571
6 0.473929 0.058095 0.007857 0.026667
4 0.480000 0.130476 0.004286 0.011429
6 0.472857 0.138571 0.005714 0.016190
5 0.477143 0.208095 0.007143 0.014286
4 0.457857 0.451429 0.008571 0.019048
5 0.493214 0.473333 0.007857 0.020952
5 0.485714 0.519524 0.007143 0.021905
4 0.502500 0.547619 0.009286 0.022857
1 0.465000 0.470952 0.002857 0.006667
1 0.458214 0.468095 0.003571 0.004762
1 0.456071 0.468571 0.002143 0.005714
6 0.515357 0.649524 0.019286 0.060952
5 0.537857 0.804286 0.012857 0.037143
6 0.520000 0.062381 0.012857 0.008571
4 0.753929 0.157143 0.006429 0.009524
4 0.760714 0.155714 0.005714 0.008571
4 0.767143 0.157143 0.005714 0.009524
4 0.782857 0.160952 0.005714 0.009524
4 0.797857 0.161429 0.007143 0.008571
4 0.807857 0.162381 0.007143 0.008571
4 0.949643 0.169524 0.012143 0.009524
5 0.823571 0.155238 0.007143 0.011429
