4 0.388048 0.876623 0.050626 0.139147
4 0.423278 0.637755 0.034447 0.084416
4 0.485386 0.244434 0.011482 0.036178
4 0.702766 0.622913 0.071503 0.054731
4 0.676148 0.591837 0.066284 0.055659
10 0.548800 0.761132 0.014092 0.041744
2 0.548800 0.753711 0.012004 0.032468
8 0.465031 0.757885 0.024008 0.076067
4 0.641441 0.676716 0.035491 0.110390
10 0.645094 0.550557 0.020877 0.025046
8 0.692067 0.546382 0.015658 0.040816
1 0.663100 0.529221 0.007829 0.032468
8 0.669363 0.545455 0.018267 0.048237
10 0.671712 0.448052 0.006263 0.029685
10 0.685543 0.440167 0.010960 0.021336
8 0.573852 0.479592 0.020355 0.046382
1 0.555324 0.454082 0.006263 0.028757
1 0.547495 0.447588 0.005219 0.028757
8 0.555063 0.443878 0.014092 0.038033
1 0.551409 0.362245 0.004697 0.023191
6 0.456942 0.415584 0.029749 0.085343
3 0.582724 0.346939 0.014092 0.016698
10 0.537839 0.320037 0.007829 0.018553
2 0.536795 0.314471 0.005741 0.018553
7 0.558455 0.325139 0.011482 0.028757
1 0.609864 0.285250 0.004697 0.023191
8 0.506785 0.197124 0.008351 0.019481
8 0.492693 0.167440 0.007307 0.017625
4 0.544885 0.209184 0.018789 0.017625
2 0.530271 0.211503 0.004175 0.009276
10 0.530271 0.216141 0.005219 0.014842
4 0.460073 0.134045 0.009916 0.015770
4 0.411013 0.119202 0.012004 0.013915
4 0.407359 0.115028 0.016180 0.012987
10 0.510699 0.147959 0.002610 0.010204
2 0.510438 0.145176 0.003132 0.010204
4 0.334029 0.095547 0.017745 0.014842
7 0.827505 0.946197 0.050626 0.053803
10 0.825418 0.919759 0.029749 0.039889
10 0.828027 0.905380 0.030793 0.038961
10 0.672756 0.394249 0.007307 0.020408
1 0.602818 0.456865 0.007307 0.032468
4 0.502349 0.113636 0.007829 0.012059
4 0.519311 0.107607 0.007307 0.012987
4 0.529749 0.109926 0.007307 0.012059
5 0.517745 0.091837 0.007307 0.014842
8 0.541754 0.111317 0.006263 0.012987
1 0.550365 0.151206 0.002610 0.012987
1 0.543058 0.151206 0.002610 0.011132
2 0.535752 0.156308 0.003653 0.010204
10 0.535752 0.159091 0.002610 0.010204
1 0.542015 0.081169 0.002610 0.010204
10 0.510699 0.103432 0.002610 0.006494
2 0.510699 0.100649 0.002610 0.006494
10 0.532881 0.064007 0.002088 0.005566
2 0.533142 0.061224 0.001566 0.005566
6 0.508873 0.070501 0.009395 0.022263
5 0.534708 0.039425 0.004697 0.008349
4 0.533403 0.029685 0.004175 0.005566
0 0.540188 0.071429 0.007307 0.007421
4 0.526096 0.018089 0.007307 0.006494
6 0.526618 0.036642 0.006263 0.013915
0 0.512004 0.041744 0.007307 0.035250
1 0.521660 0.027365 0.001566 0.006494
4 0.535752 0.049165 0.003653 0.007421
10 0.343424 0.599722 0.011482 0.039889
10 0.550887 0.204082 0.005741 0.009276
10 0.536534 0.055195 0.004175 0.006494
10 0.729906 0.575139 0.021399 0.024119
