4 0.347857 0.128095 0.017143 0.012381
4 0.425714 0.206190 0.011429 0.016190
4 0.368571 0.148571 0.012857 0.013333
1 0.375714 0.116667 0.002857 0.010476
5 0.389643 0.143333 0.015000 0.027619
5 0.397857 0.123333 0.011429 0.021905
5 0.377143 0.233333 0.024286 0.045714
4 0.461071 0.345238 0.025000 0.037143
4 0.428214 0.217143 0.015000 0.020952
1 0.381786 0.089524 0.002143 0.007619
1 0.379643 0.090476 0.003571 0.009524
1 0.398214 0.136190 0.003571 0.009524
1 0.413571 0.173333 0.002857 0.013333
1 0.410357 0.172857 0.003571 0.014286
1 0.413571 0.203333 0.002857 0.012381
1 0.416429 0.201905 0.004286 0.013333
1 0.427857 0.194762 0.002857 0.010476
1 0.430714 0.195238 0.004286 0.011429
10 0.419643 0.176190 0.006429 0.011429
10 0.425000 0.176667 0.005714 0.014286
1 0.377143 0.145714 0.004286 0.011429
1 0.404286 0.139524 0.002857 0.008571
1 0.406429 0.137619 0.002857 0.010476
10 0.618214 0.807619 0.029286 0.070476
