1 0.022143 0.178571 0.010000 0.006667
1 0.026429 0.188095 0.010000 0.010476
1 0.022500 0.190952 0.007857 0.012381
1 0.031429 0.224286 0.010000 0.008571
1 0.034643 0.259048 0.009286 0.003810
1 0.038571 0.265238 0.012857 0.012381
1 0.032500 0.284762 0.010714 0.007619
1 0.045714 0.286190 0.011429 0.008571
1 0.049286 0.297143 0.008571 0.005714
1 0.042857 0.301429 0.010000 0.006667
1 0.068214 0.352857 0.010714 0.008571
1 0.072857 0.435238 0.010000 0.005714
1 0.068571 0.439524 0.010000 0.004762
1 0.073929 0.448095 0.010714 0.008571
1 0.073929 0.525238 0.006429 0.004762
1 0.060714 0.539048 0.010000 0.007619
1 0.040714 0.574762 0.010000 0.006667
1 0.009286 0.580000 0.012857 0.009524
1 0.051071 0.551905 0.009286 0.008571
1 0.062857 0.550000 0.012857 0.006667
10 0.232857 0.182857 0.008571 0.019048
3 0.267857 0.513333 0.007143 0.013333
4 0.552857 0.414286 0.015714 0.040000
4 0.951429 0.454286 0.027143 0.036190
4 0.925000 0.071905 0.027143 0.040952
10 0.662143 0.951429 0.007143 0.019048
1 0.639643 0.698571 0.006429 0.008571
1 0.629286 0.692857 0.007143 0.010476
1 0.630357 0.686667 0.009286 0.011429
7 0.595714 0.664286 0.015714 0.027619
