1 0.448571 0.981905 0.022857 0.036190
1 0.447143 0.907143 0.021429 0.069524
1 0.413929 0.900000 0.022143 0.062857
1 0.392143 0.905714 0.024286 0.064762
10 0.370714 0.865714 0.024286 0.060952
1 0.455714 0.763810 0.018571 0.057143
1 0.420357 0.760952 0.017857 0.064762
1 0.399643 0.760000 0.019286 0.057143
1 0.477143 0.857619 0.020000 0.067619
1 0.509286 0.766667 0.014286 0.060952
1 0.523929 0.763333 0.017857 0.056190
1 0.562500 0.888571 0.019286 0.066667
1 0.574643 0.873333 0.015000 0.060952
1 0.550357 0.876667 0.019286 0.067619
1 0.553214 0.758095 0.019286 0.055238
3 0.554286 0.776667 0.017143 0.050476
10 0.565000 0.714762 0.014286 0.040952
1 0.531429 0.690000 0.017143 0.058095
1 0.410714 0.696190 0.014286 0.051429
1 0.560000 0.671429 0.014286 0.041905
1 0.546786 0.664286 0.010714 0.048571
1 0.558929 0.659048 0.012143 0.040000
1 0.517857 0.631905 0.012857 0.050476
1 0.505000 0.620952 0.014286 0.043810
1 0.491429 0.620476 0.011429 0.046667
1 0.485357 0.567619 0.012143 0.036190
1 0.473929 0.569524 0.010714 0.038095
1 0.440714 0.571429 0.010000 0.038095
1 0.412857 0.588571 0.014286 0.040000
1 0.406786 0.599048 0.007857 0.040000
1 0.397857 0.653333 0.011429 0.043810
1 0.399286 0.642857 0.010000 0.041905
1 0.530357 0.590000 0.010714 0.044762
1 0.543571 0.589524 0.007143 0.038095
1 0.531429 0.572857 0.010000 0.039048
1 0.521071 0.516667 0.007857 0.035238
1 0.530357 0.517143 0.009286 0.038095
1 0.536071 0.542381 0.007857 0.037143
1 0.541786 0.538095 0.006429 0.034286
1 0.509286 0.511429 0.010000 0.036190
1 0.512500 0.500000 0.006429 0.032381
1 0.522500 0.488095 0.006429 0.029524
1 0.507857 0.490000 0.007143 0.033333
1 0.422857 0.524286 0.010000 0.035238
1 0.439286 0.510952 0.008571 0.029524
1 0.450000 0.481905 0.010000 0.030476
1 0.435000 0.487143 0.008571 0.027619
1 0.488929 0.480952 0.006429 0.028571
1 0.456429 0.452381 0.005714 0.022857
1 0.450000 0.450000 0.004286 0.020000
1 0.457143 0.444762 0.004286 0.022857
1 0.428929 0.451429 0.006429 0.024762
1 0.438214 0.447619 0.005000 0.022857
1 0.421786 0.471429 0.006429 0.024762
1 0.416429 0.474286 0.005714 0.017143
1 0.416071 0.498571 0.006429 0.027619
1 0.411429 0.479524 0.005714 0.025714
1 0.404643 0.466190 0.006429 0.023810
1 0.401429 0.460952 0.005714 0.020952
1 0.394286 0.462857 0.007143 0.024762
1 0.502500 0.436190 0.005000 0.024762
1 0.466429 0.427619 0.005714 0.024762
1 0.459286 0.426667 0.005714 0.022857
1 0.451786 0.430476 0.005000 0.020952
1 0.446429 0.437143 0.004286 0.022857
1 0.439286 0.439524 0.005714 0.021905
1 0.423214 0.428095 0.005000 0.021905
1 0.417857 0.427143 0.004286 0.021905
10 0.487143 0.443810 0.007143 0.017143
1 0.486786 0.438571 0.005000 0.016190
1 0.490714 0.419524 0.004286 0.020000
1 0.485000 0.421429 0.004286 0.021905
1 0.480357 0.407619 0.005000 0.020952
4 0.496429 0.405238 0.017143 0.020000
1 0.481429 0.398095 0.004286 0.020952
1 0.482857 0.386190 0.004286 0.020000
1 0.456786 0.414762 0.005000 0.020000
1 0.453214 0.410476 0.003571 0.020952
1 0.450000 0.413810 0.005714 0.023810
1 0.440357 0.413810 0.005000 0.021905
1 0.423571 0.404286 0.004286 0.021905
1 0.427857 0.400952 0.004286 0.022857
1 0.482143 0.365714 0.002857 0.015238
1 0.486071 0.365238 0.003571 0.016190
1 0.500000 0.379524 0.004286 0.018095
10 0.462500 0.371429 0.003571 0.009524
10 0.473214 0.364762 0.005000 0.011429
1 0.472500 0.359048 0.003571 0.011429
1 0.449643 0.529048 0.006429 0.021905
1 0.455714 0.528095 0.007143 0.023810
4 0.452500 0.533333 0.016429 0.040000
1 0.492143 0.362381 0.004286 0.014286
1 0.475357 0.343333 0.003571 0.014286
0 0.461786 0.338571 0.042143 0.048571
1 0.437857 0.377143 0.002857 0.015238
1 0.509643 0.366667 0.003571 0.013333
