4 0.539286 0.533333 0.022857 0.060952
4 0.565000 0.815714 0.035714 0.101905
4 0.503214 0.415714 0.020714 0.063810
5 0.539643 0.416667 0.017857 0.042857
1 0.400000 0.241429 0.005714 0.018095
1 0.424643 0.126190 0.006429 0.018095
1 0.417857 0.124762 0.004286 0.015238
4 0.451786 0.039524 0.007857 0.018095
1 0.466786 0.038571 0.002143 0.008571
5 0.437143 0.077143 0.011429 0.024762
5 0.427143 0.209524 0.032857 0.028571
4 0.457143 0.196190 0.015714 0.038095
4 0.450000 0.244762 0.018571 0.034286
6 0.447143 0.356190 0.031429 0.099048
2 0.550357 0.106667 0.003571 0.005714
10 0.550357 0.112857 0.005000 0.020000
10 0.502500 0.058095 0.007857 0.032381
2 0.502500 0.048571 0.005000 0.011429
2 0.610000 0.845714 0.007143 0.011429
10 0.609286 0.857143 0.018571 0.049524
4 0.613214 0.681429 0.036429 0.101905
6 0.726071 0.420476 0.053571 0.042857
6 0.672143 0.487619 0.075714 0.045714
4 0.677857 0.520476 0.061429 0.035238
1 0.592143 0.106190 0.004286 0.012381
1 0.588571 0.105714 0.002857 0.013333
10 0.719286 0.731429 0.025714 0.060952
2 0.714286 0.712381 0.010000 0.015238
