4 0.477857 0.103333 0.050000 0.098095
4 0.526786 0.106190 0.042143 0.086667
4 0.579643 0.104286 0.042143 0.084762
4 0.627857 0.099524 0.040000 0.090476
5 0.403571 0.163810 0.084286 0.057143
5 0.412500 0.215714 0.110714 0.065714
4 0.408929 0.262857 0.110714 0.068571
4 0.411429 0.320952 0.114286 0.070476
4 0.414643 0.386667 0.137857 0.068571
4 0.412857 0.461429 0.120000 0.075238
4 0.415357 0.549048 0.147857 0.117143
4 0.432857 0.638571 0.131429 0.094286
4 0.413929 0.735238 0.170714 0.108571
4 0.418929 0.842381 0.183571 0.101905
5 0.431786 0.959524 0.206429 0.077143
1 0.278214 0.705714 0.027857 0.062857
1 0.561429 0.860000 0.022857 0.070476
1 0.484286 0.250000 0.015714 0.052381
4 0.520714 0.008095 0.085714 0.016190
10 0.579286 0.332857 0.041429 0.040952
10 0.610000 0.383333 0.021429 0.058095
1 0.662143 0.958571 0.028571 0.048571
1 0.643571 0.935714 0.021429 0.039048
10 0.670714 0.914762 0.071429 0.061905
10 0.685000 0.899048 0.065714 0.068571
10 0.691786 0.860952 0.059286 0.091429
10 0.693571 0.776667 0.030000 0.082857
4 0.668214 0.067143 0.040714 0.069524
