4 0.183571 0.565714 0.057143 0.123810
5 0.218214 0.275714 0.047857 0.109524
5 0.240357 0.156667 0.045000 0.098095
5 0.209643 0.446667 0.045000 0.095238
4 0.194643 0.016190 0.072143 0.032381
10 0.121071 0.164286 0.026429 0.035238
5 0.745357 0.960000 0.089286 0.080000
4 0.569643 0.926667 0.045000 0.146667
6 0.518571 0.798095 0.051429 0.188571
5 0.525000 0.578095 0.041429 0.123810
5 0.569643 0.570476 0.035000 0.099048
4 0.572500 0.753333 0.039286 0.133333
5 0.751429 0.653333 0.050000 0.114286
3 0.769286 0.543810 0.017143 0.041905
10 0.738929 0.737619 0.032143 0.023810
1 0.621071 0.976667 0.016429 0.023810
1 0.641071 0.915238 0.013571 0.019048
1 0.622143 0.914762 0.014286 0.018095
1 0.687857 0.845238 0.014286 0.025714
1 0.540714 0.448095 0.012857 0.025714
2 0.494643 0.429048 0.010714 0.016190
10 0.494643 0.428095 0.012143 0.044762
4 0.573929 0.277619 0.036429 0.103810
6 0.669286 0.287619 0.035714 0.114286
4 0.566429 0.054762 0.031429 0.086667
4 0.574643 0.437619 0.052143 0.109524
5 0.220000 0.914286 0.075714 0.154286
4 0.137857 0.913810 0.067143 0.160952
2 0.428214 0.753333 0.017857 0.020952
3 0.428929 0.755714 0.010714 0.048571
1 0.042500 0.951905 0.032143 0.027619
1 0.021786 0.949524 0.035000 0.022857
4 0.701786 0.534762 0.092143 0.067619
