4 0.509500 0.289000 0.011000 0.007333
5 0.512250 0.284667 0.014500 0.009333
5 0.521250 0.283667 0.015500 0.010000
5 0.524000 0.278667 0.017000 0.010667
5 0.541250 0.273667 0.013500 0.010000
5 0.543000 0.270333 0.013000 0.008667
5 0.555000 0.268000 0.006000 0.010667
4 0.535750 0.277667 0.012500 0.010000
5 0.550000 0.285000 0.016000 0.012667
5 0.556500 0.291000 0.015000 0.010000
4 0.552750 0.274667 0.006500 0.008000
4 0.561000 0.277333 0.010000 0.008000
4 0.563750 0.281667 0.007500 0.008667
4 0.575000 0.285667 0.015000 0.008667
4 0.584250 0.290000 0.013500 0.009333
5 0.586500 0.282667 0.007000 0.012000
5 0.587250 0.294333 0.008500 0.011333
5 0.543250 0.330000 0.008500 0.014667
5 0.539750 0.339333 0.010500 0.017333
5 0.537000 0.359000 0.011000 0.016667
5 0.574500 0.332333 0.010000 0.018000
4 0.576000 0.296333 0.007000 0.011333
4 0.563750 0.298667 0.008500 0.010667
4 0.562500 0.311333 0.009000 0.010667
4 0.575500 0.311667 0.010000 0.012667
4 0.549750 0.302333 0.009500 0.011333
4 0.546250 0.316667 0.010500 0.010667
4 0.548250 0.308333 0.008500 0.011333
4 0.574750 0.324667 0.008500 0.012000
4 0.572250 0.344000 0.010500 0.012000
4 0.549500 0.347333 0.014000 0.014667
4 0.537250 0.373000 0.013500 0.014000
4 0.532500 0.385333 0.016000 0.017333
4 0.572000 0.375000 0.020000 0.014000
4 0.570250 0.388000 0.011500 0.016000
10 0.576250 0.360333 0.005500 0.008667
4 0.444750 0.408667 0.024500 0.013333
1 0.418750 0.409000 0.004500 0.014000
2 0.465250 0.402333 0.004500 0.007333
2 0.463500 0.400333 0.004000 0.007333
2 0.467000 0.400333 0.005000 0.008667
5 0.507000 0.383000 0.015000 0.018000
4 0.513250 0.407333 0.029500 0.016000
1 0.536250 0.401667 0.006500 0.015333
1 0.526750 0.419000 0.004500 0.015333
4 0.571000 0.415667 0.025000 0.015333
4 0.569250 0.425667 0.024500 0.020667
4 0.561750 0.442000 0.016500 0.021333
4 0.563250 0.465000 0.017500 0.027333
10 0.566250 0.484000 0.007500 0.017333
10 0.557750 0.481333 0.008500 0.012000
4 0.556250 0.500667 0.017500 0.033333
5 0.506250 0.480333 0.016500 0.027333
1 0.565250 0.406333 0.003500 0.011333
1 0.564000 0.404667 0.004000 0.013333
1 0.572000 0.398667 0.005000 0.012000
1 0.579000 0.407667 0.004000 0.012667
1 0.583500 0.411000 0.004000 0.014000
1 0.590250 0.417333 0.004500 0.014667
1 0.589000 0.415000 0.006000 0.015333
1 0.513250 0.433667 0.005500 0.014000
1 0.520250 0.438333 0.004500 0.015333
1 0.519250 0.433667 0.004500 0.014000
1 0.522750 0.434000 0.003500 0.013333
2 0.528750 0.432333 0.004500 0.011333
10 0.529750 0.439000 0.006500 0.011333
3 0.524750 0.442333 0.006500 0.011333
1 0.547500 0.446000 0.004000 0.016000
6 0.510250 0.447667 0.015500 0.027333
4 0.265000 0.661333 0.051000 0.033333
4 0.345750 0.581000 0.045500 0.028667
5 0.357500 0.553333 0.046000 0.032000
4 0.347250 0.730333 0.038500 0.066000
4 0.491250 0.525667 0.021500 0.034000
1 0.510250 0.526667 0.006500 0.021333
4 0.486750 0.562000 0.019500 0.033333
4 0.461250 0.654333 0.036500 0.051333
4 0.439250 0.722667 0.031500 0.065333
4 0.522250 0.723000 0.028500 0.063333
4 0.549000 0.787333 0.033000 0.069333
4 0.485000 0.792333 0.032000 0.075333
4 0.415500 0.823333 0.042000 0.086667
2 0.478500 0.674000 0.010000 0.020000
2 0.505250 0.672000 0.009500 0.018667
10 0.504750 0.676667 0.010500 0.032000
10 0.477750 0.685000 0.010500 0.030000
2 0.402500 0.964333 0.013000 0.019333
1 0.410500 0.936667 0.013000 0.032000
4 0.620250 0.951667 0.043500 0.096667
4 0.620750 0.808000 0.036500 0.080000
3 0.671500 0.698667 0.021000 0.028000
6 0.611750 0.708000 0.034500 0.104000
1 0.572750 0.536667 0.007500 0.020000
1 0.624250 0.549333 0.006500 0.022667
5 0.626000 0.466000 0.015000 0.034667
1 0.647750 0.457333 0.004500 0.016000
1 0.643250 0.456333 0.003500 0.010000
10 0.622500 0.432667 0.005000 0.013333
1 0.614000 0.394667 0.004000 0.013333
1 0.616250 0.397333 0.003500 0.012000
1 0.621500 0.402333 0.004000 0.015333
1 0.633250 0.414000 0.005500 0.017333
1 0.636250 0.414667 0.004500 0.012000
1 0.642000 0.403000 0.005000 0.016667
1 0.646750 0.395333 0.004500 0.016000
1 0.651500 0.394333 0.004000 0.015333
10 0.656250 0.422000 0.010500 0.010667
1 0.656750 0.383333 0.003500 0.014667
1 0.660000 0.387667 0.004000 0.015333
2 0.660750 0.349333 0.003500 0.008000
2 0.667500 0.356667 0.004000 0.010667
2 0.661250 0.336667 0.004500 0.008000
3 0.660750 0.355000 0.004500 0.007333
3 0.667250 0.361000 0.004500 0.010000
3 0.660250 0.341667 0.003500 0.008667
1 0.668250 0.347333 0.003500 0.012000
1 0.671250 0.328333 0.003500 0.011333
1 0.686000 0.323333 0.003000 0.012000
1 0.698000 0.314667 0.003000 0.008000
4 0.685000 0.341000 0.014000 0.014000
5 0.693750 0.330667 0.013500 0.017333
1 0.699250 0.322000 0.003500 0.009333
5 0.667250 0.300000 0.011500 0.010667
5 0.677000 0.301667 0.010000 0.010000
0 0.690500 0.234000 0.153000 0.112000
0 0.559000 0.208667 0.109000 0.045333
