6 0.591786 0.555714 0.036429 0.058095
4 0.660000 0.930952 0.038571 0.100000
9 0.526071 0.253333 0.016429 0.038095
4 0.532857 0.337619 0.014286 0.018095
5 0.507500 0.245714 0.007857 0.017143
4 0.510000 0.200000 0.007143 0.007619
6 0.600714 0.207619 0.018571 0.011429
4 0.629643 0.205238 0.010714 0.008571
4 0.641071 0.203333 0.010714 0.010476
4 0.663929 0.250476 0.022143 0.011429
4 0.667857 0.293333 0.014286 0.030476
5 0.630357 0.279048 0.023571 0.013333
4 0.635714 0.291905 0.022857 0.014286
4 0.631071 0.269048 0.022143 0.014286
6 0.491429 0.147619 0.010000 0.017143
4 0.480357 0.136190 0.005000 0.005714
4 0.474286 0.120952 0.004286 0.005714
6 0.484643 0.078095 0.005000 0.007619
0 0.492857 0.071429 0.008571 0.013333
0 0.490714 0.090476 0.002857 0.007619
5 0.321071 0.443810 0.020714 0.028571
1 0.391429 0.579048 0.004286 0.015238
2 0.735714 0.776667 0.007143 0.014286
3 0.731429 0.784286 0.010000 0.029524
6 0.709286 0.340000 0.035714 0.019048
4 0.785000 0.387619 0.027143 0.015238
6 0.730357 0.285238 0.026429 0.021905
4 0.700714 0.307619 0.012857 0.019048
5 0.702500 0.275714 0.019286 0.014286
4 0.447857 0.181905 0.001429 0.007619
4 0.450714 0.182381 0.002857 0.006667
0 0.503929 0.024762 0.020714 0.030476
2 0.365357 0.380952 0.003571 0.011429
1 0.911786 0.716190 0.012143 0.022857
1 0.923929 0.706667 0.016429 0.024762
