0 0.406071 0.190000 0.013571 0.023810
0 0.388571 0.174286 0.024286 0.017143
0 0.378929 0.149048 0.013571 0.008571
6 0.395000 0.191429 0.005714 0.011429
6 0.390000 0.198095 0.004286 0.011429
6 0.423571 0.246667 0.008571 0.019048
6 0.406071 0.265238 0.009286 0.018095
6 0.395714 0.223810 0.004286 0.009524
4 0.446071 0.428571 0.010714 0.020952
4 0.429643 0.355714 0.007857 0.012381
4 0.443571 0.259524 0.004286 0.006667
4 0.441071 0.248095 0.003571 0.006667
4 0.388929 0.210476 0.002143 0.003810
4 0.413929 0.266190 0.005000 0.006667
4 0.418929 0.316667 0.007857 0.010476
4 0.399643 0.222857 0.002143 0.003810
4 0.381071 0.197619 0.002143 0.002857
0 0.435357 0.254286 0.005000 0.009524
0 0.396071 0.241429 0.007857 0.014286
1 0.412500 0.335714 0.002143 0.006667
4 0.498929 0.616190 0.019286 0.040000
1 0.640714 0.603333 0.005714 0.020000
4 0.220714 0.461905 0.030000 0.017143
4 0.229286 0.469524 0.022857 0.017143
4 0.285357 0.395238 0.020714 0.013333
4 0.284643 0.390000 0.019286 0.008571
4 0.288214 0.383333 0.019286 0.010476
4 0.290357 0.377143 0.020714 0.011429
5 0.301071 0.398571 0.016429 0.016190
1 0.281786 0.452381 0.005000 0.011429
1 0.278929 0.460000 0.003571 0.013333
1 0.252143 0.466190 0.002857 0.012381
