4 0.325000 0.399048 0.031429 0.076190
4 0.489286 0.260000 0.024286 0.059048
4 0.524286 0.162857 0.037143 0.041905
4 0.451786 0.151905 0.020714 0.039048
4 0.413929 0.136190 0.027857 0.047619
4 0.388214 0.050000 0.025000 0.040952
4 0.610357 0.046667 0.043571 0.028571
4 0.855714 0.020952 0.044286 0.032381
4 0.339286 0.165714 0.022857 0.047619
4 0.324286 0.067619 0.024286 0.047619
4 0.216429 0.089048 0.045714 0.040952
5 0.327857 0.246190 0.024286 0.063810
4 0.303571 0.133810 0.021429 0.046667
4 0.388571 0.901429 0.044286 0.120952
9 0.329643 0.636667 0.059286 0.280952
1 0.160714 0.740000 0.020000 0.020952
1 0.152857 0.871429 0.021429 0.020952
1 0.176071 0.178571 0.015000 0.025714
1 0.154286 0.176667 0.015714 0.020000
1 0.183571 0.127619 0.011429 0.024762
1 0.528571 0.302857 0.011429 0.024762
1 0.542143 0.276667 0.010000 0.021905
1 0.614643 0.272857 0.009286 0.027619
1 0.138214 0.053810 0.010714 0.021905
1 0.158214 0.038095 0.010714 0.022857
1 0.195000 0.056667 0.011429 0.023810
1 0.201786 0.055238 0.010714 0.026667
2 0.232143 0.057619 0.007143 0.016190
2 0.207857 0.021429 0.008571 0.016190
10 0.209643 0.024762 0.013571 0.017143
10 0.233571 0.061429 0.010000 0.016190
1 0.143214 0.314286 0.013571 0.017143
1 0.132143 0.300000 0.011429 0.020952
2 0.172143 0.306190 0.008571 0.016190
1 0.788929 0.845714 0.015000 0.020952
1 0.728571 0.579048 0.018571 0.022857
1 0.722500 0.555238 0.019286 0.020952
1 0.727143 0.572857 0.020000 0.021905
0 0.633571 0.320000 0.012857 0.022857
2 0.634286 0.268571 0.010000 0.015238
2 0.640714 0.241429 0.008571 0.014286
2 0.643214 0.233810 0.009286 0.016190
1 0.568571 0.116667 0.007143 0.023810
1 0.558929 0.122381 0.006429 0.023810
1 0.558929 0.107619 0.006429 0.022857
1 0.557857 0.095714 0.007143 0.018095
1 0.558214 0.089524 0.005000 0.022857
1 0.576071 0.094762 0.007857 0.027619
2 0.598214 0.121429 0.006429 0.018095
3 0.598571 0.130000 0.010000 0.023810
0 0.214286 0.193333 0.018571 0.034286
0 0.456071 0.068571 0.020714 0.041905
9 0.613571 0.015714 0.108571 0.031429
4 0.738214 0.012381 0.053571 0.024762
4 0.282857 0.014286 0.021429 0.028571
