6 0.474643 0.154762 0.006429 0.016190
6 0.451786 0.130952 0.006429 0.016190
6 0.497857 0.233333 0.008571 0.019048
0 0.486786 0.257619 0.019286 0.016190
0 0.462500 0.097619 0.003571 0.006667
0 0.511429 0.097143 0.008571 0.011429
0 0.501786 0.076190 0.015000 0.024762
0 0.549286 0.162381 0.004286 0.010476
4 0.455714 0.131905 0.002857 0.004762
4 0.516429 0.108571 0.002857 0.003810
4 0.478214 0.174286 0.003571 0.005714
6 0.260000 0.889524 0.068571 0.220952
5 0.351071 0.448571 0.017857 0.038095
4 0.354643 0.329524 0.010714 0.020952
5 0.706786 0.838095 0.035000 0.070476
4 0.326071 0.832381 0.026429 0.081905
6 0.332857 0.592857 0.018571 0.050476
4 0.291071 0.329524 0.022143 0.013333
4 0.333929 0.292857 0.019286 0.012381
4 0.926071 0.540476 0.039286 0.031429
4 0.967857 0.571905 0.035714 0.035238
4 0.859643 0.380952 0.025000 0.013333
4 0.919286 0.422857 0.027143 0.017143
5 0.936429 0.430476 0.027143 0.020952
