4 0.085714 0.122381 0.025714 0.010476
4 0.154286 0.122857 0.020000 0.013333
4 0.100000 0.115714 0.022857 0.010476
5 0.087857 0.113810 0.022857 0.016190
4 0.112143 0.114286 0.020000 0.013333
9 0.461429 0.121905 0.035714 0.022857
0 0.445000 0.103333 0.020000 0.014286
1 0.085357 0.172381 0.007857 0.017143
1 0.163571 0.148571 0.005714 0.015238
2 0.126786 0.139524 0.003571 0.010476
1 0.191429 0.180000 0.004286 0.011429
1 0.195000 0.176667 0.005714 0.016190
1 0.145000 0.292857 0.012857 0.025714
1 0.188214 0.295714 0.010714 0.027619
10 0.207500 0.240000 0.019286 0.019048
1 0.287500 0.359048 0.010714 0.032381
2 0.258214 0.240000 0.006429 0.013333
2 0.259643 0.239524 0.007857 0.014286
2 0.300714 0.231429 0.010000 0.017143
1 0.305357 0.228095 0.007857 0.021905
1 0.853929 0.645238 0.016429 0.031429
1 0.871071 0.635238 0.027857 0.049524
1 0.860714 0.437143 0.015714 0.038095
4 0.647857 0.220000 0.030000 0.026667
4 0.628571 0.210000 0.024286 0.018095
2 0.630357 0.201905 0.005000 0.013333
1 0.573929 0.163333 0.006429 0.018095
1 0.568214 0.162857 0.005000 0.017143
2 0.692857 0.188095 0.005714 0.008571
1 0.648929 0.170476 0.003571 0.013333
1 0.368571 0.135714 0.004286 0.006667
2 0.608214 0.583810 0.026429 0.038095
2 0.610357 0.375238 0.013571 0.030476
3 0.577143 0.375714 0.028571 0.021905
2 0.526429 0.364286 0.007143 0.014286
