4 0.299582 0.442950 0.013570 0.026902
4 0.334029 0.628479 0.026096 0.052876
4 0.308455 0.392393 0.010438 0.025974
4 0.316284 0.421614 0.012526 0.017625
4 0.309760 0.339981 0.007829 0.013915
4 0.292537 0.337199 0.008873 0.013915
4 0.305585 0.309369 0.005741 0.010204
4 0.241649 0.339981 0.007307 0.013915
4 0.224948 0.342764 0.009395 0.021336
4 0.228862 0.331633 0.009916 0.015770
4 0.232516 0.311224 0.008873 0.015770
4 0.234603 0.295455 0.006785 0.008349
4 0.288100 0.289889 0.007307 0.013915
4 0.280271 0.325139 0.006263 0.015770
4 0.298278 0.269017 0.005741 0.011132
4 0.288622 0.277829 0.006263 0.010204
4 0.286273 0.254638 0.005741 0.002783
4 0.296712 0.251855 0.003653 0.008349
4 0.284186 0.245826 0.006785 0.009276
4 0.293841 0.243506 0.005219 0.012059
4 0.280793 0.222635 0.005219 0.009276
4 0.286795 0.224490 0.002610 0.005566
2 0.562891 0.665121 0.008873 0.007421
2 0.536795 0.615955 0.005741 0.011132
2 0.536534 0.599722 0.005219 0.008349
2 0.495825 0.523191 0.005219 0.009276
2 0.453288 0.461503 0.006785 0.006494
10 0.565240 0.684137 0.008351 0.019481
10 0.535491 0.631725 0.011482 0.018553
3 0.538883 0.613636 0.007829 0.010204
3 0.496347 0.538033 0.007307 0.012987
10 0.453549 0.472635 0.007307 0.008349
9 0.289927 0.198980 0.010960 0.012059
4 0.305063 0.215677 0.003653 0.008349
0 0.288100 0.165584 0.026096 0.038033
2 0.210856 0.574212 0.007307 0.012987
10 0.211378 0.585343 0.008351 0.014842
2 0.218424 0.909555 0.010960 0.012059
10 0.218946 0.931354 0.014092 0.022263
