4 0.796429 0.897143 0.097143 0.205714
4 0.763214 0.667619 0.080714 0.192381
4 0.496786 0.943810 0.073571 0.112381
5 0.489286 0.574286 0.068571 0.203810
10 0.421786 0.628571 0.056429 0.040000
1 0.382500 0.389048 0.023571 0.039048
1 0.456429 0.543333 0.030000 0.048571
4 0.743929 0.465714 0.073571 0.190476
10 0.411429 0.295238 0.055714 0.038095
10 0.409286 0.245238 0.045714 0.063810
4 0.365357 0.159524 0.116429 0.075238
1 0.319643 0.115238 0.022143 0.045714
1 0.302500 0.097619 0.019286 0.044762
4 0.322857 0.030952 0.122857 0.061905
10 0.221429 0.243333 0.024286 0.069524
10 0.185357 0.205714 0.037857 0.080000
10 0.222857 0.504286 0.052857 0.042857
10 0.212500 0.467619 0.060714 0.038095
1 0.234643 0.600000 0.039286 0.032381
1 0.193571 0.561905 0.034286 0.036190
1 0.144643 0.600476 0.037857 0.040952
10 0.175357 0.905714 0.059286 0.045714
10 0.171786 0.960000 0.069286 0.049524
