4 0.399643 0.098350 0.013571 0.031726
4 0.367500 0.442259 0.016429 0.052030
4 0.408214 0.642766 0.023571 0.067259
4 0.456429 0.758249 0.028571 0.077411
5 0.383571 0.260787 0.012857 0.052030
5 0.436429 0.645305 0.027143 0.079949
5 0.499286 0.946066 0.028571 0.090102
5 0.432143 0.944162 0.028571 0.086294
5 0.390357 0.543147 0.019286 0.058376
5 0.448214 0.289975 0.019286 0.054569
5 0.428929 0.289975 0.016429 0.059645
9 0.423929 0.732868 0.036429 0.115482
9 0.377500 0.625000 0.047857 0.184010
5 0.352857 0.513325 0.018571 0.054569
9 0.461786 0.905457 0.072143 0.186548
4 0.684286 0.274746 0.015714 0.034264
4 0.668929 0.277284 0.015000 0.039340
4 0.191429 0.392766 0.037143 0.036802
4 0.141429 0.409898 0.034286 0.025381
