1 0.300000 0.942381 0.017143 0.056190
1 0.316786 0.937143 0.016429 0.060952
1 0.331429 0.945238 0.015714 0.060000
1 0.351071 0.960000 0.017857 0.057143
1 0.356071 0.890000 0.016429 0.060000
1 0.333929 0.885714 0.016429 0.055238
1 0.318929 0.884762 0.017857 0.051429
1 0.366429 0.747143 0.011429 0.042857
1 0.356786 0.748571 0.013571 0.038095
1 0.408214 0.662381 0.010714 0.039048
1 0.403929 0.600952 0.007857 0.030476
1 0.412857 0.597143 0.008571 0.030476
1 0.420000 0.602381 0.008571 0.031429
1 0.382143 0.587143 0.007143 0.029524
1 0.387500 0.585714 0.007857 0.028571
1 0.415000 0.550000 0.007143 0.027619
1 0.415714 0.525238 0.008571 0.023810
1 0.440714 0.523810 0.007143 0.026667
1 0.488571 0.485714 0.005714 0.020952
1 0.423571 0.478095 0.005714 0.022857
1 0.428571 0.473333 0.005714 0.020952
1 0.418214 0.469048 0.003571 0.018095
1 0.415000 0.460476 0.004286 0.016190
1 0.421071 0.446667 0.003571 0.015238
1 0.421429 0.459048 0.005714 0.017143
1 0.425714 0.449048 0.004286 0.018095
1 0.429286 0.450000 0.005714 0.018095
0 0.428571 0.427619 0.020000 0.024762
1 0.492500 0.419048 0.005000 0.013333
1 0.496786 0.409048 0.005000 0.014286
1 0.420357 0.408095 0.005000 0.014286
4 0.465714 0.392857 0.022857 0.014286
1 0.513214 0.393810 0.003571 0.012381
10 0.513214 0.395714 0.010714 0.006667
1 0.516786 0.390476 0.003571 0.013333
1 0.299643 0.399048 0.005000 0.013333
1 0.311071 0.399048 0.005000 0.013333
1 0.335714 0.397619 0.005714 0.014286
1 0.343571 0.390952 0.004286 0.014286
1 0.339286 0.389048 0.004286 0.014286
1 0.373571 0.383810 0.004286 0.013333
10 0.528571 0.390476 0.010000 0.011429
1 0.986786 0.444286 0.007857 0.016190
1 0.966786 0.430952 0.007857 0.016190
1 0.914643 0.417143 0.005000 0.019048
1 0.732500 0.372381 0.005000 0.015238
0 0.657143 0.341905 0.018571 0.024762
5 0.648214 0.294286 0.007857 0.011429
0 0.358929 0.283810 0.070714 0.020952
