2 0.222857 0.911429 0.008571 0.020952
2 0.202500 0.907619 0.010714 0.022857
3 0.227143 0.910476 0.021429 0.034286
10 0.203929 0.905238 0.019286 0.033333
6 0.047500 0.919048 0.095000 0.129524
0 0.262143 0.991905 0.021429 0.016190
6 0.518571 0.388571 0.052857 0.083810
4 0.575000 0.322857 0.022857 0.034286
2 0.555357 0.623810 0.007857 0.015238
2 0.605357 0.526667 0.003571 0.011429
2 0.531429 0.672857 0.005714 0.014286
10 0.529286 0.680952 0.011429 0.015238
10 0.555714 0.628095 0.012857 0.023810
3 0.602143 0.531429 0.007143 0.013333
10 0.608214 0.446190 0.012143 0.012381
10 0.609643 0.473333 0.010714 0.017143
10 0.661071 0.413810 0.007857 0.010476
2 0.608571 0.443333 0.007143 0.014286
2 0.609643 0.466667 0.006429 0.017143
2 0.662500 0.407619 0.005000 0.015238
2 0.613214 0.526667 0.005000 0.013333
2 0.271071 0.546667 0.005000 0.020952
2 0.280714 0.550000 0.005714 0.020000
2 0.670714 0.338095 0.005714 0.013333
2 0.689286 0.334286 0.005714 0.011429
10 0.688214 0.341429 0.006429 0.014286
10 0.670000 0.344762 0.007143 0.013333
4 0.611429 0.271429 0.017143 0.022857
4 0.645357 0.225714 0.016429 0.019048
6 0.667143 0.203333 0.021429 0.031429
2 0.620357 0.248095 0.005000 0.010476
2 0.680357 0.184762 0.003571 0.007619
2 0.704286 0.158571 0.002857 0.006667
10 0.704286 0.161429 0.004286 0.006667
10 0.679286 0.188095 0.004286 0.008571
10 0.620000 0.253333 0.005714 0.007619
1 0.632857 0.160476 0.002857 0.010476
4 0.645000 0.151429 0.011429 0.015238
4 0.671786 0.140000 0.010714 0.013333
1 0.695714 0.152857 0.004286 0.010476
1 0.692143 0.152381 0.002857 0.011429
1 0.689643 0.158095 0.002143 0.009524
1 0.687500 0.162381 0.003571 0.010476
1 0.680714 0.150952 0.004286 0.010476
4 0.667143 0.130000 0.012857 0.016190
5 0.692143 0.137619 0.011429 0.016190
5 0.717857 0.115714 0.008571 0.014286
4 0.725714 0.110000 0.008571 0.012381
10 0.796429 0.111429 0.004286 0.009524
2 0.796071 0.109524 0.002143 0.005714
1 0.723214 0.090000 0.002143 0.008571
6 0.813929 0.073333 0.009286 0.015238
6 0.836071 0.035714 0.007857 0.012381
4 0.852500 0.118095 0.010714 0.011429
4 0.862857 0.088571 0.014286 0.007619
4 0.865357 0.080952 0.013571 0.005714
5 0.827143 0.036190 0.007143 0.007619
0 0.819286 0.019524 0.021429 0.025714
6 0.775357 0.040476 0.025000 0.014286
0 0.773929 0.058095 0.013571 0.019048
0 0.830714 0.061429 0.002857 0.008571
0 0.850357 0.019524 0.010714 0.023810
1 0.777143 0.183810 0.004286 0.013333
4 0.957500 0.130952 0.020714 0.012381
0 0.362857 0.043810 0.027143 0.020952
