4 0.149286 0.770476 0.110000 0.209524
4 0.223214 0.389048 0.087857 0.117143
4 0.694643 0.283810 0.093571 0.078095
4 0.813571 0.391905 0.107143 0.100000
4 0.883571 0.901429 0.134286 0.176190
4 0.975357 0.045714 0.049286 0.060952
4 0.945357 0.516190 0.109286 0.121905
4 0.970000 0.234762 0.060000 0.082857
6 0.071071 0.462381 0.142143 0.231429
1 0.301429 0.390000 0.030000 0.056190
1 0.440000 0.309524 0.020000 0.059048
1 0.531071 0.290476 0.019286 0.047619
1 0.626071 0.202857 0.015000 0.053333
1 0.581429 0.183810 0.014286 0.038095
1 0.544286 0.062857 0.012857 0.040000
1 0.531429 0.080952 0.011429 0.036190
1 0.520000 0.086190 0.012857 0.040952
1 0.506071 0.091905 0.013571 0.048571
1 0.444286 0.171905 0.012857 0.050476
1 0.429286 0.173333 0.015714 0.036190
1 0.420714 0.180952 0.014286 0.032381
1 0.484286 0.136190 0.012857 0.043810
2 0.483214 0.161905 0.013571 0.036190
2 0.515357 0.123333 0.015000 0.029524
2 0.526786 0.131905 0.015000 0.029524
3 0.484643 0.177143 0.017857 0.040000
3 0.452857 0.177619 0.018571 0.037143
7 0.520357 0.141905 0.027857 0.038095
1 0.916429 0.708095 0.037143 0.050476
1 0.870000 0.714286 0.027143 0.047619
1 0.195000 0.014286 0.015714 0.028571
1 0.205000 0.014286 0.015714 0.028571
4 0.877857 0.468095 0.124286 0.117143
2 0.745714 0.418571 0.017143 0.031429
2 0.768929 0.416667 0.016429 0.033333
