4 0.517500 0.546320 0.025000 0.085025
4 0.512143 0.420051 0.024286 0.081218
4 0.473214 0.409264 0.023571 0.085025
4 0.507143 0.310914 0.020000 0.081218
4 0.566786 0.175127 0.020714 0.071066
4 0.511786 0.112310 0.017857 0.072335
4 0.473571 0.124365 0.021429 0.073604
4 0.518929 0.768401 0.027857 0.112944
4 0.477857 0.929569 0.031429 0.123096
4 0.821071 0.678934 0.039286 0.083756
4 0.686786 0.621827 0.027857 0.111675
4 0.324643 0.116117 0.040714 0.059645
4 0.180357 0.147208 0.027857 0.073604
4 0.039286 0.160533 0.024286 0.067259
5 0.083571 0.144036 0.031429 0.067259
5 0.147143 0.127538 0.025714 0.059645
6 0.118214 0.133249 0.023571 0.078680
4 0.011786 0.194162 0.023571 0.068528
6 0.409643 0.775381 0.043571 0.215736
5 0.212500 0.134518 0.026429 0.076142
4 0.057500 0.019036 0.025000 0.038071
4 0.083929 0.018401 0.025000 0.036802
4 0.111071 0.015863 0.020714 0.031726
4 0.162857 0.017132 0.025714 0.034264
4 0.190000 0.012690 0.020000 0.025381
5 0.508571 0.205584 0.022857 0.076142
1 0.372143 0.256345 0.010000 0.027919
1 0.358214 0.253807 0.007857 0.022843
5 0.473571 0.574873 0.022857 0.091371
