4 0.037500 0.521429 0.075000 0.088571
5 0.355714 0.626190 0.122857 0.120952
1 0.298929 0.641905 0.022143 0.047619
1 0.291429 0.666667 0.018571 0.041905
1 0.123929 0.965714 0.040714 0.038095
1 0.838929 0.769524 0.087857 0.171429
4 0.625000 0.624286 0.081429 0.143810
4 0.495714 0.551905 0.094286 0.138095
4 0.441786 0.503333 0.090714 0.128571
6 0.559286 0.570952 0.107143 0.187619
6 0.246429 0.310476 0.085714 0.095238
4 0.291429 0.334762 0.078571 0.090476
1 0.285714 0.169524 0.015714 0.041905
4 0.167143 0.338571 0.091429 0.088571
4 0.145357 0.179524 0.070714 0.071429
6 0.172500 0.238571 0.133571 0.132381
10 0.015714 0.155714 0.027143 0.037143
1 0.009643 0.116190 0.019286 0.032381
0 0.024643 0.106667 0.027857 0.038095
0 0.062500 0.116190 0.030714 0.034286
10 0.675357 0.324762 0.033571 0.028571
