1 0.262500 0.563810 0.003571 0.011429
1 0.265000 0.562857 0.004286 0.011429
1 0.288214 0.553810 0.005000 0.012381
1 0.293214 0.552857 0.005000 0.012381
1 0.297143 0.553333 0.004286 0.013333
1 0.300000 0.551429 0.004286 0.013333
1 0.304643 0.548571 0.005000 0.013333
1 0.299643 0.542381 0.003571 0.014286
1 0.296429 0.543810 0.004286 0.013333
1 0.287500 0.538571 0.005000 0.012381
0 0.279643 0.547619 0.012143 0.015238
1 0.277143 0.538571 0.002857 0.010476
1 0.281071 0.538571 0.003571 0.012381
1 0.271071 0.530000 0.003571 0.012381
1 0.275714 0.529048 0.004286 0.012381
1 0.269643 0.518571 0.003571 0.012381
1 0.265714 0.518095 0.004286 0.013333
1 0.257143 0.507619 0.002857 0.011429
1 0.260000 0.511429 0.004286 0.011429
1 0.264286 0.510476 0.004286 0.011429
0 0.276429 0.497143 0.018571 0.034286
4 0.262143 0.492857 0.008571 0.010476
4 0.297143 0.496667 0.020000 0.010476
4 0.114286 0.444286 0.004286 0.010476
1 0.784286 0.458095 0.008571 0.020952
0 0.747500 0.374762 0.045000 0.016190
0 0.825000 0.380952 0.071429 0.017143
0 0.914643 0.384762 0.059286 0.015238
0 0.973214 0.370000 0.020714 0.054286
0 0.369286 0.518571 0.017143 0.025714
1 0.156071 0.578095 0.005000 0.015238
1 0.166071 0.576190 0.003571 0.015238
