0 0.457857 0.023810 0.021429 0.036190
0 0.492500 0.021905 0.015000 0.011429
1 0.382143 0.731905 0.011429 0.035238
1 0.458571 0.190000 0.002857 0.008571
6 0.617143 0.194286 0.014286 0.017143
6 0.589286 0.334286 0.037143 0.030476
6 0.577500 0.254286 0.025000 0.022857
6 0.461429 0.261905 0.017143 0.041905
4 0.609643 0.193333 0.007857 0.009524
4 0.602857 0.190952 0.005714 0.008571
4 0.444643 0.106190 0.005000 0.010476
6 0.445714 0.090952 0.007143 0.020000
4 0.593929 0.299048 0.010714 0.019048
4 0.445000 0.323333 0.014286 0.020000
2 0.456071 0.413333 0.003571 0.009524
10 0.456071 0.418095 0.003571 0.013333
4 0.474643 0.163810 0.005000 0.007619
5 0.142857 0.224286 0.024286 0.014286
