9 0.346071 0.560000 0.083571 0.306667
9 0.403214 0.050952 0.042143 0.101905
4 0.933214 0.013810 0.065000 0.027619
4 0.986786 0.230000 0.026429 0.035238
4 0.971429 0.919048 0.051429 0.144762
4 0.023929 0.887619 0.047857 0.160000
4 0.364286 0.967143 0.050000 0.058095
5 0.018571 0.015238 0.030000 0.030476
4 0.162500 0.018571 0.029286 0.037143
4 0.035000 0.057619 0.038571 0.065714
4 0.074286 0.052857 0.044286 0.073333
4 0.110357 0.052381 0.039286 0.074286
4 0.352857 0.117143 0.032857 0.068571
4 0.328214 0.315238 0.035000 0.083810
4 0.296429 0.490952 0.040000 0.103810
4 0.238571 0.831905 0.052857 0.140000
4 0.805357 0.896667 0.057857 0.151429
4 0.664643 0.256667 0.033571 0.079048
4 0.331071 0.209048 0.036429 0.079048
4 0.653214 0.133810 0.026429 0.065714
4 0.585357 0.691429 0.040714 0.129524
4 0.131071 0.865714 0.059286 0.135238
4 0.906786 0.420476 0.039286 0.088571
5 0.903214 0.301429 0.037857 0.109524
5 0.897500 0.222857 0.032143 0.070476
5 0.612500 0.270952 0.030714 0.075238
4 0.844286 0.673810 0.055714 0.120952
4 0.231429 0.982857 0.047143 0.032381
4 0.166429 0.238095 0.068571 0.040000
4 0.176429 0.199524 0.064286 0.039048
4 0.182500 0.166667 0.067857 0.030476
4 0.194286 0.132381 0.061429 0.036190
4 0.206786 0.104286 0.059286 0.037143
4 0.222500 0.020476 0.067857 0.029524
4 0.945357 0.030476 0.067857 0.034286
4 0.956071 0.056667 0.063571 0.042857
5 0.963929 0.091905 0.072143 0.046667
5 0.971786 0.118571 0.056429 0.040952
8 0.966071 0.151905 0.042143 0.027619
5 0.942500 0.746190 0.050714 0.119048
4 0.218214 0.047143 0.055000 0.039048
1 0.147143 0.173333 0.011429 0.028571
1 0.145357 0.161429 0.009286 0.021905
1 0.078571 0.561429 0.028571 0.025714
1 0.038571 0.704762 0.028571 0.024762
1 0.155357 0.599524 0.019286 0.027619
2 0.243929 0.480476 0.016429 0.027619
2 0.350357 0.340000 0.013571 0.022857
2 0.376786 0.336190 0.013571 0.022857
10 0.245714 0.479524 0.032857 0.035238
10 0.350000 0.348571 0.011429 0.032381
3 0.379286 0.347619 0.011429 0.030476
1 0.796786 0.089048 0.009286 0.031429
1 0.839286 0.217143 0.012857 0.032381
1 0.988571 0.683810 0.021429 0.024762
1 0.924643 0.309524 0.012143 0.034286
1 0.930000 0.424286 0.007143 0.014286
1 0.935000 0.426190 0.015714 0.029524
1 0.908214 0.520476 0.022143 0.027619
1 0.854643 0.544762 0.015000 0.026667
1 0.848929 0.051429 0.016429 0.034286
