0 0.439286 0.393333 0.032857 0.047619
0 0.369643 0.290476 0.010714 0.022857
0 0.352857 0.251429 0.018571 0.026667
0 0.337500 0.270952 0.019286 0.018095
6 0.414643 0.377143 0.012143 0.022857
9 0.348929 0.391429 0.010714 0.020952
6 0.382143 0.343810 0.010000 0.020952
6 0.433214 0.447143 0.026429 0.018095
6 0.424286 0.434762 0.025714 0.014286
6 0.485000 0.530952 0.027143 0.018095
4 0.493571 0.556190 0.018571 0.024762
4 0.341786 0.420000 0.006429 0.011429
4 0.343929 0.408095 0.007857 0.010476
4 0.359643 0.354762 0.009286 0.006667
4 0.416071 0.361429 0.005000 0.006667
4 0.481429 0.387619 0.012857 0.009524
4 0.455714 0.338571 0.011429 0.004762
4 0.455714 0.336667 0.011429 0.006667
5 0.428214 0.343810 0.013571 0.009524
5 0.412143 0.345714 0.010000 0.005714
5 0.408214 0.357143 0.005000 0.009524
5 0.467857 0.358571 0.005714 0.008571
4 0.483929 0.355238 0.009286 0.007619
0 0.497143 0.412381 0.007143 0.013333
0 0.366071 0.424762 0.006429 0.013333
5 0.010000 0.687619 0.020000 0.045714
0 0.245000 0.394762 0.050000 0.025714
4 0.117143 0.425238 0.018571 0.006667
4 0.120714 0.430952 0.017143 0.008571
4 0.179643 0.468095 0.013571 0.016190
0 0.170357 0.433810 0.022143 0.029524
0 0.183929 0.393333 0.007857 0.011429
4 0.132143 0.469048 0.010000 0.016190
5 0.044643 0.421429 0.019286 0.014286
6 0.303214 0.418095 0.012143 0.017143
4 0.565000 0.880952 0.054286 0.045714
4 0.557500 0.841905 0.052143 0.051429
4 0.545357 0.734286 0.040714 0.032381
6 0.553214 0.697143 0.043571 0.028571
6 0.546786 0.678571 0.042143 0.023810
4 0.572857 0.579048 0.027143 0.019048
4 0.583571 0.599048 0.024286 0.019048
4 0.592500 0.608571 0.025000 0.019048
4 0.732857 0.892857 0.042857 0.061905
4 0.706429 0.933333 0.047143 0.074286
0 0.397143 0.313333 0.025714 0.024762
1 0.618571 0.826190 0.008571 0.025714
1 0.632857 0.792381 0.007143 0.020952
10 0.690357 0.794762 0.013571 0.014286
