5 0.456071 0.753333 0.079286 0.068571
4 0.558929 0.576667 0.057857 0.040952
1 0.817500 0.480952 0.006429 0.022857
4 0.809643 0.337619 0.029286 0.014286
4 0.760357 0.346190 0.029286 0.010476
4 0.761429 0.338571 0.020000 0.010476
0 0.822857 0.352381 0.028571 0.019048
1 0.441429 0.570952 0.005714 0.023810
8 0.359286 0.493810 0.024286 0.027619
9 0.244286 0.488095 0.057143 0.040952
6 0.221786 0.465238 0.050714 0.035238
4 0.190357 0.442381 0.032143 0.021905
0 0.090714 0.526667 0.127143 0.108571
0 0.235000 0.602381 0.158571 0.092381
