4 0.073929 0.483333 0.070714 0.048571
4 0.342857 0.596190 0.078571 0.060952
4 0.572857 0.560952 0.040000 0.089524
4 0.793929 0.440476 0.055000 0.071429
4 0.892143 0.506190 0.052857 0.071429
1 0.661429 0.783810 0.012857 0.026667
1 0.348929 0.763333 0.009286 0.020000
1 0.358214 0.755714 0.013571 0.016190
3 0.612143 0.207143 0.017143 0.016190
1 0.611071 0.200000 0.009286 0.020952
5 0.799643 0.263333 0.046429 0.058095
4 0.417143 0.110476 0.022857 0.041905
4 0.490714 0.068571 0.021429 0.036190
4 0.492143 0.023333 0.018571 0.037143
