1 0.600714 0.672381 0.012857 0.030476
1 0.626786 0.673810 0.015000 0.031429
1 0.631071 0.669524 0.012143 0.026667
1 0.605000 0.654762 0.010000 0.033333
1 0.611429 0.650952 0.011429 0.033333
1 0.509643 0.598095 0.009286 0.026667
1 0.493929 0.586667 0.013571 0.028571
1 0.505000 0.580476 0.008571 0.027619
1 0.512500 0.575238 0.009286 0.026667
1 0.486071 0.569524 0.012143 0.026667
1 0.444286 0.522381 0.008571 0.025714
0 0.405357 0.489524 0.047857 0.072381
1 0.575357 0.322857 0.006429 0.024762
1 0.582500 0.321905 0.006429 0.019048
1 0.586429 0.324286 0.005714 0.018095
1 0.599286 0.311429 0.005714 0.019048
1 0.602143 0.312381 0.005714 0.019048
1 0.606786 0.309048 0.005000 0.021905
1 0.610357 0.309524 0.006429 0.019048
1 0.616071 0.301905 0.005000 0.019048
1 0.619643 0.302857 0.006429 0.017143
1 0.572500 0.264762 0.006429 0.019048
1 0.577857 0.266190 0.008571 0.020000
10 0.093214 0.549524 0.030714 0.028571
2 0.097857 0.542381 0.012857 0.025714
2 0.090357 0.543810 0.013571 0.022857
1 0.075000 0.534286 0.017143 0.028571
1 0.035714 0.523333 0.020000 0.025714
1 0.018571 0.527143 0.018571 0.023810
1 0.167143 0.487619 0.012857 0.026667
1 0.163214 0.487143 0.012143 0.025714
7 0.714643 0.281905 0.023571 0.024762
0 0.588929 0.071429 0.055000 0.028571
0 0.778214 0.074762 0.172143 0.058095
0 0.487143 0.064762 0.084286 0.028571
0 0.502857 0.028571 0.022857 0.019048
