4 0.726071 0.986667 0.010714 0.026667
4 0.541429 0.960952 0.018571 0.045714
4 0.592857 0.876667 0.017143 0.037143
4 0.585357 0.830476 0.016429 0.038095
4 0.526071 0.736667 0.012143 0.035238
4 0.515357 0.774286 0.013571 0.040000
4 0.500357 0.690000 0.013571 0.037143
5 0.534643 0.682381 0.010714 0.025714
4 0.552857 0.676667 0.014286 0.027619
4 0.560357 0.710000 0.012143 0.029524
4 0.535714 0.593333 0.011429 0.022857
4 0.573929 0.609048 0.022143 0.016190
4 0.480714 0.559524 0.012857 0.025714
4 0.516429 0.492857 0.010000 0.021905
4 0.511786 0.472857 0.009286 0.018095
4 0.491786 0.444286 0.009286 0.018095
4 0.507143 0.451429 0.010000 0.019048
4 0.503929 0.434286 0.007857 0.013333
4 0.489643 0.361905 0.006429 0.015238
4 0.437500 0.267143 0.005000 0.012381
4 0.438571 0.211429 0.007143 0.013333
4 0.422143 0.162381 0.004286 0.010476
1 0.430000 0.125714 0.002857 0.007619
4 0.436071 0.254286 0.005000 0.011429
5 0.425000 0.177143 0.005714 0.011429
10 0.575714 0.873333 0.007143 0.019048
6 0.985714 0.796190 0.028571 0.041905
5 0.955000 0.793333 0.021429 0.043810
4 0.271429 0.683810 0.027143 0.020952
4 0.285000 0.609524 0.012857 0.028571
5 0.271429 0.814762 0.012857 0.040952
