4 0.414643 0.516667 0.030714 0.044762
4 0.453929 0.441429 0.019286 0.031429
4 0.471429 0.396190 0.017143 0.026667
4 0.515000 0.218095 0.008571 0.009524
4 0.510000 0.200952 0.007143 0.009524
4 0.501786 0.188095 0.007857 0.010476
4 0.503214 0.171429 0.006429 0.007619
4 0.507857 0.141905 0.007143 0.007619
4 0.496071 0.120000 0.005000 0.005714
4 0.487500 0.106190 0.005000 0.006667
0 0.530357 0.376667 0.007857 0.021905
0 0.345357 0.580000 0.026429 0.024762
0 0.317500 0.530000 0.019286 0.027619
10 0.583929 0.687619 0.016429 0.028571
2 0.584643 0.684762 0.010714 0.017143
1 0.439286 0.787143 0.010000 0.023810
1 0.456786 0.769048 0.007857 0.021905
1 0.597143 0.780476 0.008571 0.021905
1 0.590357 0.777619 0.006429 0.014286
1 0.569286 0.821429 0.008571 0.027619
1 0.633929 0.981905 0.010714 0.032381
1 0.617500 0.983333 0.010714 0.033333
2 0.551429 0.833333 0.015714 0.022857
2 0.683929 0.733810 0.012143 0.020000
10 0.552143 0.831429 0.014286 0.043810
1 0.101071 0.875238 0.017857 0.020952
1 0.173571 0.730952 0.010000 0.020000
2 0.096429 0.837619 0.020000 0.020000
2 0.152143 0.730952 0.011429 0.016190
2 0.156786 0.686667 0.013571 0.015238
2 0.117143 0.803810 0.012857 0.017143
2 0.140714 0.657619 0.008571 0.010476
2 0.149286 0.666667 0.011429 0.013333
0 0.209286 0.845238 0.017143 0.039048
0 0.222143 0.780952 0.020000 0.034286
1 0.967143 0.654286 0.012857 0.024762
1 0.942500 0.656190 0.012143 0.022857
1 0.936786 0.648095 0.010714 0.021905
1 0.948214 0.641429 0.010714 0.027619
1 0.938571 0.526190 0.008571 0.021905
10 0.937500 0.533810 0.022143 0.023810
