0 0.890000 0.281333 0.031000 0.014667
4 0.138250 0.764667 0.112500 0.108000
4 0.040500 0.633333 0.081000 0.074667
1 0.128500 0.586333 0.030000 0.054000
1 0.128750 0.586000 0.020500 0.048000
4 0.171500 0.565000 0.107000 0.060667
1 0.080750 0.482000 0.013500 0.036000
1 0.088750 0.477000 0.009500 0.036667
1 0.102000 0.474333 0.010000 0.035333
6 0.112750 0.453667 0.077500 0.042000
6 0.142750 0.473000 0.098500 0.079333
4 0.504250 0.580333 0.091500 0.064667
4 0.401250 0.501000 0.064500 0.048667
5 0.296500 0.436667 0.057000 0.032000
4 0.391250 0.469667 0.063500 0.040667
6 0.623250 0.331333 0.060500 0.038667
9 0.638500 0.357667 0.047000 0.044667
5 0.750500 0.521667 0.093000 0.058000
4 0.780500 0.494333 0.088000 0.046000
4 0.804250 0.456333 0.073500 0.036667
4 0.837500 0.412333 0.066000 0.030000
5 0.848500 0.397333 0.055000 0.030667
4 0.851500 0.382333 0.053000 0.024667
4 0.871750 0.355000 0.042500 0.019333
4 0.886250 0.339333 0.018500 0.020000
4 0.871750 0.272333 0.012500 0.006000
4 0.899500 0.313000 0.024000 0.011333
5 0.928500 0.334333 0.020000 0.022000
4 0.917250 0.278000 0.011500 0.005333
4 0.919250 0.279000 0.012500 0.006000
5 0.929750 0.281667 0.012500 0.007333
4 0.932250 0.283333 0.015500 0.006667
5 0.953250 0.281333 0.015500 0.010667
4 0.945500 0.288667 0.016000 0.006667
4 0.948000 0.292000 0.017000 0.008000
5 0.954000 0.294667 0.018000 0.010667
4 0.961750 0.297333 0.025500 0.010667
4 0.965500 0.302000 0.025000 0.010667
4 0.964250 0.304667 0.026500 0.010667
4 0.974250 0.315000 0.033500 0.010000
4 0.977750 0.317667 0.032500 0.011333
4 0.974250 0.318333 0.030500 0.010000
4 0.975750 0.322000 0.033500 0.012000
4 0.973500 0.325667 0.036000 0.014000
4 0.978000 0.332333 0.038000 0.015333
4 0.979250 0.339333 0.041500 0.016000
4 0.977000 0.362333 0.046000 0.024667
4 0.979000 0.380000 0.042000 0.024000
5 0.977500 0.402667 0.045000 0.036000
4 0.978750 0.447333 0.042500 0.029333
5 0.979250 0.458667 0.041500 0.042667
1 0.991750 0.481667 0.011500 0.027333
4 0.970750 0.498667 0.058500 0.048000
4 0.980250 0.531667 0.039500 0.048667
5 0.698750 0.303667 0.020500 0.011333
5 0.713750 0.300000 0.016500 0.010667
0 0.693000 0.342333 0.038000 0.034000
5 0.801250 0.269667 0.006500 0.004667
4 0.809250 0.271000 0.007500 0.004667
2 0.780250 0.275000 0.001500 0.004667
10 0.780500 0.276333 0.002000 0.003333
6 0.328250 0.344000 0.037500 0.021333
