10 0.582143 0.953810 0.014286 0.037143
2 0.582143 0.957619 0.011429 0.018095
1 0.578929 0.867619 0.012143 0.028571
1 0.560714 0.828571 0.014286 0.020952
10 0.492857 0.701905 0.012857 0.036190
7 0.528214 0.662857 0.020714 0.066667
1 0.533571 0.526190 0.012857 0.023810
3 0.464643 0.456190 0.013571 0.043810
4 0.548929 0.428571 0.045000 0.114286
1 0.466429 0.347619 0.014286 0.019048
3 0.475357 0.163810 0.009286 0.036190
2 0.476429 0.159524 0.010000 0.021905
1 0.501429 0.183333 0.010000 0.029524
4 0.528214 0.167143 0.049286 0.113333
1 0.472500 0.061429 0.009286 0.025714
1 0.462143 0.056667 0.010000 0.029524
