4 0.625000 0.598330 0.048539 0.053803
4 0.530271 0.342764 0.035491 0.039889
4 0.455115 0.248609 0.021921 0.027829
4 0.415710 0.176252 0.015136 0.024119
4 0.115866 0.237477 0.034447 0.027829
4 0.093946 0.184137 0.026096 0.025046
4 0.011743 0.248145 0.022443 0.036178
2 0.107255 0.138219 0.004697 0.016698
2 0.244259 0.150742 0.004175 0.013915
2 0.180063 0.089981 0.004175 0.007421
2 0.209029 0.076067 0.004697 0.012987
2 0.329854 0.074212 0.004175 0.014842
2 0.346816 0.055195 0.003653 0.008349
2 0.503653 0.266698 0.004175 0.013915
10 0.107777 0.144249 0.007829 0.008349
10 0.180063 0.096939 0.008351 0.006494
10 0.209029 0.084416 0.006785 0.009276
10 0.244259 0.160019 0.004175 0.006494
10 0.346294 0.061224 0.003653 0.007421
3 0.504697 0.273191 0.008351 0.012059
2 0.474165 0.236085 0.003653 0.012059
2 0.470772 0.231447 0.004175 0.012059
7 0.472599 0.240260 0.013048 0.014842
0 0.311065 0.020408 0.013570 0.018553
0 0.357516 0.051948 0.006263 0.012987
