4 0.262857 0.011429 0.017143 0.020952
4 0.270357 0.043333 0.020714 0.037143
4 0.278571 0.076190 0.018571 0.022857
4 0.287500 0.098571 0.019286 0.027619
4 0.297143 0.131429 0.032857 0.051429
4 0.317500 0.198571 0.029286 0.056190
4 0.334643 0.255714 0.027857 0.058095
4 0.350357 0.314286 0.036429 0.062857
1 0.243929 0.418095 0.006429 0.024762
1 0.315714 0.447619 0.007143 0.022857
10 0.327143 0.452857 0.007143 0.027619
10 0.266786 0.743333 0.040714 0.109524
10 0.283214 0.866190 0.045000 0.119048
1 0.339643 0.737143 0.003571 0.022857
1 0.345714 0.741905 0.004286 0.022857
1 0.355357 0.747143 0.006429 0.023810
1 0.349643 0.822381 0.006429 0.027619
1 0.360357 0.830476 0.007857 0.022857
10 0.045357 0.934762 0.013571 0.060000
0 0.018929 0.944286 0.032143 0.052381
1 0.415000 0.868095 0.008571 0.039048
1 0.428214 0.868095 0.009286 0.039048
1 0.401071 0.755238 0.006429 0.022857
4 0.535357 0.960000 0.057857 0.080000
4 0.566071 0.754286 0.062143 0.121905
4 0.448214 0.652857 0.053571 0.109524
4 0.481786 0.795714 0.067857 0.128571
4 0.410357 0.539048 0.053571 0.089524
4 0.389643 0.460952 0.045000 0.070476
4 0.370357 0.388095 0.045000 0.073333
4 0.516786 0.326667 0.039286 0.064762
4 0.547857 0.405714 0.047143 0.080000
4 0.435000 0.233333 0.032857 0.051429
4 0.478929 0.236667 0.033571 0.054286
10 0.396071 0.078571 0.007857 0.021905
2 0.396429 0.074762 0.005714 0.014286
4 0.478929 0.007143 0.045000 0.012381
4 0.479643 0.013810 0.040714 0.025714
4 0.488929 0.026667 0.046429 0.022857
4 0.494643 0.045714 0.046429 0.026667
4 0.500714 0.063810 0.048571 0.028571
5 0.512143 0.081429 0.044286 0.037143
4 0.520000 0.107143 0.050000 0.037143
4 0.530714 0.129524 0.045714 0.034286
5 0.543929 0.149048 0.047857 0.037143
4 0.555357 0.173333 0.049286 0.040000
4 0.568214 0.199524 0.053571 0.046667
4 0.583214 0.226667 0.053571 0.043810
1 0.543214 0.055714 0.006429 0.023810
1 0.552143 0.051905 0.007143 0.023810
1 0.575357 0.070476 0.005000 0.019048
1 0.572143 0.058571 0.004286 0.020000
5 0.588929 0.037619 0.039286 0.033333
4 0.722500 0.808095 0.069286 0.113333
4 0.671071 0.689524 0.059286 0.110476
5 0.587500 0.013333 0.026429 0.026667
4 0.675000 0.164762 0.040000 0.057143
4 0.710357 0.221905 0.037857 0.049524
4 0.766429 0.300952 0.048571 0.070476
4 0.645000 0.332381 0.054286 0.043810
4 0.609643 0.273333 0.050714 0.043810
4 0.627857 0.303333 0.057143 0.052381
4 0.674643 0.403810 0.059286 0.059048
4 0.697143 0.434762 0.062857 0.050476
4 0.717500 0.467619 0.066429 0.059048
4 0.821786 0.375714 0.059286 0.073333
1 0.816429 0.530952 0.011429 0.040952
0 0.892857 0.533810 0.110000 0.107619
0 0.912857 0.418571 0.021429 0.040952
4 0.756786 0.602857 0.083571 0.062857
4 0.782143 0.651905 0.081429 0.060000
4 0.802500 0.699524 0.086429 0.061905
4 0.825000 0.743333 0.094286 0.075238
4 0.866071 0.809524 0.095000 0.068571
4 0.889643 0.866667 0.085000 0.057143
4 0.798214 0.961429 0.067857 0.077143
4 0.941429 0.935238 0.092857 0.055238
10 0.925357 0.687619 0.040714 0.060952
