4 0.716786 0.936667 0.209286 0.120952
4 0.371071 0.863810 0.082143 0.241905
4 0.462857 0.775714 0.070000 0.216190
1 0.548571 0.857143 0.020000 0.062857
1 0.074286 0.726190 0.021429 0.054286
1 0.096786 0.723333 0.030714 0.046667
4 0.059286 0.649524 0.114286 0.190476
1 0.513571 0.547619 0.018571 0.053333
1 0.316071 0.449524 0.015000 0.049524
1 0.492857 0.410952 0.021429 0.056190
1 0.539643 0.410476 0.016429 0.059048
4 0.389286 0.609048 0.064286 0.174286
4 0.396071 0.411905 0.055000 0.122857
4 0.161786 0.345714 0.072143 0.112381
4 0.191429 0.249524 0.062857 0.091429
4 0.239643 0.110000 0.046429 0.065714
4 0.260357 0.050952 0.042143 0.061905
5 0.276786 0.016667 0.035000 0.033333
5 0.216429 0.166190 0.047143 0.084762
4 0.419643 0.020952 0.027857 0.041905
4 0.451786 0.024286 0.026429 0.046667
4 0.413929 0.061905 0.032143 0.057143
5 0.408214 0.124762 0.037857 0.062857
10 0.450000 0.124762 0.017143 0.028571
4 0.402857 0.292381 0.042857 0.100952
4 0.590000 0.259048 0.100000 0.070476
4 0.603929 0.345714 0.112143 0.080000
4 0.584286 0.213333 0.095714 0.059048
5 0.583214 0.179048 0.082143 0.053333
10 0.579643 0.140000 0.032143 0.034286
10 0.576786 0.149048 0.025000 0.027619
10 0.550714 0.146667 0.022857 0.028571
10 0.555000 0.101905 0.028571 0.032381
4 0.561071 0.080476 0.066429 0.048571
4 0.551429 0.059524 0.067143 0.044762
5 0.549286 0.035238 0.077143 0.051429
4 0.545000 0.021429 0.067143 0.035238
5 0.547500 0.013810 0.055000 0.027619
10 0.400714 0.179524 0.011429 0.031429
