4 0.393750 0.763000 0.074500 0.190000
4 0.389750 0.575667 0.056500 0.123333
4 0.400750 0.460000 0.067500 0.094667
1 0.427250 0.337333 0.015500 0.045333
4 0.395000 0.306333 0.038000 0.063333
1 0.428500 0.281667 0.009000 0.043333
4 0.397750 0.254000 0.034500 0.052000
4 0.399750 0.217000 0.029500 0.044667
1 0.428000 0.236333 0.011000 0.036667
1 0.438000 0.261667 0.008000 0.038000
1 0.434250 0.254000 0.007500 0.036000
4 0.599750 0.329667 0.048500 0.075333
4 0.668250 0.188333 0.038500 0.046000
4 0.742750 0.229333 0.048500 0.040000
4 0.763500 0.149667 0.040000 0.035333
1 0.932500 0.261000 0.015000 0.040667
5 0.962750 0.239333 0.074500 0.048000
4 0.920500 0.225667 0.064000 0.038000
4 0.894750 0.205333 0.067500 0.038667
4 0.884000 0.182333 0.060000 0.031333
5 0.859750 0.158000 0.053500 0.037333
4 0.847250 0.148000 0.066500 0.029333
4 0.861000 0.135000 0.056000 0.028667
5 0.849500 0.119333 0.052000 0.033333
5 0.848750 0.091000 0.042500 0.030000
5 0.907250 0.119000 0.056500 0.034000
5 0.894750 0.090667 0.045500 0.025333
4 0.788000 0.113667 0.046000 0.027333
1 0.806500 0.097333 0.007000 0.021333
5 0.806500 0.089667 0.042000 0.034000
5 0.753250 0.080000 0.028500 0.036000
1 0.736250 0.089333 0.005500 0.024000
1 0.741750 0.090333 0.004500 0.022000
5 0.940500 0.090000 0.036000 0.032000
5 0.966000 0.088667 0.028000 0.032000
5 0.987000 0.086667 0.026000 0.029333
5 0.929250 0.072667 0.029500 0.022667
5 0.908250 0.084333 0.033500 0.031333
5 0.873500 0.079667 0.033000 0.031333
6 0.823000 0.065333 0.066000 0.053333
6 0.707000 0.085333 0.050000 0.036000
1 0.677250 0.073667 0.008500 0.023333
1 0.684500 0.073667 0.004000 0.022000
4 0.670750 0.070333 0.020500 0.024667
7 0.692250 0.065333 0.013500 0.014667
1 0.716250 0.061000 0.004500 0.012667
1 0.703500 0.043000 0.007000 0.022000
5 0.679000 0.041667 0.022000 0.023333
10 0.661750 0.047333 0.011500 0.014667
4 0.642750 0.043333 0.027500 0.024000
4 0.609500 0.032333 0.020000 0.019333
1 0.618250 0.093667 0.008500 0.018000
1 0.613250 0.096333 0.004500 0.016667
10 0.617750 0.100000 0.015500 0.016000
4 0.482250 0.099000 0.025500 0.034000
4 0.533500 0.060333 0.041000 0.023333
5 0.527500 0.039000 0.041000 0.024667
4 0.403250 0.045667 0.018500 0.026000
4 0.408250 0.030333 0.017500 0.020667
4 0.403000 0.009333 0.015000 0.018667
5 0.598750 0.010667 0.028500 0.020000
4 0.609750 0.014667 0.024500 0.016000
4 0.620000 0.023000 0.018000 0.016667
2 0.387250 0.068333 0.006500 0.015333
3 0.394500 0.069667 0.005000 0.018000
3 0.340500 0.259000 0.029000 0.026000
4 0.942750 0.122667 0.042500 0.033333
