6 0.199635 0.964286 0.128914 0.069573
4 0.276096 0.843692 0.090814 0.095547
1 0.156837 0.871058 0.016180 0.064935
1 0.163361 0.854824 0.017745 0.060297
1 0.170146 0.843228 0.021921 0.066790
4 0.326200 0.649351 0.076200 0.055659
7 0.362213 0.756030 0.056367 0.066790
4 0.453549 0.615028 0.063674 0.057514
6 0.619781 0.582096 0.063152 0.076994
6 0.615605 0.525510 0.051670 0.069573
7 0.468946 0.511132 0.042276 0.046382
10 0.368737 0.506957 0.016180 0.025046
10 0.372390 0.504638 0.019311 0.025974
2 0.394833 0.501855 0.008873 0.027829
6 0.423278 0.470315 0.138831 0.076067
6 0.401618 0.445269 0.067328 0.048237
6 0.414927 0.449907 0.089770 0.053803
6 0.436065 0.382653 0.045407 0.038033
10 0.427714 0.359926 0.015136 0.018553
4 0.437630 0.354360 0.031837 0.025974
10 0.440501 0.325603 0.011482 0.012987
10 0.430585 0.314935 0.007307 0.017625
4 0.461639 0.314007 0.029749 0.023191
4 0.465031 0.276438 0.025052 0.016698
4 0.483820 0.264378 0.024008 0.018553
7 0.559238 0.469388 0.016180 0.040816
2 0.559238 0.459184 0.007829 0.016698
6 0.596555 0.413265 0.026096 0.058442
8 0.585595 0.358998 0.021921 0.027829
4 0.546190 0.242579 0.007829 0.019481
6 0.514614 0.253711 0.013570 0.028757
1 0.479123 0.240724 0.003132 0.010204
1 0.487213 0.239332 0.002610 0.012987
8 0.497912 0.243506 0.009395 0.015770
4 0.489040 0.221243 0.021921 0.015770
5 0.490605 0.215677 0.021921 0.015770
8 0.498956 0.206865 0.011482 0.011132
6 0.564979 0.214750 0.013048 0.032468
10 0.556367 0.201299 0.003132 0.009276
2 0.556367 0.199907 0.003132 0.012059
2 0.550887 0.185993 0.001566 0.006494
10 0.550626 0.188312 0.003132 0.007421
4 0.564196 0.199907 0.007307 0.013915
6 0.538883 0.172078 0.014092 0.026902
6 0.513048 0.178571 0.048017 0.021336
5 0.526618 0.170223 0.008351 0.012059
4 0.527662 0.162338 0.010438 0.009276
4 0.511482 0.160946 0.005219 0.008349
5 0.518789 0.161410 0.005219 0.011132
0 0.563413 0.114564 0.016180 0.049165
6 0.562370 0.176252 0.010960 0.025974
6 0.563152 0.169295 0.009395 0.023191
7 0.569415 0.180891 0.004175 0.011132
