4 0.621071 0.653810 0.083571 0.113333
4 0.716429 0.300952 0.047143 0.055238
4 0.488571 0.372857 0.071429 0.042857
4 0.536786 0.319048 0.053571 0.066667
4 0.472143 0.290476 0.054286 0.053333
4 0.381786 0.603333 0.085000 0.101905
4 0.307143 0.628095 0.080000 0.105714
4 0.875357 0.443333 0.052143 0.075238
4 0.921429 0.478095 0.060000 0.081905
4 0.940714 0.405238 0.050000 0.065714
4 0.889643 0.348571 0.082143 0.053333
4 0.589643 0.325238 0.055000 0.071429
4 0.658929 0.233333 0.046429 0.049524
4 0.696429 0.197143 0.040000 0.043810
4 0.727857 0.167143 0.035714 0.048571
4 0.746786 0.139524 0.032143 0.037143
4 0.684643 0.152857 0.040714 0.037143
4 0.626786 0.209524 0.039286 0.040000
4 0.601429 0.242381 0.057143 0.042857
4 0.576786 0.275714 0.062143 0.042857
4 0.511071 0.248095 0.052143 0.056190
4 0.587857 0.173333 0.035714 0.051429
4 0.618929 0.281905 0.039286 0.047619
4 0.220357 0.636190 0.080714 0.120000
4 0.169286 0.606190 0.098571 0.109524
5 0.222143 0.727143 0.097143 0.132381
5 0.380000 0.465238 0.088571 0.094286
5 0.405000 0.510952 0.078571 0.103810
4 0.100714 0.873810 0.130000 0.164762
4 0.125714 0.736190 0.085714 0.137143
4 0.137500 0.582857 0.080714 0.102857
5 0.306786 0.544762 0.043571 0.091429
4 0.310714 0.431429 0.077143 0.066667
4 0.033929 0.694762 0.067857 0.105714
5 0.455714 0.727143 0.091429 0.136190
5 0.728214 0.663810 0.067857 0.095238
5 0.804643 0.070952 0.035000 0.052381
5 0.770000 0.063810 0.037143 0.032381
5 0.650357 0.120000 0.036429 0.045714
5 0.970000 0.280000 0.060000 0.053333
4 0.745714 0.938571 0.098571 0.122857
4 0.966071 0.890476 0.067857 0.173333
4 0.970714 0.537619 0.058571 0.103810
4 0.992143 0.056667 0.015714 0.031429
4 0.921429 0.314286 0.040000 0.062857
4 0.815357 0.789048 0.076429 0.134286
4 0.905714 0.821429 0.077143 0.155238
6 0.776786 0.102857 0.043571 0.047619
6 0.740714 0.088571 0.034286 0.041905
4 0.711786 0.125238 0.032143 0.042857
1 0.328571 0.311429 0.010000 0.034286
6 0.964286 0.327619 0.048571 0.078095
4 0.981786 0.103333 0.032143 0.039048
4 0.678214 0.096190 0.029286 0.032381
4 0.725714 0.055714 0.025714 0.031429
5 0.748571 0.030000 0.032857 0.033333
4 0.823214 0.056667 0.022143 0.031429
4 0.800000 0.033810 0.025714 0.025714
4 0.841429 0.039048 0.027143 0.030476
4 0.850000 0.019048 0.021429 0.022857
4 0.872143 0.008095 0.021429 0.016190
4 0.193929 0.021429 0.035000 0.020000
4 0.667500 0.137143 0.030714 0.034286
4 0.623214 0.153333 0.033571 0.038095
7 0.786071 0.120952 0.019286 0.024762
4 0.859286 0.975238 0.094286 0.049524
