4 0.293214 0.884286 0.072143 0.187619
4 0.225000 0.670476 0.061429 0.135238
5 0.488214 0.601429 0.039286 0.100000
4 0.493571 0.477143 0.040000 0.095238
4 0.312857 0.392381 0.045714 0.095238
4 0.275714 0.383810 0.047143 0.091429
6 0.502500 0.371429 0.039286 0.100952
5 0.511071 0.290952 0.035000 0.065714
5 0.529286 0.197143 0.032857 0.062857
4 0.354643 0.212857 0.032143 0.061905
4 0.322143 0.196667 0.040000 0.071429
4 0.543929 0.095714 0.032143 0.056190
4 0.558214 0.043810 0.030714 0.053333
4 0.524286 0.041905 0.028571 0.043810
4 0.342500 0.140000 0.037857 0.060952
6 0.444643 0.072857 0.046429 0.094286
2 0.472500 0.353810 0.010714 0.031429
3 0.473571 0.363810 0.008571 0.034286
10 0.602857 0.185714 0.022857 0.030476
10 0.617143 0.216190 0.027143 0.026667
1 0.589643 0.088571 0.009286 0.028571
1 0.598929 0.091905 0.007857 0.027619
1 0.611786 0.087619 0.009286 0.034286
1 0.398214 0.058571 0.009286 0.029524
1 0.261071 0.272857 0.013571 0.035238
2 0.252143 0.315714 0.015714 0.023810
1 0.257143 0.461429 0.015714 0.035238
1 0.270714 0.512857 0.021429 0.035238
8 0.285000 0.507619 0.038571 0.038095
8 0.270714 0.457143 0.044286 0.034286
4 0.646786 0.870000 0.055000 0.160952
1 0.550000 0.830000 0.018571 0.021905
10 0.665357 0.782857 0.043571 0.032381
10 0.663571 0.765238 0.042857 0.031429
