1 0.106429 0.524762 0.025714 0.074286
1 0.714643 0.607619 0.022143 0.102857
1 0.886071 0.631429 0.045000 0.108571
1 0.547857 0.450000 0.015714 0.050476
1 0.591429 0.451905 0.015714 0.048571
1 0.287857 0.560952 0.027143 0.080000
2 0.292500 0.540952 0.013571 0.034286
2 0.571786 0.457619 0.013571 0.025714
1 0.167500 0.431905 0.009286 0.040952
1 0.160000 0.431905 0.012857 0.048571
1 0.135000 0.435238 0.020000 0.045714
1 0.122500 0.433333 0.017857 0.047619
1 0.109643 0.433810 0.013571 0.044762
1 0.100000 0.432381 0.014286 0.047619
1 0.166786 0.430000 0.013571 0.048571
1 0.152857 0.426190 0.015714 0.050476
1 0.118571 0.421429 0.015714 0.050476
1 0.104286 0.430476 0.010000 0.051429
2 0.154286 0.438571 0.014286 0.027619
2 0.151786 0.435238 0.016429 0.032381
2 0.140000 0.430952 0.012857 0.031429
1 0.038214 0.367619 0.007857 0.026667
1 0.037500 0.370000 0.010714 0.029524
2 0.210000 0.426667 0.027143 0.032381
2 0.256071 0.415714 0.019286 0.025714
1 0.216071 0.412381 0.015000 0.038095
1 0.206786 0.412857 0.010714 0.039048
3 0.182500 0.429524 0.030714 0.026667
10 0.061429 0.441905 0.034286 0.040000
10 0.075000 0.431429 0.030000 0.026667
3 0.083214 0.443333 0.033571 0.029524
3 0.086429 0.443810 0.028571 0.026667
5 0.054643 0.355238 0.047857 0.020952
5 0.012857 0.348095 0.025714 0.021905
4 0.034286 0.347619 0.032857 0.022857
5 0.053929 0.345714 0.033571 0.026667
4 0.020357 0.345238 0.029286 0.021905
4 0.170714 0.350000 0.035714 0.020000
4 0.267857 0.350000 0.028571 0.020000
5 0.241429 0.345714 0.027143 0.020952
5 0.265357 0.339524 0.023571 0.020000
4 0.293214 0.345714 0.023571 0.015238
2 0.196429 0.354762 0.008571 0.016190
4 0.256786 0.344286 0.020714 0.016190
0 0.327857 0.334286 0.060000 0.022857
1 0.354643 0.366667 0.006429 0.019048
2 0.320357 0.395238 0.009286 0.020952
2 0.346429 0.391905 0.014286 0.018095
2 0.362500 0.382857 0.007857 0.019048
2 0.368571 0.384286 0.007143 0.018095
2 0.417857 0.376667 0.008571 0.018095
2 0.443929 0.372857 0.009286 0.016190
3 0.382500 0.381429 0.016429 0.018095
2 0.391786 0.359048 0.005000 0.017143
0 0.481429 0.333810 0.030000 0.018095
1 0.482143 0.343333 0.004286 0.012381
1 0.491071 0.343333 0.006429 0.014286
4 0.529643 0.353333 0.026429 0.015238
5 0.574286 0.360952 0.024286 0.017143
4 0.570357 0.357143 0.022143 0.017143
1 0.506786 0.333333 0.003571 0.011429
1 0.687143 0.378095 0.008571 0.020952
2 0.662500 0.367619 0.006429 0.013333
2 0.702143 0.366667 0.005714 0.015238
10 0.701786 0.369524 0.015000 0.013333
10 0.663929 0.372381 0.010714 0.009524
1 0.770714 0.366667 0.005714 0.017143
1 0.764643 0.366667 0.005000 0.015238
2 0.790357 0.369048 0.013571 0.016190
0 0.040357 0.327619 0.056429 0.020952
