4 0.488214 0.977619 0.022143 0.044762
4 0.594643 0.983810 0.020714 0.032381
4 0.585714 0.863810 0.022857 0.066667
4 0.556786 0.282381 0.025000 0.073333
4 0.453929 0.312857 0.025000 0.075238
4 0.448571 0.221905 0.027143 0.076190
4 0.549643 0.201429 0.023571 0.069524
4 0.440357 0.140952 0.026429 0.076190
4 0.552857 0.130000 0.024286 0.069524
4 0.547143 0.029048 0.021429 0.058095
6 0.585000 0.776190 0.032857 0.106667
6 0.581071 0.669524 0.029286 0.095238
6 0.362500 0.069524 0.063571 0.041905
5 0.566071 0.488095 0.026429 0.079048
5 0.563929 0.384762 0.025000 0.076190
10 0.412143 0.019048 0.021429 0.024762
10 0.378929 0.033810 0.019286 0.021905
10 0.353214 0.027143 0.017857 0.025714
10 0.390357 0.007143 0.015000 0.014286
10 0.588571 0.915714 0.021429 0.018095
10 0.588929 0.939524 0.022143 0.016190
10 0.595000 0.961429 0.024286 0.023810
1 0.401429 0.141429 0.008571 0.018095
1 0.399643 0.128571 0.007857 0.019048
2 0.355000 0.028095 0.011429 0.021905
2 0.376786 0.031429 0.012143 0.017143
2 0.411071 0.018095 0.009286 0.017143
