4 0.434643 0.283629 0.005000 0.003807
4 0.445357 0.289975 0.005000 0.006345
5 0.454286 0.306472 0.002857 0.006345
4 0.466429 0.322970 0.004286 0.006345
4 0.479643 0.324873 0.003571 0.007614
4 0.474643 0.326142 0.003571 0.007614
4 0.475000 0.333122 0.004286 0.008883
4 0.458214 0.359772 0.005000 0.006345
4 0.466071 0.353426 0.003571 0.006345
5 0.475000 0.359137 0.004286 0.010152
4 0.476429 0.353426 0.004286 0.006345
0 0.493571 0.362310 0.004286 0.019036
4 0.513929 0.404188 0.005000 0.011421
9 0.456071 0.375635 0.006429 0.015228
4 0.485357 0.388959 0.005000 0.008883
4 0.476429 0.398477 0.004286 0.010152
4 0.477500 0.425127 0.006429 0.010152
4 0.436071 0.438452 0.005000 0.008883
4 0.461429 0.427030 0.005714 0.008883
5 0.506071 0.470178 0.007857 0.016497
5 0.430000 0.458756 0.007143 0.011421
5 0.459643 0.468274 0.007857 0.017766
5 0.477143 0.501269 0.008571 0.017766
4 0.457857 0.513325 0.008571 0.013959
9 0.424286 0.497462 0.015714 0.040609
5 0.457500 0.561548 0.010714 0.024112
1 0.347143 0.742386 0.004286 0.020305
1 0.312143 0.953046 0.005714 0.027919
5 0.303214 0.864848 0.029286 0.046954
4 0.309643 0.848985 0.025000 0.035533
4 0.317500 0.819797 0.029286 0.032995
4 0.354643 0.894036 0.017857 0.034264
5 0.368929 0.961294 0.019286 0.046954
9 0.404286 0.966371 0.030000 0.064721
9 0.559286 0.806472 0.025714 0.120558
1 0.373929 0.652919 0.003571 0.013959
1 0.376429 0.652284 0.002857 0.010152
1 0.384286 0.609772 0.002857 0.013959
5 0.388929 0.690355 0.013571 0.025381
5 0.447143 0.731599 0.014286 0.031726
5 0.478571 0.718274 0.011429 0.035533
4 0.500357 0.773477 0.013571 0.036802
4 0.405000 0.712563 0.011429 0.024112
5 0.403214 0.606599 0.010714 0.020305
4 0.477500 0.540609 0.009286 0.017766
4 0.511071 0.539975 0.007857 0.016497
6 0.491071 0.508883 0.010714 0.038071
0 0.509643 0.444797 0.006429 0.013959
0 0.533571 0.433376 0.002857 0.006345
5 0.538571 0.438452 0.014286 0.011421
9 0.576429 0.435279 0.018571 0.015228
1 0.609643 0.420051 0.002143 0.007614
4 0.630357 0.406726 0.006429 0.011421
4 0.623929 0.418147 0.006429 0.008883
4 0.614286 0.401015 0.004286 0.007614
4 0.617143 0.395305 0.005714 0.006345
4 0.637500 0.390228 0.009286 0.008883
