4 0.023750 0.870333 0.047500 0.082000
4 0.111250 0.792000 0.092500 0.096000
3 0.188000 0.681667 0.013000 0.032667
3 0.197000 0.673333 0.012000 0.033333
3 0.222750 0.649667 0.014500 0.030000
4 0.271500 0.612333 0.062000 0.064667
4 0.312250 0.554000 0.015500 0.022667
4 0.166750 0.425667 0.008500 0.024667
4 0.172000 0.444333 0.009000 0.018000
4 0.529500 0.794333 0.039000 0.067333
4 0.493500 0.390000 0.033000 0.033333
4 0.564250 0.316000 0.022500 0.025333
4 0.628500 0.263333 0.023000 0.024000
4 0.645000 0.250667 0.022000 0.022667
4 0.678500 0.226667 0.022000 0.022667
4 0.703000 0.207333 0.019000 0.018667
0 0.737750 0.181333 0.033500 0.030667
0 0.906750 0.096000 0.004500 0.010667
0 0.786000 0.154333 0.008000 0.012667
0 0.809750 0.141000 0.005500 0.011333
0 0.835750 0.122667 0.010500 0.013333
