1 0.514092 0.638219 0.007307 0.038961
1 0.489040 0.634508 0.008351 0.051948
1 0.477296 0.624304 0.015136 0.061224
2 0.473904 0.611317 0.005219 0.027829
1 0.443633 0.624304 0.009395 0.059369
1 0.461117 0.626623 0.010960 0.058442
4 0.741127 0.470779 0.059499 0.054731
4 0.771921 0.463358 0.054280 0.056586
4 0.829593 0.448052 0.060021 0.050093
1 0.707463 0.557050 0.007829 0.047310
2 0.704071 0.549629 0.007307 0.026902
1 0.742954 0.371058 0.004697 0.020408
1 0.730689 0.371521 0.005219 0.019481
1 0.722599 0.372913 0.003653 0.018553
1 0.625000 0.284787 0.003653 0.012987
1 0.663100 0.301484 0.002610 0.016698
1 0.659969 0.301948 0.002610 0.015770
1 0.574635 0.269481 0.004175 0.013915
1 0.577766 0.271336 0.003132 0.012059
1 0.595772 0.276902 0.002610 0.012059
1 0.691023 0.310761 0.004175 0.016698
1 0.702244 0.313080 0.002610 0.013915
1 0.698330 0.315399 0.003132 0.009276
1 0.652401 0.303340 0.004175 0.012987
2 0.650052 0.301020 0.003653 0.012059
2 0.652401 0.301020 0.004175 0.013915
1 0.482255 0.295455 0.002088 0.010204
1 0.483820 0.295918 0.003132 0.011132
1 0.489040 0.293135 0.003132 0.012987
1 0.491127 0.293135 0.003132 0.012987
