6 0.604286 0.720476 0.105714 0.157143
6 0.821071 0.843333 0.092143 0.063810
6 0.250714 0.344762 0.065714 0.120000
5 0.683929 0.435238 0.046429 0.045714
5 0.369286 0.239048 0.048571 0.045714
5 0.337143 0.282857 0.040000 0.034286
5 0.876786 0.939524 0.066429 0.092381
5 0.782143 0.789048 0.071429 0.042857
5 0.571786 0.332857 0.035000 0.040952
4 0.441429 0.444762 0.035714 0.043810
4 0.411786 0.399524 0.033571 0.046667
5 0.395000 0.417619 0.030000 0.040952
4 0.662500 0.620952 0.049286 0.038095
4 0.726071 0.705238 0.055000 0.048571
4 0.620357 0.566667 0.052143 0.038095
4 0.633571 0.684762 0.054286 0.030476
4 0.391786 0.646667 0.056429 0.060952
8 0.436429 0.567619 0.031429 0.036190
4 0.597143 0.280000 0.034286 0.032381
1 0.413929 0.290476 0.007857 0.017143
1 0.365000 0.271429 0.007143 0.017143
5 0.401429 0.138095 0.027143 0.028571
4 0.418214 0.157619 0.029286 0.027619
6 0.811786 0.908571 0.047857 0.078095
6 0.685714 0.752857 0.044286 0.035238
6 0.657500 0.721429 0.045000 0.033333
6 0.618214 0.644762 0.039286 0.026667
6 0.592143 0.617619 0.040000 0.031429
4 0.826071 0.634762 0.050714 0.056190
2 0.418571 0.508571 0.010000 0.015238
10 0.418214 0.510476 0.016429 0.019048
1 0.167500 0.516667 0.012143 0.016190
1 0.041071 0.656190 0.017857 0.015238
10 0.076429 0.493333 0.014286 0.022857
2 0.052143 0.042381 0.007143 0.012381
7 0.055000 0.049048 0.015714 0.021905
7 0.163214 0.144286 0.016429 0.023810
5 0.107143 0.008571 0.022857 0.017143
4 0.273571 0.250952 0.035714 0.025714
5 0.265000 0.222857 0.021429 0.028571
10 0.443571 0.139048 0.011429 0.013333
10 0.402143 0.121905 0.011429 0.011429
0 0.421071 0.116667 0.012143 0.018095
0 0.271786 0.155714 0.020714 0.025714
1 0.648571 0.533810 0.005714 0.012381
6 0.887857 0.913333 0.041429 0.066667
0 0.750714 0.322381 0.048571 0.048571
0 0.790000 0.290476 0.020000 0.028571
0 0.853214 0.253333 0.057857 0.051429
4 0.946786 0.197143 0.029286 0.028571
4 0.805714 0.176667 0.025714 0.027619
7 0.977500 0.162381 0.029286 0.021905
