10 0.441429 0.909048 0.011429 0.033333
10 0.469643 0.885238 0.012143 0.033333
6 0.922857 0.915238 0.068571 0.055238
4 0.364643 0.308095 0.033571 0.023810
4 0.463214 0.426667 0.020714 0.038095
4 0.446071 0.353333 0.016429 0.036190
4 0.449286 0.166190 0.011429 0.018095
4 0.424643 0.077143 0.007857 0.015238
4 0.489286 0.400000 0.018571 0.034286
4 0.616429 0.378571 0.022857 0.027619
4 0.328571 0.147143 0.022857 0.018095
5 0.358571 0.226190 0.024286 0.018095
5 0.443571 0.317619 0.014286 0.031429
5 0.454643 0.389048 0.019286 0.037143
5 0.463214 0.290476 0.010714 0.017143
4 0.452143 0.245714 0.014286 0.024762
4 0.457500 0.270000 0.013571 0.025714
6 0.472143 0.335714 0.030000 0.080952
6 0.530714 0.436667 0.027143 0.050476
6 0.468929 0.494286 0.032143 0.097143
6 0.504286 0.472857 0.042857 0.113333
6 0.400357 0.030476 0.010714 0.022857
6 0.402857 0.117143 0.012857 0.030476
9 0.432857 0.270476 0.024286 0.070476
9 0.423571 0.223333 0.021429 0.050476
9 0.443571 0.209524 0.022857 0.055238
9 0.417857 0.184762 0.018571 0.043810
9 0.433571 0.172857 0.020000 0.048571
9 0.410714 0.156667 0.017143 0.046667
9 0.420357 0.129524 0.019286 0.043810
1 0.343929 0.250000 0.005000 0.012381
1 0.345714 0.247143 0.004286 0.014286
1 0.695000 0.450476 0.005714 0.017143
1 0.697500 0.453333 0.005000 0.015238
10 0.691429 0.498571 0.011429 0.016190
2 0.692857 0.495714 0.007143 0.014286
4 0.491071 0.225714 0.022143 0.020952
6 0.421786 0.019524 0.010714 0.021905
