4 0.745000 0.938571 0.082857 0.122857
4 0.728214 0.717619 0.083571 0.216190
4 0.696786 0.478095 0.062143 0.156190
4 0.680357 0.313333 0.065000 0.158095
4 0.666786 0.144762 0.056429 0.127619
4 0.560714 0.140952 0.051429 0.133333
4 0.451786 0.333810 0.062143 0.140000
4 0.452857 0.191429 0.052857 0.135238
4 0.438571 0.828095 0.068571 0.200952
5 0.505357 0.762381 0.057857 0.187619
4 0.346786 0.870952 0.073571 0.225714
1 0.325357 0.321429 0.020714 0.044762
2 0.323214 0.302381 0.013571 0.016190
3 0.223929 0.570476 0.056429 0.034286
1 0.219286 0.559524 0.032857 0.037143
1 0.203929 0.588095 0.030714 0.052381
10 0.183214 0.875714 0.079286 0.042857
1 0.292857 0.845238 0.025714 0.039048
1 0.285357 0.819524 0.027857 0.027619
4 0.028571 0.492381 0.052857 0.081905
