4 0.918214 0.058095 0.025000 0.028571
10 0.935714 0.104286 0.018571 0.020000
2 0.939643 0.101905 0.015000 0.017143
2 0.938214 0.099048 0.012143 0.015238
0 0.861786 0.037143 0.086429 0.070476
0 0.948571 0.022381 0.084286 0.040952
0 0.953214 0.069048 0.042143 0.046667
1 0.431429 0.788095 0.012857 0.025714
1 0.405357 0.776667 0.016429 0.027619
1 0.425357 0.686667 0.015000 0.026667
1 0.442143 0.682381 0.014286 0.033333
1 0.373214 0.676667 0.010714 0.029524
1 0.364286 0.677143 0.010000 0.030476
1 0.442857 0.537143 0.012857 0.032381
1 0.458571 0.536667 0.012857 0.031429
1 0.471786 0.463333 0.007857 0.027619
1 0.460357 0.463333 0.007857 0.025714
1 0.460714 0.433333 0.010000 0.026667
1 0.473214 0.418571 0.009286 0.029524
1 0.481786 0.417619 0.010714 0.027619
1 0.465357 0.396190 0.010714 0.028571
1 0.473929 0.395714 0.007857 0.029524
1 0.496786 0.250476 0.007857 0.026667
1 0.490714 0.230952 0.010000 0.027619
1 0.468929 0.269524 0.007857 0.026667
1 0.474643 0.270000 0.010714 0.027619
10 0.391786 0.280952 0.020714 0.020952
3 0.403214 0.241905 0.019286 0.017143
10 0.375357 0.217619 0.020714 0.018095
3 0.386429 0.210952 0.015714 0.016190
10 0.384286 0.198095 0.017143 0.022857
1 0.453214 0.163810 0.007857 0.024762
1 0.464286 0.163810 0.008571 0.026667
1 0.302857 0.150000 0.010000 0.020000
1 0.368929 0.131905 0.010714 0.025714
1 0.363214 0.129048 0.007857 0.023810
1 0.363214 0.115714 0.009286 0.018095
1 0.365714 0.108095 0.008571 0.023810
1 0.436786 0.112381 0.007857 0.024762
2 0.442857 0.116190 0.008571 0.015238
1 0.442857 0.097619 0.008571 0.021905
1 0.437143 0.082857 0.007143 0.022857
1 0.443929 0.057619 0.007857 0.025714
1 0.452857 0.043333 0.005714 0.023810
1 0.486071 0.114286 0.006429 0.022857
1 0.494286 0.113810 0.005714 0.021905
1 0.511429 0.122857 0.007143 0.020952
1 0.505000 0.107619 0.007143 0.024762
1 0.435000 0.010000 0.007143 0.020000
1 0.443214 0.008095 0.006429 0.016190
