4 0.442857 0.921905 0.094286 0.156190
4 0.282857 0.803333 0.117143 0.252381
5 0.234286 0.035714 0.048571 0.058095
4 0.258214 0.070476 0.047857 0.045714
4 0.207500 0.089048 0.047857 0.044762
4 0.382143 0.014762 0.028571 0.029524
4 0.083571 0.149524 0.062857 0.053333
5 0.139286 0.173810 0.067143 0.092381
1 0.211786 0.146667 0.013571 0.041905
1 0.302143 0.250476 0.012857 0.047619
1 0.327857 0.339524 0.017143 0.060000
4 0.065000 0.261429 0.108571 0.073333
4 0.064286 0.345714 0.128571 0.074286
5 0.027143 0.416667 0.054286 0.132381
6 0.086786 0.510952 0.173571 0.246667
4 0.326429 0.563333 0.080000 0.147619
4 0.567143 0.714286 0.092857 0.220952
10 0.733214 0.609524 0.033571 0.091429
3 0.736429 0.411905 0.028571 0.056190
10 0.642143 0.348095 0.025714 0.058095
1 0.705000 0.379048 0.018571 0.064762
4 0.550357 0.495714 0.063571 0.132381
4 0.533929 0.369524 0.057857 0.108571
3 0.719643 0.309524 0.016429 0.049524
6 0.527857 0.235238 0.054286 0.125714
4 0.494643 0.176190 0.090714 0.055238
5 0.528571 0.133333 0.040000 0.057143
5 0.518214 0.049048 0.049286 0.052381
10 0.515357 0.008571 0.026429 0.015238
1 0.582500 0.024762 0.013571 0.040000
1 0.576429 0.066190 0.008571 0.039048
1 0.576071 0.006190 0.006429 0.012381
4 0.344643 0.406190 0.067857 0.138095
4 0.377500 0.274762 0.056429 0.080952
4 0.401071 0.119524 0.037857 0.050476
4 0.590714 0.955714 0.095714 0.088571
