4 0.590357 0.731905 0.103571 0.073333
4 0.694286 0.513333 0.061429 0.026667
4 0.618214 0.939048 0.155000 0.121905
4 0.886786 0.508571 0.052143 0.032381
4 0.956429 0.603333 0.067143 0.046667
4 0.930357 0.523333 0.053571 0.033333
4 0.896786 0.490000 0.043571 0.033333
4 0.946786 0.498571 0.053571 0.033333
4 0.954643 0.473810 0.046429 0.033333
4 0.984643 0.510952 0.030714 0.039048
4 0.944643 0.684762 0.043571 0.070476
4 0.870000 0.853333 0.138571 0.108571
4 0.272857 0.515238 0.021429 0.036190
4 0.163214 0.533810 0.023571 0.042857
4 0.128571 0.543333 0.030000 0.040952
4 0.033214 0.676190 0.063571 0.053333
6 0.341786 0.549524 0.086429 0.062857
6 0.653571 0.574762 0.065714 0.048571
4 0.458929 0.417143 0.019286 0.020952
4 0.236429 0.383333 0.010000 0.012381
4 0.239643 0.363810 0.009286 0.009524
4 0.236071 0.374286 0.009286 0.011429
4 0.239286 0.355238 0.008571 0.009524
4 0.296429 0.446667 0.038571 0.020952
4 0.292143 0.425714 0.038571 0.020952
4 0.287143 0.412381 0.032857 0.015238
4 0.233214 0.400000 0.012143 0.015238
5 0.025714 0.551429 0.038571 0.059048
0 0.266786 0.321429 0.015000 0.033333
4 0.280000 0.377619 0.025714 0.014286
5 0.281071 0.386190 0.027857 0.016190
4 0.283929 0.393810 0.030714 0.014286
5 0.283571 0.399524 0.027143 0.018095
4 0.286071 0.402857 0.027857 0.013333
1 0.346786 0.461905 0.007857 0.020952
1 0.877143 0.610952 0.012857 0.040952
1 0.442500 0.405238 0.005000 0.014286
2 0.547143 0.493333 0.008571 0.022857
2 0.668571 0.487143 0.010000 0.018095
10 0.670357 0.491905 0.019286 0.021905
10 0.546786 0.499524 0.010714 0.023810
3 0.151071 0.899048 0.062143 0.051429
2 0.147143 0.879048 0.028571 0.060952
10 0.800000 0.475714 0.018571 0.018095
