0 0.579286 0.096190 0.010000 0.013333
0 0.541429 0.103333 0.012857 0.012381
0 0.544286 0.082381 0.015714 0.014286
0 0.581071 0.175238 0.015000 0.036190
0 0.490000 0.119524 0.004286 0.006667
4 0.544286 0.113333 0.002857 0.003810
5 0.548214 0.121429 0.003571 0.004762
4 0.491429 0.172381 0.005714 0.007619
6 0.506071 0.228095 0.009286 0.023810
6 0.497857 0.175714 0.011429 0.025714
6 0.523571 0.396667 0.012857 0.037143
6 0.480000 0.484762 0.034286 0.053333
4 0.516786 0.360952 0.010714 0.020952
2 0.503214 0.429048 0.003571 0.008571
7 0.502857 0.433333 0.005714 0.015238
6 0.601429 0.964762 0.090000 0.070476
4 0.161429 0.545238 0.035714 0.021905
4 0.265714 0.551905 0.024286 0.046667
4 0.257500 0.450476 0.030714 0.026667
8 0.379643 0.584286 0.015000 0.029524
