5 0.059286 0.059010 0.041429 0.049492
4 0.434643 0.275381 0.025000 0.058376
5 0.450357 0.199239 0.027857 0.071066
4 0.474643 0.187817 0.025000 0.065990
4 0.498571 0.180203 0.024286 0.071066
4 0.461786 0.320431 0.032143 0.052030
4 0.471786 0.425761 0.040714 0.034264
5 0.471429 0.467005 0.045714 0.035533
4 0.475357 0.513325 0.040714 0.036802
4 0.476071 0.548858 0.043571 0.034264
4 0.476429 0.584391 0.042857 0.036802
4 0.475000 0.618020 0.038571 0.032995
4 0.476071 0.691624 0.043571 0.038071
4 0.518571 0.197335 0.017143 0.054569
4 0.560000 0.258249 0.034286 0.034264
4 0.563214 0.293147 0.037857 0.032995
4 0.568214 0.328046 0.042143 0.036802
4 0.563929 0.366117 0.035000 0.034264
4 0.564643 0.394670 0.037857 0.030457
4 0.564643 0.430203 0.039286 0.035533
4 0.566429 0.489848 0.044286 0.040609
4 0.569643 0.526650 0.040714 0.035533
4 0.571071 0.558376 0.045000 0.038071
5 0.577500 0.626269 0.043571 0.036802
4 0.580000 0.661802 0.042857 0.034264
4 0.580000 0.699239 0.045714 0.035533
4 0.579643 0.739848 0.046429 0.035533
4 0.585000 0.816624 0.047143 0.036802
4 0.585357 0.854061 0.049286 0.038071
4 0.584286 0.896574 0.042857 0.034264
5 0.502143 0.876269 0.020000 0.087563
4 0.514643 0.979061 0.020714 0.039340
1 0.783214 0.278553 0.007857 0.016497
1 0.787857 0.283629 0.007143 0.019036
1 0.794643 0.280457 0.006429 0.015228
5 0.812500 0.278553 0.045000 0.041878
4 0.875714 0.278553 0.034286 0.036802
4 0.877857 0.250000 0.032857 0.032995
4 0.884286 0.229695 0.035714 0.035533
4 0.942143 0.183376 0.038571 0.029188
4 0.952500 0.208122 0.039286 0.035533
4 0.956786 0.240482 0.035000 0.029188
4 0.962500 0.291244 0.040714 0.029188
6 0.908214 0.345812 0.069286 0.069797
1 0.868929 0.351523 0.009286 0.015228
4 0.978214 0.371193 0.033571 0.031726
4 0.983571 0.399112 0.032857 0.029188
4 0.868929 0.383883 0.033571 0.029188
