6 0.145000 0.439048 0.014286 0.019048
5 0.154643 0.440476 0.007857 0.010476
4 0.506071 0.924762 0.033571 0.053333
4 0.685714 0.578571 0.012857 0.014286
4 0.897500 0.452857 0.016429 0.010476
4 0.895000 0.437619 0.012857 0.008571
4 0.802143 0.432857 0.007143 0.006667
4 0.807500 0.424286 0.006429 0.006667
4 0.805000 0.416190 0.005714 0.007619
4 0.958214 0.422857 0.006429 0.007619
4 0.966429 0.422857 0.007143 0.007619
4 0.973929 0.424286 0.006429 0.006667
4 0.918571 0.418095 0.004286 0.007619
4 0.926071 0.418571 0.005000 0.006667
4 0.936429 0.413810 0.008571 0.006667
4 0.962143 0.416667 0.012857 0.006667
6 0.912143 0.415238 0.007143 0.013333
6 0.569643 0.476667 0.036429 0.025714
10 0.606786 0.789048 0.009286 0.020000
10 0.601429 0.732857 0.008571 0.020000
10 0.743929 0.513810 0.005000 0.010476
0 0.854286 0.327619 0.017143 0.041905
2 0.606429 0.787619 0.005714 0.015238
2 0.601786 0.730476 0.005000 0.011429
