4 0.473571 0.869924 0.047143 0.186548
4 0.569286 0.631345 0.048571 0.151015
4 0.585714 0.483503 0.040000 0.114213
4 0.585714 0.368655 0.035714 0.100254
4 0.436786 0.197335 0.036429 0.079949
4 0.420357 0.284898 0.043571 0.085025
5 0.501786 0.218274 0.042143 0.104061
6 0.564643 0.835660 0.055000 0.217005
6 0.396786 0.395305 0.076429 0.163706
6 0.598214 0.239213 0.047857 0.140863
6 0.607857 0.085025 0.045714 0.164975
1 0.697500 0.144670 0.013571 0.043147
1 0.688214 0.791244 0.016429 0.057107
1 0.253571 0.740482 0.021429 0.044416
10 0.279643 0.771574 0.043571 0.065990
10 0.226786 0.845178 0.043571 0.053299
2 0.284643 0.764594 0.023571 0.039340
1 0.386071 0.291878 0.012143 0.045685
1 0.370000 0.287437 0.011429 0.046954
1 0.306786 0.550127 0.010714 0.031726
1 0.322857 0.537437 0.008571 0.031726
1 0.312143 0.539340 0.011429 0.048223
