9 0.064643 0.765714 0.129286 0.184762
6 0.214643 0.570000 0.042143 0.069524
6 0.293929 0.478095 0.049286 0.093333
4 0.022143 0.553333 0.044286 0.030476
6 0.510357 0.567619 0.016429 0.045714
6 0.486071 0.554286 0.020714 0.053333
6 0.506429 0.370476 0.018571 0.045714
6 0.507857 0.309048 0.017143 0.048571
6 0.525000 0.264762 0.011429 0.032381
6 0.513571 0.241429 0.011429 0.033333
6 0.513571 0.191429 0.008571 0.022857
6 0.515714 0.141429 0.005714 0.010476
6 0.489643 0.124762 0.005000 0.011429
4 0.171786 0.398095 0.027857 0.019048
4 0.316429 0.409524 0.015714 0.020952
4 0.378214 0.322381 0.012143 0.016190
4 0.518571 0.211429 0.004286 0.005714
4 0.197857 0.374762 0.024286 0.014286
4 0.166786 0.344286 0.016429 0.018095
4 0.134643 0.420952 0.033571 0.017143
4 0.189286 0.340000 0.015714 0.017143
4 0.146786 0.411905 0.032143 0.016190
4 0.211786 0.365238 0.026429 0.016190
4 0.221786 0.358571 0.023571 0.016190
4 0.063571 0.515238 0.041429 0.026667
4 0.016429 0.470476 0.032857 0.024762
0 0.055357 0.450476 0.020714 0.024762
10 0.220357 0.524762 0.007857 0.015238
2 0.220357 0.521905 0.006429 0.011429
5 0.368929 0.356190 0.015000 0.020952
4 0.411071 0.287143 0.009286 0.014286
4 0.525000 0.306190 0.007143 0.010476
10 0.542857 0.650476 0.007143 0.019048
2 0.543571 0.648095 0.008571 0.014286
1 0.574286 0.517619 0.002857 0.012381
4 0.404286 0.158095 0.010000 0.009524
4 0.506071 0.140476 0.005000 0.004762
4 0.477143 0.107619 0.002857 0.003810
6 0.498571 0.135714 0.008571 0.008571
4 0.515357 0.177143 0.005000 0.007619
0 0.524643 0.175714 0.010714 0.042857
5 0.611429 0.201905 0.014286 0.007619
6 0.733214 0.261905 0.012143 0.015238
0 0.444643 0.204762 0.006429 0.009524
0 0.462857 0.173810 0.004286 0.008571
0 0.595357 0.151429 0.016429 0.020952
0 0.382500 0.160000 0.007857 0.017143
