4 0.171071 0.520305 0.043571 0.032995
4 0.301071 0.871193 0.019286 0.074873
4 0.327857 0.869289 0.020000 0.060914
4 0.352143 0.880711 0.022857 0.081218
4 0.380000 0.870558 0.018571 0.068528
9 0.316786 0.970812 0.032143 0.055838
4 0.346786 0.972716 0.020714 0.052030
4 0.371071 0.977157 0.017857 0.043147
9 0.397857 0.929569 0.035714 0.138325
4 0.377143 0.357234 0.028571 0.062183
4 0.445714 0.314086 0.015714 0.057107
10 0.477143 0.348350 0.008571 0.034264
10 0.487143 0.331853 0.008571 0.034264
4 0.394643 0.206218 0.020714 0.072335
10 0.485000 0.139594 0.008571 0.035533
10 0.480357 0.069797 0.009286 0.035533
1 0.286429 0.208122 0.008571 0.015228
1 0.287857 0.242386 0.007143 0.012690
1 0.282500 0.241751 0.006429 0.016497
1 0.317857 0.114848 0.005714 0.016497
