4 0.101786 0.199239 0.047857 0.088832
4 0.020000 0.185279 0.040000 0.086294
4 0.041429 0.102792 0.050000 0.078680
4 0.071071 0.019670 0.046429 0.039340
5 0.027143 0.525381 0.054286 0.144670
5 0.054286 0.393401 0.062857 0.124365
1 0.178214 0.585025 0.023571 0.055838
1 0.210714 0.507614 0.017143 0.038071
1 0.415357 0.626904 0.016429 0.043147
1 0.364286 0.553934 0.014286 0.039340
1 0.382500 0.534898 0.015000 0.046954
1 0.418214 0.531091 0.015000 0.041878
1 0.441071 0.551396 0.009286 0.039340
1 0.430714 0.496827 0.015714 0.049492
1 0.396429 0.513325 0.011429 0.039340
1 0.385357 0.446066 0.013571 0.041878
1 0.628929 0.519036 0.013571 0.040609
1 0.666429 0.496827 0.020000 0.057107
1 0.603571 0.495558 0.014286 0.059645
1 0.580357 0.440990 0.013571 0.052030
1 0.593214 0.410533 0.010714 0.046954
1 0.676071 0.470178 0.012143 0.044416
1 0.653214 0.436548 0.012143 0.045685
1 0.621071 0.475888 0.012143 0.048223
1 0.612857 0.454949 0.011429 0.041878
1 0.629643 0.460660 0.007857 0.040609
1 0.636429 0.459391 0.010000 0.043147
1 0.619643 0.417513 0.020714 0.043147
1 0.597500 0.375635 0.010714 0.043147
1 0.621071 0.366751 0.012143 0.050761
1 0.632500 0.437183 0.015000 0.034264
1 0.634643 0.424492 0.010714 0.034264
1 0.328929 0.724619 0.013571 0.040609
1 0.364643 0.734137 0.013571 0.039340
1 0.395714 0.743655 0.021429 0.055838
1 0.393571 0.716371 0.011429 0.029188
1 0.422857 0.722081 0.011429 0.038071
1 0.409643 0.713198 0.015000 0.045685
1 0.478214 0.696701 0.010714 0.040609
1 0.463214 0.217640 0.010714 0.046954
1 0.500000 0.173223 0.011429 0.031726
1 0.515357 0.166244 0.013571 0.043147
1 0.580000 0.154822 0.015714 0.048223
1 0.587500 0.152919 0.007857 0.041878
1 0.766786 0.138325 0.009286 0.035533
1 0.948929 0.020305 0.006429 0.032995
1 0.570357 0.062183 0.012143 0.030457
0 0.720714 0.033629 0.117143 0.046954
1 0.107857 0.668782 0.032857 0.053299
