9 0.495357 0.143401 0.030714 0.022843
9 0.547143 0.144036 0.030000 0.021574
9 0.601786 0.138959 0.042143 0.024112
9 0.651429 0.143401 0.031429 0.020305
9 0.700714 0.139594 0.044286 0.030457
1 0.579643 0.137690 0.002143 0.011421
1 0.564643 0.135152 0.002143 0.011421
1 0.566429 0.144670 0.002857 0.012690
1 0.627143 0.136421 0.002857 0.013959
5 0.747857 0.183376 0.011429 0.024112
4 0.735000 0.186548 0.008571 0.015228
4 0.723571 0.246827 0.011429 0.021574
0 0.745000 0.230964 0.008571 0.025381
0 0.758571 0.246193 0.018571 0.025381
0 0.726786 0.200508 0.006429 0.015228
0 0.721786 0.213832 0.006429 0.013959
0 0.714286 0.224619 0.008571 0.012690
0 0.708214 0.240482 0.007857 0.021574
4 0.642143 0.189086 0.012857 0.010152
5 0.600714 0.189086 0.014286 0.012690
10 0.571429 0.214467 0.007143 0.010152
10 0.548929 0.227792 0.003571 0.011421
1 0.567143 0.222081 0.002857 0.012690
1 0.603929 0.209391 0.003571 0.010152
1 0.587500 0.206218 0.002143 0.011421
1 0.582857 0.208756 0.002857 0.011421
1 0.595357 0.206218 0.002143 0.011421
1 0.617143 0.217005 0.002857 0.012690
1 0.515714 0.258249 0.002857 0.013959
1 0.517500 0.260152 0.003571 0.012690
1 0.659643 0.258883 0.002143 0.015228
1 0.645000 0.288071 0.002857 0.015228
1 0.648571 0.285533 0.002857 0.015228
1 0.642857 0.279822 0.002857 0.013959
1 0.645000 0.278553 0.002857 0.013959
1 0.637143 0.308376 0.002857 0.015228
1 0.631429 0.311548 0.002857 0.016497
1 0.621786 0.334391 0.003571 0.013959
1 0.617500 0.339467 0.005000 0.016497
1 0.608571 0.345812 0.004286 0.016497
1 0.613214 0.345178 0.003571 0.017766
1 0.629286 0.497462 0.005714 0.025381
1 0.631071 0.508883 0.005000 0.027919
1 0.687143 0.623096 0.010000 0.032995
1 0.680357 0.616751 0.006429 0.025381
1 0.630714 0.597081 0.007143 0.031726
1 0.634643 0.638959 0.006429 0.031726
1 0.260357 0.680203 0.006429 0.035533
1 0.347857 0.477157 0.005714 0.025381
1 0.352500 0.477792 0.005000 0.021574
1 0.443214 0.308376 0.005000 0.017766
1 0.434286 0.326142 0.004286 0.017766
1 0.404286 0.365482 0.004286 0.022843
1 0.409643 0.364213 0.005000 0.022843
1 0.381786 0.427030 0.005000 0.026650
6 0.412500 0.416878 0.029286 0.059645
6 0.429286 0.381345 0.027143 0.044416
5 0.435714 0.366751 0.022857 0.027919
5 0.461071 0.315355 0.016429 0.021574
5 0.476429 0.300127 0.018571 0.024112
5 0.497500 0.289340 0.013571 0.017766
4 0.512143 0.281091 0.014286 0.016497
4 0.455714 0.331218 0.024286 0.017766
