4 0.483571 0.692381 0.058571 0.080000
5 0.486786 0.810952 0.050714 0.101905
1 0.548214 0.866667 0.010714 0.019048
1 0.560357 0.839524 0.009286 0.020000
1 0.564643 0.954286 0.009286 0.013333
1 0.587143 0.978095 0.011429 0.019048
1 0.572143 0.754762 0.011429 0.012381
1 0.587143 0.620476 0.012857 0.021905
1 0.521071 0.560476 0.009286 0.012381
1 0.519286 0.580476 0.008571 0.020000
1 0.649643 0.509048 0.010714 0.018095
1 0.618929 0.477143 0.009286 0.019048
1 0.644286 0.438571 0.012857 0.029524
1 0.600000 0.325714 0.010000 0.024762
1 0.610000 0.301905 0.008571 0.022857
1 0.601786 0.295714 0.012143 0.021905
1 0.611786 0.286190 0.009286 0.027619
