4 0.368929 0.911429 0.099286 0.177143
1 0.541786 0.868571 0.023571 0.045714
1 0.583214 0.874762 0.026429 0.050476
1 0.582857 0.696667 0.027143 0.065714
1 0.582500 0.636190 0.017857 0.066667
1 0.620357 0.610000 0.020714 0.061905
1 0.647857 0.609048 0.021429 0.058095
4 0.767500 0.723810 0.193571 0.125714
4 0.742143 0.612857 0.161429 0.107619
4 0.422500 0.686667 0.089286 0.226667
10 0.755357 0.419048 0.037857 0.053333
5 0.473214 0.420000 0.059286 0.127619
4 0.692857 0.314286 0.125714 0.083810
4 0.697143 0.262857 0.112857 0.066667
4 0.695714 0.216190 0.111429 0.057143
4 0.694643 0.173333 0.095000 0.053333
4 0.119643 0.537619 0.120714 0.172381
4 0.198214 0.385238 0.099286 0.136190
4 0.261786 0.272857 0.075000 0.105714
4 0.302143 0.181429 0.060000 0.073333
4 0.333571 0.113333 0.052857 0.070476
4 0.366429 0.051429 0.044286 0.060952
4 0.386429 0.018095 0.035714 0.034286
4 0.544286 0.016667 0.030000 0.033333
5 0.529286 0.093333 0.034286 0.066667
10 0.697500 0.049048 0.029286 0.035238
1 0.603214 0.040952 0.009286 0.043810
1 0.649286 0.114762 0.014286 0.042857
2 0.681071 0.112381 0.016429 0.040000
10 0.681071 0.114762 0.013571 0.050476
