4 0.272500 0.836294 0.057857 0.045685
4 0.495000 0.596447 0.027143 0.093909
4 0.542857 0.598985 0.027143 0.111675
4 0.586429 0.587563 0.028571 0.098985
4 0.285357 0.626269 0.026429 0.097716
4 0.230000 0.640228 0.027143 0.097716
4 0.192500 0.652919 0.032143 0.100254
4 0.130714 0.656091 0.030000 0.106599
4 0.446786 0.483503 0.043571 0.086294
4 0.906429 0.555203 0.032857 0.107868
4 0.950714 0.553934 0.037143 0.107868
4 0.982857 0.541244 0.034286 0.100254
4 0.910000 0.389594 0.055714 0.068528
4 0.873929 0.203046 0.050714 0.096447
5 0.891071 0.334391 0.053571 0.085025
4 0.695714 0.292513 0.034286 0.095178
5 0.756429 0.503807 0.027143 0.104061
6 0.721786 0.423223 0.035000 0.107868
7 0.819643 0.020939 0.060714 0.041878
6 0.388929 0.609772 0.027857 0.110406
1 0.298214 0.682741 0.009286 0.017766
6 0.016429 0.669416 0.032857 0.145939
