6 0.072857 0.310279 0.031429 0.064721
5 0.130357 0.016497 0.020714 0.032995
4 0.291429 0.009518 0.011429 0.019036
5 0.280000 0.171320 0.012857 0.048223
5 0.301786 0.190990 0.012143 0.041878
6 0.295714 0.366751 0.015714 0.063452
1 0.323214 0.295051 0.005000 0.008883
1 0.393571 0.266497 0.004286 0.015228
1 0.398214 0.265228 0.005000 0.015228
1 0.507143 0.096447 0.002857 0.010152
1 0.590714 0.085660 0.002857 0.011421
1 0.583214 0.085660 0.003571 0.011421
1 0.611786 0.065990 0.003571 0.010152
1 0.631786 0.029822 0.003571 0.013959
1 0.628214 0.026650 0.003571 0.012690
5 0.706071 0.309645 0.026429 0.043147
4 0.628929 0.409264 0.025000 0.039340
4 0.441429 0.703046 0.031429 0.053299
5 0.515714 0.566624 0.030000 0.057107
6 0.466429 0.717005 0.065714 0.131980
