6 0.501786 0.262857 0.017857 0.051429
6 0.672857 0.379048 0.015714 0.043810
6 0.545000 0.015714 0.007143 0.018095
6 0.537143 0.067143 0.007143 0.020000
6 0.528214 0.115238 0.010714 0.026667
6 0.752500 0.219048 0.017857 0.034286
4 0.551786 0.002381 0.006429 0.004762
5 0.550714 0.010952 0.004286 0.010476
4 0.510714 0.037619 0.007143 0.010476
5 0.496786 0.074762 0.006429 0.014286
5 0.533214 0.088095 0.006429 0.014286
4 0.544286 0.028571 0.005714 0.009524
4 0.540000 0.038095 0.005714 0.009524
4 0.535000 0.047143 0.007143 0.010476
4 0.539643 0.054762 0.006429 0.012381
4 0.519286 0.024286 0.005714 0.008571
4 0.513571 0.020952 0.005714 0.009524
4 0.512143 0.045714 0.005714 0.011429
0 0.503571 0.067143 0.004286 0.008571
0 0.519643 0.112857 0.005000 0.010476
1 0.602500 0.033333 0.003571 0.011429
1 0.606786 0.206667 0.003571 0.015238
1 0.582500 0.193810 0.003571 0.012381
1 0.565714 0.201429 0.002857 0.012381
1 0.610000 0.184286 0.002857 0.016190
1 0.607500 0.180952 0.003571 0.013333
1 0.610357 0.206667 0.002143 0.013333
1 0.613214 0.204762 0.003571 0.015238
1 0.607500 0.200476 0.003571 0.012381
1 0.610357 0.171429 0.003571 0.011429
1 0.608214 0.176667 0.003571 0.014286
4 0.507857 0.220952 0.010000 0.019048
4 0.725357 0.538095 0.019286 0.038095
4 0.781429 0.450000 0.017143 0.033333
4 0.802143 0.399048 0.014286 0.022857
4 0.769286 0.311429 0.024286 0.015238
4 0.785000 0.300000 0.025714 0.013333
4 0.776071 0.285238 0.023571 0.014286
4 0.769286 0.245238 0.021429 0.014286
4 0.756071 0.187143 0.013571 0.010476
5 0.862857 0.752381 0.025714 0.053333
5 0.888929 0.768571 0.027857 0.049524
5 0.935000 0.764286 0.034286 0.048571
6 0.971786 0.928571 0.056429 0.131429
4 0.957143 0.825714 0.042857 0.062857
3 0.866786 0.650952 0.013571 0.008571
3 0.820000 0.587619 0.005714 0.013333
3 0.855714 0.570952 0.010000 0.008571
2 0.822143 0.582381 0.007143 0.010476
2 0.868571 0.647143 0.007143 0.008571
0 0.841071 0.575714 0.010714 0.020000
1 0.847857 0.588571 0.007143 0.011429
1 0.832857 0.588095 0.007143 0.012381
0 0.890000 0.608095 0.030000 0.033333
4 0.295357 0.833333 0.050714 0.041905
4 0.312143 0.759048 0.045714 0.040000
4 0.352143 0.592381 0.035714 0.032381
6 0.427143 0.392857 0.014286 0.027619
0 0.439286 0.328571 0.021429 0.024762
4 0.409643 0.335238 0.025000 0.013333
4 0.408929 0.343810 0.022143 0.013333
