2 0.601000 0.921000 0.025000 0.054000
4 0.688000 0.881000 0.063000 0.116667
10 0.749750 0.983000 0.048500 0.034000
1 0.681000 0.986000 0.017000 0.028000
6 0.333000 0.875667 0.104000 0.151333
1 0.358750 0.882333 0.027500 0.071333
6 0.602750 0.737000 0.102500 0.066000
1 0.550500 0.724667 0.013000 0.038667
4 0.560000 0.683333 0.032000 0.052000
10 0.518500 0.700000 0.013000 0.036000
10 0.524500 0.657000 0.012000 0.026000
10 0.499750 0.625000 0.010500 0.024667
10 0.530500 0.620333 0.011000 0.023333
10 0.547750 0.540667 0.006500 0.014667
10 0.540250 0.508000 0.004500 0.010667
2 0.517500 0.698000 0.012000 0.026667
2 0.517500 0.689000 0.012000 0.027333
2 0.524500 0.650667 0.010000 0.028000
2 0.530250 0.614000 0.008500 0.021333
2 0.498500 0.625667 0.008000 0.018000
2 0.499750 0.618667 0.009500 0.025333
2 0.546750 0.540000 0.005500 0.013333
2 0.547500 0.536000 0.005000 0.014667
2 0.540250 0.503667 0.004500 0.011333
1 0.543500 0.601000 0.007000 0.028667
1 0.550750 0.600667 0.007500 0.028000
1 0.544750 0.585000 0.007500 0.024667
10 0.577750 0.598000 0.013500 0.017333
6 0.566750 0.565000 0.020500 0.035333
6 0.464750 0.639000 0.036500 0.050000
1 0.449750 0.625000 0.006500 0.028667
1 0.453750 0.625667 0.006500 0.023333
5 0.490250 0.572000 0.018500 0.032000
3 0.511750 0.568333 0.004500 0.018000
3 0.527750 0.551667 0.005500 0.016667
1 0.513750 0.565333 0.007500 0.021333
2 0.512000 0.562333 0.004000 0.011333
2 0.527250 0.546000 0.005500 0.018667
6 0.479000 0.553333 0.049000 0.040000
4 0.512250 0.531000 0.017500 0.024667
4 0.517500 0.517000 0.027000 0.018000
6 0.605250 0.518667 0.026500 0.045333
4 0.527500 0.497333 0.012000 0.014667
1 0.536500 0.497000 0.004000 0.012667
0 0.548750 0.465667 0.040500 0.046000
