10 0.171071 0.785238 0.060714 0.039048
10 0.168571 0.755714 0.050000 0.033333
10 0.168929 0.727143 0.047857 0.031429
1 0.228929 0.759048 0.027857 0.043810
1 0.257143 0.790952 0.025714 0.044762
10 0.181786 0.670476 0.052143 0.036190
10 0.077500 0.788571 0.055000 0.036190
4 0.684286 0.711905 0.072857 0.162857
4 0.443214 0.531429 0.052143 0.129524
4 0.436786 0.962381 0.066429 0.075238
4 0.264643 0.652857 0.109286 0.157143
7 0.107143 0.633810 0.034286 0.071429
1 0.177857 0.488571 0.027143 0.043810
1 0.182143 0.463810 0.024286 0.043810
4 0.340000 0.492857 0.055714 0.141905
4 0.297857 0.224286 0.100000 0.056190
4 0.288571 0.279524 0.107143 0.063810
1 0.336429 0.370476 0.017143 0.045714
1 0.342500 0.339524 0.019286 0.040952
1 0.326429 0.339524 0.014286 0.046667
1 0.323929 0.307143 0.016429 0.044762
1 0.357500 0.309048 0.015000 0.042857
1 0.365000 0.312857 0.015714 0.040952
1 0.352857 0.253333 0.015714 0.045714
1 0.363571 0.231905 0.015714 0.042857
1 0.372857 0.238571 0.011429 0.042857
1 0.383571 0.244762 0.012857 0.047619
1 0.381786 0.222857 0.012143 0.038095
4 0.311429 0.080476 0.085714 0.052381
4 0.312500 0.051905 0.075000 0.046667
4 0.317857 0.028095 0.075714 0.046667
4 0.442500 0.071905 0.039286 0.079048
5 0.466429 0.026667 0.038571 0.053333
4 0.580000 0.053810 0.035714 0.060000
4 0.580000 0.113810 0.037143 0.071429
4 0.601429 0.199048 0.044286 0.074286
4 0.617143 0.290000 0.048571 0.103810
4 0.633571 0.398571 0.055714 0.115238
3 0.744286 0.563333 0.025714 0.060000
10 0.353214 0.857143 0.045000 0.080000
