1 0.680000 0.962667 0.079000 0.074667
10 0.553250 0.750667 0.041500 0.148000
3 0.481500 0.659667 0.032000 0.110000
10 0.519000 0.662333 0.039000 0.115333
1 0.016750 0.866000 0.033500 0.070667
1 0.078500 0.705667 0.072000 0.064667
1 0.095000 0.666667 0.074000 0.082667
10 0.173500 0.686000 0.070000 0.105333
10 0.188750 0.637333 0.074500 0.102667
3 0.188750 0.586333 0.075500 0.083333
10 0.242750 0.536000 0.044500 0.101333
1 0.204500 0.478333 0.045000 0.076667
10 0.209500 0.531000 0.044000 0.098000
10 0.275000 0.445333 0.053000 0.092000
10 0.300000 0.445333 0.044000 0.096000
10 0.321000 0.456667 0.040000 0.093333
10 0.338000 0.289333 0.027000 0.082667
1 0.287750 0.309667 0.038500 0.094000
1 0.257500 0.339667 0.049000 0.083333
1 0.418250 0.385667 0.025500 0.064667
2 0.246500 0.685333 0.047000 0.066667
10 0.254750 0.695667 0.068500 0.127333
5 0.357750 0.539000 0.165500 0.303333
1 0.472750 0.316667 0.024500 0.049333
1 0.450750 0.362667 0.029500 0.086667
1 0.450750 0.450667 0.029500 0.092000
10 0.480500 0.463667 0.046000 0.099333
10 0.511750 0.568667 0.043500 0.114667
10 0.498000 0.503000 0.059000 0.092667
3 0.544250 0.417667 0.029500 0.099333
10 0.564250 0.426667 0.043500 0.088000
10 0.630750 0.437333 0.037500 0.098667
10 0.646750 0.465000 0.040500 0.082000
3 0.600250 0.472667 0.034500 0.082667
7 0.595750 0.587000 0.084500 0.191333
