5 0.061786 0.858571 0.122143 0.151429
5 0.202500 0.578095 0.117857 0.120000
4 0.215357 0.683810 0.125000 0.137143
4 0.331071 0.459524 0.109286 0.117143
4 0.381786 0.512857 0.105000 0.109524
4 0.343571 0.674762 0.128571 0.145714
5 0.311786 0.901905 0.147857 0.196190
4 0.455714 0.720476 0.120000 0.160952
4 0.549643 0.458571 0.096429 0.109524
4 0.588571 0.533333 0.111429 0.139048
4 0.514286 0.378095 0.100000 0.108571
4 0.439286 0.358571 0.101429 0.096190
4 0.542500 0.260000 0.086429 0.078095
7 0.348214 0.122381 0.073571 0.054286
4 0.269286 0.180000 0.092857 0.095238
4 0.152143 0.269524 0.084286 0.091429
4 0.060000 0.355238 0.104286 0.091429
4 0.041071 0.080000 0.045000 0.049524
4 0.098214 0.018095 0.073571 0.036190
1 0.294286 0.096667 0.011429 0.027619
1 0.305357 0.089048 0.012143 0.025714
1 0.316786 0.089524 0.016429 0.034286
1 0.709286 0.163810 0.014286 0.049524
1 0.728929 0.114762 0.017857 0.046667
1 0.697500 0.368095 0.016429 0.044762
1 0.707857 0.033810 0.014286 0.050476
1 0.730714 0.061429 0.018571 0.040952
2 0.608571 0.061905 0.020000 0.041905
2 0.735357 0.467143 0.015000 0.048571
2 0.931071 0.338095 0.027857 0.030476
10 0.932857 0.352381 0.051429 0.032381
3 0.734286 0.474762 0.031429 0.033333
3 0.605357 0.089524 0.029286 0.028571
1 0.220357 0.047143 0.012143 0.025714
2 0.232500 0.049048 0.012143 0.018095
1 0.691071 0.321429 0.026429 0.035238
2 0.278214 0.252857 0.026429 0.018095
10 0.274286 0.271429 0.042857 0.020952
1 0.772143 0.586667 0.017143 0.030476
