4 0.595000 0.603810 0.151429 0.129524
4 0.319286 0.759048 0.171429 0.150476
4 0.356071 0.576190 0.159286 0.127619
4 0.226071 0.486667 0.159286 0.127619
4 0.433929 0.400476 0.142143 0.107619
4 0.614286 0.351429 0.131429 0.091429
4 0.793214 0.377143 0.139286 0.085714
4 0.807500 0.076667 0.072143 0.073333
4 0.821429 0.314762 0.118571 0.079048
4 0.158929 0.264762 0.109286 0.121905
5 0.553929 0.475714 0.112143 0.105714
2 0.743214 0.477619 0.025000 0.058095
2 0.745714 0.251905 0.028571 0.040952
2 0.615714 0.053333 0.017143 0.045714
2 0.700357 0.254286 0.020714 0.051429
1 0.695357 0.242857 0.013571 0.053333
3 0.749643 0.258095 0.053571 0.036190
10 0.701786 0.266190 0.035000 0.046667
10 0.737500 0.481429 0.055000 0.035238
4 0.094643 0.699524 0.189286 0.164762
4 0.072500 0.909524 0.145000 0.167619
4 0.961071 0.401905 0.077857 0.066667
10 0.504643 0.026667 0.025000 0.034286
2 0.502500 0.018571 0.017857 0.037143
1 0.157500 0.212857 0.023571 0.050476
10 0.612500 0.060000 0.029286 0.043810
