4 0.723214 0.790952 0.179286 0.094286
4 0.513214 0.813333 0.172143 0.097143
4 0.453571 0.552857 0.161429 0.115238
4 0.444286 0.435238 0.161429 0.104762
4 0.711786 0.367143 0.082143 0.183810
4 0.662500 0.149524 0.079286 0.146667
4 0.549286 0.090476 0.070000 0.135238
4 0.458214 0.237143 0.133571 0.102857
4 0.841786 0.330476 0.135000 0.100952
4 0.802500 0.236190 0.135000 0.102857
4 0.302500 0.546190 0.080714 0.170476
5 0.211786 0.547619 0.089286 0.236190
4 0.111071 0.572381 0.085000 0.207619
4 0.296071 0.849524 0.197857 0.133333
4 0.048214 0.898095 0.096429 0.127619
4 0.740000 0.030476 0.132857 0.060952
4 0.764643 0.083333 0.112143 0.084762
4 0.794286 0.152381 0.144286 0.091429
10 0.360357 0.228571 0.059286 0.053333
1 0.969643 0.218095 0.026429 0.040000
1 0.986786 0.214286 0.026429 0.060952
4 0.923214 0.545238 0.153571 0.105714
