1 0.581071 0.667619 0.010714 0.024762
1 0.579286 0.546190 0.008571 0.020000
2 0.548929 0.444762 0.006429 0.022857
3 0.548929 0.447619 0.006429 0.028571
1 0.562500 0.426190 0.007857 0.021905
1 0.553929 0.416190 0.007857 0.017143
1 0.546786 0.411429 0.007857 0.020952
1 0.534286 0.421429 0.007143 0.023810
1 0.511429 0.420952 0.007143 0.019048
1 0.575714 0.364762 0.007143 0.022857
1 0.566071 0.350952 0.007857 0.023810
1 0.553929 0.320952 0.009286 0.022857
1 0.519286 0.263810 0.008571 0.024762
1 0.512143 0.168095 0.007143 0.027619
1 0.517500 0.158571 0.006429 0.027619
5 0.250357 0.631429 0.075000 0.041905
4 0.242857 0.690952 0.074286 0.042857
5 0.095714 0.396190 0.038571 0.083810
1 0.071786 0.769524 0.020714 0.015238
1 0.077857 0.734762 0.021429 0.018095
1 0.083571 0.762857 0.018571 0.013333
10 0.510714 0.442381 0.011429 0.035238
