9 0.158571 0.081853 0.032857 0.026650
1 0.275000 0.098350 0.002857 0.011421
1 0.291786 0.102792 0.003571 0.012690
1 0.276071 0.095812 0.003571 0.008883
1 0.295000 0.104695 0.002857 0.013959
1 0.305357 0.104061 0.002143 0.010152
1 0.083214 0.203046 0.002143 0.010152
1 0.044286 0.925761 0.005714 0.013959
5 0.121786 0.913071 0.029286 0.052030
5 0.198571 0.730330 0.022857 0.046954
5 0.268571 0.850254 0.025714 0.058376
5 0.312857 0.729695 0.022857 0.050761
6 0.284643 0.734772 0.042143 0.098985
1 0.170357 0.687183 0.005000 0.016497
1 0.197857 0.604061 0.004286 0.010152
1 0.145714 0.734137 0.004286 0.016497
1 0.151429 0.706853 0.005714 0.015228
1 0.147500 0.706218 0.006429 0.011421
1 0.147857 0.735406 0.004286 0.016497
5 0.250357 0.604061 0.022143 0.035533
5 0.273571 0.555203 0.020000 0.031726
4 0.290714 0.562817 0.017143 0.029188
4 0.306786 0.526650 0.019286 0.030457
4 0.295000 0.515228 0.021429 0.027919
2 0.244286 0.561548 0.005714 0.011421
3 0.245000 0.565355 0.004286 0.013959
9 0.316429 0.461294 0.032857 0.062183
4 0.326429 0.491751 0.018571 0.026650
4 0.358214 0.565355 0.017857 0.031726
9 0.363214 0.134518 0.037857 0.035533
9 0.378571 0.161802 0.024286 0.024112
4 0.391429 0.152919 0.012857 0.011421
4 0.392143 0.160533 0.012857 0.013959
4 0.401429 0.172589 0.015714 0.012690
4 0.431786 0.176396 0.012143 0.012690
4 0.458929 0.180203 0.016429 0.015228
4 0.452143 0.182107 0.012857 0.013959
4 0.420357 0.180838 0.013571 0.013959
5 0.408571 0.166244 0.014286 0.017766
6 0.416429 0.159264 0.018571 0.016497
9 0.443929 0.187183 0.020714 0.024112
9 0.438929 0.166878 0.020714 0.024112
4 0.500714 0.174492 0.012857 0.011421
4 0.480714 0.008883 0.004286 0.012690
5 0.441786 0.270939 0.016429 0.024112
5 0.460000 0.267766 0.012857 0.015228
6 0.419643 0.279822 0.037857 0.059645
9 0.459643 0.288071 0.026429 0.048223
9 0.390000 0.315990 0.034286 0.060914
9 0.365000 0.358503 0.035714 0.067259
6 0.416071 0.327411 0.042143 0.073604
9 0.386429 0.387056 0.021429 0.038071
4 0.421786 0.354695 0.013571 0.021574
4 0.432857 0.335660 0.012857 0.016497
4 0.443929 0.321066 0.013571 0.020305
6 0.340714 0.409898 0.025714 0.048223
4 0.364643 0.425761 0.019286 0.024112
5 0.345000 0.453680 0.020000 0.031726
4 0.431786 0.441624 0.015000 0.025381
4 0.369643 0.583122 0.017857 0.036802
1 0.428929 0.608503 0.005000 0.013959
1 0.627500 0.645939 0.006429 0.015228
1 0.416786 0.615482 0.003571 0.012690
9 0.540714 0.147208 0.015714 0.025381
4 0.591071 0.211929 0.007857 0.015228
4 0.628929 0.046320 0.006429 0.011421
4 0.609643 0.059010 0.007857 0.011421
6 0.610714 0.149112 0.014286 0.026650
5 0.636429 0.109137 0.011429 0.025381
6 0.627500 0.237310 0.033571 0.043147
5 0.650714 0.027919 0.010000 0.020305
6 0.726071 0.289340 0.043571 0.048223
5 0.975714 0.351523 0.014286 0.027919
5 0.918571 0.392766 0.022857 0.016497
2 0.868929 0.667513 0.005000 0.010152
3 0.868929 0.670685 0.009286 0.008883
1 0.877143 0.644036 0.005714 0.016497
1 0.830000 0.665609 0.004286 0.013959
1 0.901429 0.713198 0.005714 0.015228
1 0.870714 0.696066 0.004286 0.013959
1 0.948929 0.730964 0.006429 0.012690
4 0.974643 0.181472 0.019286 0.012690
4 0.976786 0.176396 0.017857 0.017766
4 0.978929 0.173223 0.016429 0.013959
4 0.979643 0.166244 0.015000 0.012690
4 0.979286 0.166244 0.014286 0.015228
4 0.982857 0.159898 0.017143 0.012690
4 0.985714 0.152284 0.018571 0.010152
4 0.989286 0.145305 0.015714 0.013959
4 0.989286 0.141497 0.017143 0.008883
4 0.993929 0.135152 0.012143 0.011421
