5 0.050714 0.362857 0.081429 0.049524
4 0.216429 0.375238 0.081429 0.047619
6 0.368929 0.370476 0.100714 0.068571
6 0.184643 0.484762 0.113571 0.060952
4 0.040000 0.682381 0.080000 0.048571
4 0.319643 0.813333 0.075000 0.104762
4 0.140714 0.767143 0.050000 0.115238
4 0.090357 0.774286 0.050714 0.116190
10 0.058929 0.412381 0.030714 0.020952
2 0.051429 0.410952 0.011429 0.016190
2 0.062143 0.412857 0.011429 0.020000
10 0.250000 0.425238 0.035714 0.020000
2 0.246786 0.422857 0.013571 0.017143
4 0.411429 0.450476 0.074286 0.040000
4 0.170357 0.558095 0.082143 0.047619
4 0.331071 0.626667 0.087857 0.049524
4 0.445000 0.563333 0.082857 0.048571
10 0.243571 0.624286 0.035714 0.014286
2 0.240714 0.622381 0.015714 0.018095
7 0.192143 0.717619 0.044286 0.077143
7 0.425000 0.709048 0.054286 0.042857
7 0.492857 0.730476 0.044286 0.043810
7 0.548571 0.656190 0.055714 0.038095
3 0.613214 0.119524 0.009286 0.035238
2 0.612857 0.115238 0.008571 0.024762
2 0.620357 0.324762 0.012143 0.019048
10 0.618929 0.328095 0.010714 0.042857
5 0.639286 0.129524 0.028571 0.085714
2 0.784286 0.224286 0.010000 0.020000
4 0.785714 0.333333 0.071429 0.066667
4 0.616786 0.470000 0.075000 0.046667
4 0.667857 0.567143 0.081429 0.050476
4 0.965000 0.396190 0.070000 0.045714
5 0.973929 0.544762 0.052143 0.038095
5 0.897857 0.451905 0.072857 0.040952
4 0.889643 0.627619 0.080714 0.043810
4 0.802500 0.699524 0.075000 0.086667
5 0.645357 0.900952 0.040714 0.106667
4 0.717500 0.981905 0.036429 0.034286
1 0.955714 0.745714 0.021429 0.017143
1 0.928214 0.809524 0.023571 0.015238
1 0.878929 0.747143 0.019286 0.018095
2 0.741786 0.818571 0.019286 0.014286
3 0.660714 0.826667 0.020000 0.038095
10 0.742143 0.817619 0.018571 0.039048
10 0.617143 0.738571 0.037143 0.027619
10 0.525714 0.924762 0.018571 0.051429
10 0.483929 0.918095 0.015000 0.045714
10 0.415000 0.934762 0.031429 0.031429
10 0.448571 0.919048 0.017143 0.040000
10 0.468929 0.932381 0.009286 0.041905
1 0.475000 0.974286 0.011429 0.017143
2 0.553214 0.958571 0.013571 0.021905
1 0.431429 0.887143 0.012857 0.014286
2 0.617500 0.741905 0.015000 0.019048
2 0.663929 0.824762 0.016429 0.019048
1 0.752857 0.697143 0.018571 0.015238
1 0.638929 0.789524 0.013571 0.013333
1 0.622143 0.816667 0.010000 0.014286
1 0.610357 0.850476 0.013571 0.020952
