4 0.095714 0.018095 0.077143 0.034286
5 0.185000 0.172857 0.094286 0.079048
5 0.276071 0.038095 0.055000 0.074286
4 0.362500 0.022381 0.042143 0.044762
4 0.137143 0.081429 0.048571 0.077143
4 0.161071 0.127619 0.073571 0.081905
5 0.452857 0.050952 0.055714 0.080952
4 0.539286 0.205238 0.060000 0.084762
4 0.437500 0.194762 0.053571 0.079048
4 0.279286 0.221905 0.057143 0.091429
1 0.293929 0.201905 0.013571 0.028571
4 0.260357 0.328571 0.076429 0.074286
4 0.287857 0.369048 0.075714 0.073333
7 0.369643 0.365714 0.053571 0.043810
4 0.355000 0.566667 0.045714 0.106667
1 0.217143 0.958571 0.017143 0.018095
1 0.261786 0.938571 0.016429 0.029524
1 0.308571 0.990000 0.012857 0.018095
1 0.329643 0.985714 0.013571 0.020952
1 0.346429 0.961905 0.011429 0.020952
1 0.315000 0.965238 0.011429 0.016190
1 0.353214 0.893810 0.013571 0.020000
1 0.333929 0.820952 0.016429 0.013333
1 0.290357 0.843333 0.015000 0.016190
1 0.277143 0.860000 0.014286 0.017143
1 0.391071 0.801905 0.012143 0.019048
2 0.398929 0.897143 0.015000 0.019048
1 0.429286 0.780000 0.012857 0.013333
1 0.493214 0.855238 0.009286 0.020952
1 0.502143 0.885714 0.007143 0.017143
10 0.402857 0.847619 0.024286 0.045714
10 0.383571 0.799048 0.025714 0.032381
10 0.368929 0.789524 0.025000 0.028571
10 0.365000 0.763810 0.028571 0.019048
10 0.336786 0.734762 0.030714 0.023810
5 0.483929 0.960476 0.073571 0.077143
10 0.546786 0.984286 0.019286 0.029524
2 0.544286 0.992857 0.011429 0.012381
2 0.535714 0.960000 0.015714 0.020952
2 0.602500 0.970952 0.016429 0.020000
1 0.580357 0.875714 0.010714 0.016190
3 0.533571 0.957619 0.018571 0.033333
10 0.603214 0.968095 0.013571 0.046667
7 0.572857 0.714762 0.045714 0.075238
7 0.496786 0.700476 0.030714 0.060000
7 0.469286 0.612857 0.045714 0.071429
10 0.568214 0.595714 0.022143 0.039048
2 0.568929 0.594762 0.012143 0.021905
4 0.501429 0.543333 0.065714 0.100000
5 0.648571 0.532857 0.055714 0.080952
5 0.526071 0.451429 0.062143 0.097143
6 0.636071 0.349524 0.095000 0.137143
4 0.940000 0.971429 0.061429 0.055238
4 0.949643 0.764762 0.052143 0.112381
4 0.802143 0.801429 0.077143 0.103810
4 0.748929 0.844286 0.069286 0.107619
4 0.796786 0.691429 0.066429 0.089524
5 0.970000 0.482381 0.060000 0.075238
10 0.828571 0.588571 0.030000 0.032381
10 0.843929 0.608571 0.026429 0.032381
2 0.848929 0.608095 0.015000 0.018095
2 0.831071 0.589048 0.016429 0.018095
