0 0.492500 0.480000 0.007857 0.013333
0 0.473214 0.230952 0.012143 0.027619
0 0.477500 0.208095 0.016429 0.014286
0 0.482500 0.180000 0.016429 0.024762
0 0.477143 0.291429 0.005714 0.030476
9 0.513571 0.740952 0.012857 0.040000
4 0.497500 0.647619 0.007857 0.015238
4 0.500714 0.760952 0.008571 0.020952
0 0.524286 0.460000 0.018571 0.028571
0 0.498214 0.505238 0.010714 0.008571
0 0.460357 0.281429 0.020714 0.027619
0 0.460000 0.313333 0.011429 0.022857
0 0.480000 0.366190 0.011429 0.046667
0 0.462500 0.235238 0.007857 0.020952
4 0.507857 0.900476 0.010000 0.027619
4 0.522857 0.876667 0.010000 0.021905
3 0.530714 0.814286 0.004286 0.015238
4 0.457143 0.520952 0.005714 0.009524
0 0.470714 0.637619 0.005714 0.033333
0 0.497857 0.600000 0.005714 0.015238
0 0.466071 0.327619 0.009286 0.013333
0 0.488214 0.271429 0.007857 0.009524
6 0.866786 0.640000 0.019286 0.020952
6 0.772857 0.586667 0.014286 0.013333
0 0.717500 0.952381 0.026429 0.060952
4 0.707857 0.898571 0.011429 0.027619
4 0.696071 0.921429 0.012143 0.029524
4 0.878571 0.721905 0.011429 0.017143
0 0.696786 0.398095 0.013571 0.028571
