5 0.572500 0.584391 0.026429 0.100254
5 0.462857 0.479695 0.024286 0.073604
4 0.519643 0.265228 0.019286 0.053299
4 0.466429 0.208756 0.015714 0.044416
10 0.433214 0.207487 0.010714 0.031726
5 0.411071 0.157995 0.020714 0.054569
5 0.574286 0.146574 0.021429 0.062183
5 0.513571 0.085025 0.020000 0.060914
4 0.542500 0.065355 0.015000 0.041878
6 0.443929 0.046320 0.023571 0.069797
6 0.838929 0.733503 0.082143 0.180203
5 0.961071 0.751904 0.039286 0.092640
5 0.881071 0.528553 0.036429 0.074873
5 0.860714 0.456853 0.032857 0.063452
5 0.839286 0.406091 0.027143 0.065990
5 0.769643 0.495558 0.033571 0.069797
5 0.716429 0.269036 0.025714 0.050761
5 0.689286 0.201142 0.021429 0.041878
5 0.822857 0.355964 0.027143 0.049492
5 0.808571 0.314086 0.022857 0.049492
5 0.792857 0.267766 0.024286 0.050761
4 0.763214 0.232234 0.030714 0.038071
4 0.787143 0.196066 0.034286 0.034264
4 0.747143 0.157995 0.020000 0.044416
4 0.656071 0.020939 0.017857 0.034264
1 0.111786 0.814721 0.013571 0.030457
1 0.206429 0.479061 0.010000 0.026650
1 0.274643 0.416878 0.007857 0.024112
1 0.303929 0.395305 0.007857 0.024112
1 0.307857 0.367386 0.007143 0.019036
1 0.293214 0.393401 0.006429 0.025381
1 0.249643 0.332487 0.007857 0.020305
1 0.271786 0.248731 0.007857 0.025381
1 0.245357 0.241117 0.006429 0.027919
1 0.335000 0.029188 0.007143 0.020305
1 0.310357 0.015228 0.005000 0.020305
1 0.355714 0.007614 0.008571 0.015228
1 0.296786 0.131345 0.006429 0.019036
1 0.367500 0.281091 0.007857 0.024112
1 0.289286 0.388959 0.007143 0.021574
1 0.299643 0.364848 0.005000 0.016497
1 0.303214 0.362944 0.006429 0.020305
1 0.303571 0.377538 0.007143 0.019036
1 0.251786 0.323604 0.006429 0.020305
1 0.246786 0.325508 0.005000 0.019036
1 0.200000 0.477792 0.010000 0.021574
1 0.116071 0.797589 0.015000 0.029188
1 0.749286 0.065990 0.005714 0.022843
1 0.697500 0.052665 0.007857 0.026650
1 0.693214 0.082487 0.007857 0.020305
