0 0.672750 0.366000 0.013500 0.017333
0 0.650750 0.355000 0.014500 0.007333
0 0.692750 0.386333 0.014500 0.028667
6 0.742500 0.386000 0.014000 0.010667
6 0.798000 0.402000 0.014000 0.012000
6 0.809250 0.405000 0.018500 0.014000
6 0.855750 0.421000 0.018500 0.016667
6 0.892250 0.432333 0.030500 0.023333
4 0.955500 0.460000 0.033000 0.014667
2 0.839250 0.422667 0.002500 0.006667
10 0.839000 0.424333 0.004000 0.006000
1 0.682000 0.888333 0.011000 0.048667
2 0.652250 0.796333 0.019500 0.036667
4 0.048250 0.769333 0.074500 0.065333
4 0.215250 0.660667 0.083500 0.042667
4 0.430000 0.668333 0.074000 0.044667
4 0.293000 0.596000 0.062000 0.033333
4 0.465250 0.602000 0.055500 0.033333
5 0.470750 0.574333 0.056500 0.030000
4 0.372750 0.538333 0.048500 0.023333
5 0.360500 0.521667 0.036000 0.024667
4 0.384000 0.517333 0.035000 0.020000
4 0.377500 0.508000 0.034000 0.018667
4 0.392000 0.490000 0.031000 0.020000
4 0.450750 0.455333 0.028500 0.016000
4 0.476250 0.428333 0.018500 0.010000
9 0.487500 0.413667 0.017000 0.020667
4 0.688500 0.633667 0.069000 0.043333
4 0.678750 0.604000 0.057500 0.034667
4 0.668250 0.577667 0.052500 0.030000
4 0.532750 0.466000 0.029500 0.014667
4 0.646000 0.465333 0.013000 0.016000
1 0.614000 0.471000 0.004000 0.018000
1 0.618000 0.472000 0.004000 0.016000
9 0.538000 0.417667 0.015000 0.022000
4 0.567250 0.419000 0.018500 0.008667
4 0.564750 0.414000 0.018500 0.008000
4 0.569250 0.406000 0.015500 0.008000
4 0.575250 0.398000 0.015500 0.006667
6 0.621000 0.376667 0.013000 0.006667
4 0.630250 0.377000 0.007500 0.004667
