1 0.200714 0.594286 0.022857 0.072381
1 0.513571 0.742381 0.028571 0.084762
1 0.537500 0.920476 0.040714 0.117143
1 0.277857 0.487143 0.021429 0.048571
1 0.548571 0.370952 0.014286 0.039048
2 0.060357 0.550476 0.026429 0.030476
2 0.356429 0.491429 0.011429 0.026667
2 0.349643 0.489048 0.015000 0.027619
2 0.526429 0.479524 0.015714 0.040952
2 0.559286 0.345238 0.012857 0.027619
2 0.553214 0.295238 0.012143 0.026667
2 0.594643 0.273333 0.006429 0.022857
2 0.611786 0.242381 0.007857 0.016190
2 0.589643 0.211429 0.003571 0.011429
10 0.590000 0.214286 0.004286 0.009524
10 0.611429 0.241905 0.007143 0.013333
10 0.554643 0.295714 0.010714 0.023810
3 0.595357 0.275714 0.009286 0.016190
10 0.559286 0.353810 0.008571 0.025714
10 0.527143 0.498095 0.015714 0.047619
3 0.483214 0.821905 0.023571 0.097143
5 0.278929 0.199048 0.012143 0.019048
4 0.292500 0.199524 0.013571 0.014286
6 0.250714 0.194762 0.020000 0.025714
1 0.535357 0.248095 0.006429 0.020000
1 0.531786 0.235714 0.006429 0.018095
1 0.542143 0.240952 0.004286 0.011429
2 0.541786 0.237619 0.006429 0.018095
1 0.537500 0.240952 0.006429 0.017143
2 0.533214 0.222381 0.006429 0.012381
2 0.538929 0.221429 0.003571 0.008571
3 0.539286 0.224286 0.004286 0.006667
6 0.569643 0.259524 0.023571 0.039048
7 0.557500 0.221429 0.007857 0.012381
2 0.557857 0.216667 0.004286 0.010476
4 0.585714 0.195714 0.005714 0.010476
0 0.582857 0.151905 0.034286 0.014286
4 0.617143 0.192381 0.005714 0.007619
4 0.620714 0.223810 0.014286 0.013333
4 0.604643 0.211905 0.010714 0.012381
4 0.652500 0.229048 0.015000 0.016190
4 0.672143 0.217619 0.011429 0.012381
4 0.697143 0.228095 0.015714 0.014286
4 0.703571 0.260476 0.021429 0.025714
4 0.713214 0.289048 0.035000 0.027619
4 0.617143 0.210952 0.011429 0.010476
5 0.614286 0.215238 0.012857 0.015238
1 0.711071 0.206667 0.003571 0.009524
1 0.713929 0.208095 0.003571 0.008571
1 0.728571 0.212381 0.004286 0.013333
2 0.720714 0.216190 0.002857 0.007619
3 0.720357 0.218571 0.005000 0.004762
3 0.741429 0.230000 0.005714 0.008571
2 0.742500 0.226667 0.005000 0.009524
2 0.816429 0.247143 0.007143 0.014286
10 0.816786 0.252381 0.007857 0.009524
4 0.731429 0.272381 0.027143 0.022857
4 0.732500 0.330476 0.046429 0.051429
4 0.777143 0.345238 0.047143 0.042857
4 0.773929 0.300952 0.033571 0.030476
4 0.803571 0.321905 0.041429 0.036190
4 0.754286 0.370000 0.048571 0.050476
4 0.818214 0.380000 0.060714 0.057143
4 0.796071 0.431429 0.066429 0.064762
4 0.865000 0.489524 0.082857 0.080000
4 0.887143 0.440952 0.082857 0.070476
4 0.907500 0.381429 0.073571 0.052381
5 0.847143 0.343333 0.054286 0.050476
5 0.823571 0.281905 0.037143 0.028571
1 0.874643 0.260000 0.003571 0.011429
1 0.878571 0.257619 0.005714 0.016190
1 0.987143 0.289524 0.010000 0.022857
3 0.947857 0.283333 0.017143 0.014286
10 0.908929 0.284762 0.010714 0.013333
10 0.889286 0.276667 0.010000 0.014286
2 0.888929 0.270476 0.007857 0.015238
2 0.909286 0.279524 0.008571 0.016190
4 0.941429 0.578095 0.117143 0.133333
4 0.970000 0.517619 0.060000 0.084762
4 0.975000 0.459524 0.047143 0.063810
4 0.971786 0.429048 0.056429 0.054286
4 0.945357 0.816667 0.109286 0.214286
6 0.759643 0.285238 0.035000 0.033333
1 0.060357 0.204762 0.005000 0.017143
1 0.057500 0.200476 0.005000 0.016190
2 0.211786 0.522857 0.020714 0.026667
