0 0.592902 0.059369 0.017745 0.063080
6 0.503392 0.514842 0.040188 0.128015
4 0.539927 0.487013 0.014092 0.027829
5 0.566284 0.480519 0.013570 0.029685
4 0.709812 0.535250 0.034447 0.027829
4 0.644572 0.498609 0.034447 0.026902
4 0.642745 0.526902 0.031837 0.033395
4 0.644050 0.575603 0.037578 0.028757
4 0.651096 0.677180 0.045407 0.037106
4 0.648747 0.726809 0.045929 0.034323
4 0.650313 0.756494 0.048017 0.038033
4 0.662317 0.818182 0.061587 0.051948
4 0.660230 0.850186 0.059499 0.052876
5 0.812630 0.879406 0.051148 0.055659
4 0.786013 0.840909 0.050104 0.054731
4 0.773486 0.794527 0.050104 0.056586
4 0.771399 0.755566 0.045929 0.045455
4 0.762004 0.706865 0.036534 0.044527
4 0.746086 0.678108 0.036013 0.042672
4 0.725731 0.647959 0.039144 0.039889
4 0.720251 0.618275 0.041754 0.032468
5 0.723904 0.487941 0.028184 0.029685
1 0.643267 0.618275 0.005741 0.025046
1 0.742954 0.602505 0.006785 0.025046
1 0.536273 0.357143 0.003653 0.018553
1 0.686848 0.590909 0.007307 0.020408
0 0.713727 0.559833 0.017223 0.036178
10 0.724165 0.592764 0.013048 0.016698
10 0.740084 0.585807 0.013570 0.017625
1 0.754958 0.605288 0.004697 0.023191
7 0.697808 0.586271 0.015658 0.027829
4 0.879175 0.986085 0.056889 0.025974
2 0.557150 0.246289 0.002610 0.008349
2 0.575939 0.254174 0.002610 0.009276
2 0.586639 0.261132 0.003132 0.010204
1 0.587683 0.113173 0.002088 0.007421
4 0.587683 0.162801 0.007307 0.012059
4 0.600470 0.257421 0.008873 0.013915
5 0.616388 0.277365 0.017745 0.016698
