1 0.465357 0.013333 0.010714 0.026667
4 0.619286 0.019048 0.025714 0.038095
5 0.393571 0.066667 0.060000 0.045714
4 0.499286 0.066667 0.024286 0.057143
1 0.455714 0.135714 0.007143 0.020000
1 0.446786 0.135238 0.007857 0.026667
4 0.388214 0.141429 0.062143 0.039048
4 0.385714 0.216667 0.060000 0.040952
4 0.387857 0.292381 0.058571 0.038095
4 0.628214 0.258571 0.029286 0.077143
10 0.593214 0.462381 0.010714 0.031429
4 0.633929 0.420476 0.032143 0.082857
4 0.637857 0.521905 0.034286 0.089524
4 0.498571 0.523810 0.028571 0.087619
4 0.636786 0.638095 0.027857 0.091429
4 0.493929 0.633333 0.032143 0.083810
6 0.638214 0.761429 0.039286 0.119048
4 0.610357 0.883810 0.027857 0.102857
1 0.457857 0.715238 0.008571 0.017143
4 0.492857 0.910476 0.028571 0.106667
4 0.647143 0.965238 0.034286 0.069524
4 0.351786 0.895238 0.076429 0.043810
10 0.347500 0.860000 0.027857 0.017143
1 0.350357 0.861429 0.012143 0.016190
10 0.363571 0.838095 0.024286 0.017143
4 0.375000 0.585714 0.074286 0.041905
1 0.422857 0.399524 0.010000 0.018095
5 0.376786 0.370952 0.056429 0.050476
