0 0.553929 0.131905 0.016429 0.025714
0 0.457143 0.198095 0.004286 0.009524
0 0.498929 0.166190 0.009286 0.035238
0 0.486071 0.105238 0.039286 0.033333
0 0.534643 0.071905 0.009286 0.016190
0 0.404643 0.102381 0.026429 0.023810
6 0.472500 0.130476 0.006429 0.017143
6 0.475000 0.155238 0.008571 0.019048
10 0.279643 0.383810 0.003571 0.017143
10 0.508929 0.376667 0.003571 0.010476
2 0.509286 0.372857 0.002857 0.008571
2 0.279286 0.383810 0.005714 0.009524
4 0.744286 0.348095 0.014286 0.016190
4 0.698214 0.297619 0.017857 0.012381
4 0.688214 0.293810 0.015000 0.010476
4 0.682143 0.285238 0.020000 0.014286
4 0.691786 0.351429 0.025000 0.015238
6 0.256071 0.264762 0.027857 0.017143
5 0.352857 0.140952 0.005714 0.007619
6 0.566071 0.157619 0.015000 0.012381
6 0.040000 0.401905 0.045714 0.041905
6 0.381786 0.132381 0.015000 0.011429
