5 0.491786 0.260476 0.029286 0.056190
4 0.507857 0.202857 0.027143 0.041905
4 0.626071 0.103810 0.022143 0.036190
5 0.627857 0.069048 0.017143 0.035238
4 0.601786 0.382857 0.035000 0.064762
4 0.609643 0.303810 0.030714 0.059048
4 0.613214 0.242381 0.026429 0.050476
4 0.619643 0.194286 0.027857 0.041905
4 0.338571 0.501429 0.045714 0.090476
4 0.298929 0.492381 0.055000 0.087619
4 0.216071 0.485714 0.055000 0.087619
4 0.129286 0.489524 0.070000 0.095238
4 0.043929 0.481429 0.062143 0.090476
3 0.204643 0.373810 0.007857 0.029524
10 0.190000 0.369524 0.017143 0.036190
4 0.390000 0.458571 0.042857 0.075238
4 0.369286 0.736190 0.061429 0.127619
4 0.052500 0.669524 0.086429 0.127619
4 0.101786 0.667143 0.073571 0.115238
4 0.145357 0.679048 0.079286 0.123810
4 0.196429 0.678571 0.062857 0.115238
4 0.267143 0.618571 0.054286 0.103810
4 0.021429 0.659048 0.042857 0.093333
1 0.068929 0.732381 0.026429 0.034286
4 0.939643 0.764762 0.095000 0.057143
4 0.685357 0.516667 0.092143 0.050476
4 0.731786 0.294762 0.035000 0.063810
4 0.768571 0.300476 0.034286 0.063810
4 0.935000 0.318095 0.047143 0.057143
4 0.677143 0.395238 0.068571 0.047619
4 0.692857 0.446190 0.082857 0.048571
10 0.703929 0.237143 0.016429 0.040000
4 0.975714 0.328571 0.048571 0.066667
10 0.986429 0.262381 0.014286 0.031429
