4 0.285714 0.581853 0.038571 0.039340
4 0.342857 0.536802 0.032857 0.040609
9 0.394643 0.458756 0.069286 0.115482
9 0.456786 0.452411 0.019286 0.072335
4 0.483214 0.417513 0.015000 0.040609
4 0.499286 0.561548 0.014286 0.049492
4 0.521429 0.553934 0.014286 0.049492
4 0.540000 0.567893 0.015714 0.054569
4 0.562143 0.545051 0.017143 0.052030
4 0.545714 0.480330 0.015714 0.046954
9 0.525357 0.460660 0.023571 0.124365
4 0.581786 0.273477 0.013571 0.034264
5 0.495000 0.230330 0.015714 0.031726
4 0.575357 0.093909 0.012143 0.025381
4 0.578571 0.022843 0.011429 0.022843
4 0.531071 0.085025 0.012143 0.022843
4 0.515000 0.089467 0.012857 0.021574
4 0.538929 0.059645 0.010714 0.020305
4 0.552500 0.028553 0.010714 0.021574
4 0.535714 0.024746 0.011429 0.021574
6 0.721071 0.807741 0.063571 0.059645
9 0.759643 0.781091 0.057857 0.049492
4 0.694643 0.782360 0.043571 0.036802
