6 0.260714 0.852857 0.115714 0.269524
6 0.428571 0.714286 0.052857 0.133333
6 0.363214 0.594286 0.050714 0.104762
6 0.395000 0.511429 0.035714 0.068571
4 0.439643 0.472857 0.013571 0.021905
6 0.457143 0.566667 0.041429 0.116190
5 0.499286 0.682381 0.021429 0.050476
4 0.571071 0.732381 0.022143 0.057143
10 0.599643 0.723810 0.016429 0.026667
1 0.606071 0.710952 0.010714 0.023810
3 0.589643 0.714286 0.007857 0.017143
4 0.566429 0.683810 0.040000 0.041905
1 0.582857 0.683810 0.010000 0.019048
10 0.613571 0.684762 0.018571 0.026667
10 0.616429 0.673810 0.014286 0.025714
1 0.605714 0.657619 0.008571 0.021905
10 0.569643 0.661429 0.010714 0.016190
10 0.500000 0.619524 0.018571 0.016190
10 0.573214 0.579524 0.009286 0.018095
10 0.586429 0.550952 0.017143 0.016190
10 0.603929 0.575238 0.020714 0.019048
1 0.587143 0.586190 0.005714 0.018095
5 0.567857 0.617143 0.018571 0.032381
1 0.561429 0.570000 0.007143 0.018095
6 0.508214 0.539048 0.022143 0.041905
1 0.471786 0.453333 0.006429 0.015238
6 0.567857 0.449048 0.015714 0.039048
6 0.502143 0.351905 0.021429 0.050476
6 0.459286 0.338095 0.017143 0.034286
6 0.467500 0.316667 0.019286 0.039048
6 0.531071 0.344286 0.010714 0.023810
6 0.537857 0.321429 0.011429 0.027619
4 0.572857 0.340952 0.018571 0.013333
10 0.576071 0.352381 0.012143 0.009524
6 0.565357 0.322381 0.019286 0.016190
6 0.565357 0.315238 0.026429 0.019048
4 0.566786 0.282857 0.016429 0.009524
4 0.566429 0.276190 0.015714 0.007619
4 0.543214 0.266190 0.013571 0.008571
4 0.546071 0.243333 0.007857 0.008571
0 0.562500 0.242381 0.022143 0.050476
0 0.535357 0.290476 0.009286 0.032381
1 0.556786 0.292857 0.003571 0.008571
10 0.482500 0.322381 0.003571 0.010476
10 0.491786 0.290952 0.003571 0.008571
2 0.492143 0.288571 0.002857 0.007619
6 0.484286 0.278095 0.014286 0.026667
6 0.493929 0.252381 0.012143 0.024762
1 0.512143 0.252857 0.002857 0.008571
1 0.520357 0.250952 0.003571 0.008571
0 0.457857 0.221429 0.071429 0.033333
0 0.506786 0.209524 0.017857 0.030476
0 0.530000 0.171905 0.052857 0.029524
6 0.360357 0.437143 0.059286 0.038095
6 0.338929 0.404762 0.069286 0.034286
6 0.281071 0.404762 0.033571 0.022857
6 0.218571 0.429048 0.062857 0.035238
6 0.183214 0.393333 0.087857 0.040000
6 0.088214 0.385714 0.090714 0.038095
5 0.036429 0.389048 0.020000 0.016190
4 0.013929 0.347619 0.020714 0.017143
4 0.229286 0.327143 0.015714 0.012381
6 0.240714 0.318095 0.015714 0.015238
4 0.316786 0.308095 0.022143 0.010476
5 0.351786 0.315714 0.020714 0.012381
4 0.354643 0.311429 0.017857 0.011429
4 0.310357 0.281429 0.015000 0.010476
4 0.322143 0.304286 0.017143 0.010476
4 0.326071 0.300000 0.017857 0.009524
4 0.330714 0.294762 0.015714 0.010476
4 0.336429 0.292857 0.017143 0.010476
4 0.359643 0.307143 0.019286 0.010476
4 0.364286 0.301429 0.018571 0.010476
4 0.370357 0.296667 0.019286 0.010476
4 0.418571 0.281905 0.017143 0.011429
4 0.033571 0.563810 0.032857 0.040000
5 0.075714 0.807143 0.057143 0.060000
4 0.107143 0.936667 0.081429 0.044762
4 0.156071 0.978571 0.075000 0.042857
4 0.083214 0.980952 0.070714 0.038095
4 0.330000 0.572381 0.041429 0.020952
4 0.298929 0.594286 0.046429 0.022857
4 0.287500 0.611429 0.043571 0.022857
4 0.252857 0.663333 0.041429 0.023810
5 0.261786 0.686190 0.023571 0.037143
4 0.244643 0.679048 0.030714 0.024762
4 0.208571 0.660000 0.044286 0.024762
4 0.200714 0.707619 0.032857 0.024762
5 0.226786 0.704286 0.025000 0.046667
5 0.152500 0.901429 0.049286 0.046667
4 0.172857 0.879524 0.047143 0.037143
5 0.145357 0.857143 0.039286 0.049524
4 0.138571 0.813333 0.058571 0.041905
7 0.188571 0.830000 0.048571 0.029524
5 0.028571 0.941429 0.055714 0.050476
5 0.019286 0.985238 0.038571 0.029524
4 0.040714 0.855238 0.055714 0.070476
4 0.036429 0.776667 0.050000 0.029524
4 0.075714 0.751905 0.061429 0.033333
5 0.198571 0.750476 0.057143 0.041905
4 0.210000 0.780476 0.045714 0.029524
6 0.180357 0.800000 0.025000 0.049524
6 0.200714 0.807619 0.044286 0.030476
6 0.146071 0.786190 0.056429 0.033333
4 0.161071 0.760952 0.063571 0.030476
6 0.097857 0.770000 0.050000 0.029524
0 0.138214 0.712381 0.063571 0.057143
0 0.134643 0.572381 0.132143 0.064762
0 0.103571 0.628571 0.107143 0.059048
0 0.236786 0.589048 0.046429 0.073333
0 0.150714 0.668571 0.057143 0.028571
0 0.052143 0.672857 0.104286 0.122857
0 0.015000 0.901905 0.030000 0.028571
0 0.007143 0.810476 0.014286 0.150476
0 0.028214 0.749524 0.032143 0.024762
0 0.027857 0.804286 0.031429 0.029524
