4 0.487857 0.422381 0.035714 0.044762
5 0.401071 0.461905 0.057857 0.064762
4 0.246786 0.479524 0.082143 0.060000
0 0.286429 0.431905 0.024286 0.025714
4 0.522143 0.369524 0.012857 0.017143
4 0.461071 0.371429 0.016429 0.017143
4 0.486786 0.353333 0.012143 0.013333
9 0.383929 0.385714 0.060714 0.053333
4 0.455714 0.362857 0.015714 0.017143
4 0.502500 0.350476 0.010714 0.011429
4 0.522500 0.342857 0.007857 0.009524
4 0.447143 0.351905 0.012857 0.010476
10 0.406071 0.570952 0.022143 0.063810
10 0.523929 0.551905 0.026429 0.052381
10 0.484286 0.735714 0.034286 0.086667
10 0.546071 0.508571 0.019286 0.041905
10 0.535714 0.476190 0.015714 0.028571
10 0.545000 0.450000 0.012857 0.023810
10 0.608929 0.419048 0.016429 0.017143
2 0.487857 0.706190 0.028571 0.080952
2 0.406429 0.551905 0.020000 0.061905
2 0.522500 0.533810 0.020714 0.050476
2 0.546071 0.493333 0.016429 0.041905
2 0.536429 0.464762 0.008571 0.034286
2 0.545714 0.435714 0.010000 0.027619
2 0.608929 0.410952 0.010714 0.020000
2 0.674286 0.476190 0.020000 0.036190
1 0.860000 0.707143 0.030000 0.141905
1 0.813929 0.676667 0.032143 0.117143
1 0.198571 0.408571 0.008571 0.026667
2 0.089286 0.450952 0.015714 0.023810
2 0.075714 0.451905 0.014286 0.023810
2 0.063571 0.457619 0.017143 0.023810
2 0.134286 0.436190 0.011429 0.020952
1 0.128929 0.416667 0.012143 0.031429
1 0.187500 0.416190 0.006429 0.017143
0 0.178929 0.408095 0.006429 0.016190
2 0.388929 0.420952 0.009286 0.017143
2 0.392143 0.424762 0.007143 0.015238
10 0.390357 0.428571 0.013571 0.022857
4 0.585714 0.394762 0.015714 0.016190
1 0.789286 0.449048 0.018571 0.050476
1 0.885000 0.456190 0.017143 0.049524
1 0.967500 0.383333 0.010714 0.033333
1 0.945357 0.385238 0.007857 0.031429
1 0.954643 0.379524 0.010714 0.025714
1 0.940357 0.381429 0.007857 0.027619
1 0.836429 0.459048 0.012857 0.041905
2 0.767857 0.459524 0.015714 0.033333
2 0.741071 0.460476 0.012143 0.031429
2 0.726786 0.460952 0.015000 0.032381
2 0.712143 0.459048 0.012857 0.034286
1 0.696071 0.452381 0.012143 0.055238
4 0.639643 0.360000 0.015000 0.017143
4 0.648571 0.365714 0.012857 0.015238
4 0.581786 0.353810 0.010714 0.014286
4 0.592500 0.375714 0.010714 0.010476
0 0.622857 0.391429 0.008571 0.020952
4 0.408571 0.375238 0.028571 0.019048
1 0.317500 0.388095 0.006429 0.021905
1 0.332500 0.390000 0.006429 0.021905
1 0.311071 0.387619 0.006429 0.020952
4 0.526786 0.337619 0.006429 0.008571
4 0.524643 0.363810 0.015000 0.017143
