4 0.886429 0.557741 0.035714 0.105330
4 0.835000 0.196701 0.035714 0.065990
4 0.656429 0.470178 0.028571 0.085025
1 0.476786 0.463832 0.007857 0.026650
1 0.438929 0.430203 0.009286 0.027919
1 0.450000 0.358503 0.007143 0.031726
1 0.407857 0.469543 0.007143 0.022843
1 0.400357 0.444797 0.010714 0.024112
1 0.353929 0.450508 0.019286 0.025381
1 0.319643 0.489848 0.010714 0.027919
1 0.251071 0.564721 0.010714 0.032995
1 0.336429 0.444797 0.010000 0.031726
1 0.362500 0.430203 0.009286 0.027919
1 0.340000 0.380076 0.008571 0.031726
1 0.345357 0.364213 0.007857 0.027919
1 0.518929 0.513959 0.007857 0.032995
1 0.542143 0.163706 0.005714 0.022843
1 0.579286 0.134518 0.007143 0.027919
1 0.573929 0.131345 0.007857 0.029188
1 0.520357 0.508249 0.005000 0.021574
1 0.964286 0.359772 0.015714 0.039340
1 0.970714 0.229061 0.012857 0.031726
9 0.611071 0.016497 0.167857 0.032995
4 0.441429 0.007614 0.055714 0.015228
4 0.649286 0.930203 0.038571 0.137056
