0 0.578929 0.132381 0.016429 0.040000
4 0.980357 0.619048 0.033571 0.034286
4 0.740357 0.255714 0.006429 0.008571
6 0.757857 0.262857 0.020000 0.009524
6 0.729286 0.241905 0.014286 0.009524
6 0.610357 0.300952 0.020714 0.024762
6 0.650714 0.277143 0.024286 0.024762
6 0.598571 0.326190 0.011429 0.020000
4 0.561786 0.256190 0.005000 0.007619
0 0.560357 0.241905 0.003571 0.005714
4 0.597143 0.369048 0.008571 0.012381
6 0.584643 0.470952 0.012143 0.029524
9 0.590714 0.549524 0.018571 0.062857
10 0.618929 0.651905 0.006429 0.020000
2 0.619286 0.648095 0.005714 0.014286
4 0.406429 0.366190 0.024286 0.014286
6 0.388214 0.403333 0.035000 0.027619
4 0.329643 0.500952 0.029286 0.019048
4 0.319286 0.521429 0.030000 0.020000
4 0.307500 0.540952 0.030714 0.019048
4 0.295357 0.562857 0.030714 0.020952
4 0.224286 0.659048 0.042857 0.026667
4 0.117857 0.712381 0.038571 0.051429
4 0.139286 0.672857 0.034286 0.035238
4 0.192857 0.612857 0.031429 0.033333
4 0.194643 0.711429 0.035000 0.036190
4 0.168214 0.749048 0.039286 0.033333
4 0.083929 0.873333 0.067857 0.047619
4 0.028929 0.975238 0.057857 0.045714
6 0.981071 0.682381 0.026429 0.035238
