6 0.062500 0.066667 0.085000 0.133333
4 0.188214 0.132381 0.056429 0.091429
4 0.200714 0.381905 0.060000 0.097143
4 0.305714 0.310000 0.058571 0.098095
4 0.261071 0.206667 0.057857 0.091429
4 0.322857 0.225238 0.057143 0.100000
4 0.341786 0.422381 0.059286 0.105714
4 0.175357 0.016190 0.042143 0.032381
5 0.212143 0.076667 0.047143 0.079048
4 0.386071 0.525714 0.062143 0.104762
1 0.367500 0.249048 0.012143 0.027619
2 0.216071 0.242857 0.015000 0.028571
2 0.182500 0.206190 0.015000 0.023810
2 0.148929 0.118571 0.020714 0.027619
3 0.151071 0.123810 0.017857 0.038095
3 0.185714 0.210476 0.018571 0.036190
3 0.219286 0.244286 0.022857 0.037143
4 0.330357 0.820952 0.072143 0.125714
6 0.251429 0.932381 0.091429 0.135238
4 0.949286 0.917143 0.084286 0.139048
4 0.716429 0.701429 0.085714 0.086667
4 0.552857 0.808571 0.101429 0.095238
5 0.773929 0.943333 0.096429 0.096190
1 0.485357 0.526190 0.012143 0.023810
6 0.512143 0.490000 0.045714 0.138095
3 0.406786 0.456190 0.029286 0.022857
