1 0.569750 0.028333 0.018500 0.056667
1 0.556500 0.088333 0.019000 0.079333
1 0.551500 0.207000 0.019000 0.067333
1 0.350000 0.380000 0.034000 0.070667
1 0.604750 0.469000 0.028500 0.068667
1 0.572000 0.633000 0.030000 0.051333
1 0.592250 0.614000 0.020500 0.036000
1 0.636500 0.657333 0.032000 0.048000
1 0.625000 0.597333 0.028000 0.045333
1 0.673500 0.479333 0.032000 0.061333
1 0.684000 0.548667 0.037000 0.060000
1 0.776750 0.574000 0.027500 0.074667
1 0.734250 0.592000 0.044500 0.052000
2 0.451750 0.522000 0.033500 0.058667
2 0.460000 0.313667 0.030000 0.062000
2 0.434000 0.119333 0.025000 0.052000
2 0.441750 0.106333 0.018500 0.039333
2 0.405000 0.397000 0.028000 0.050000
10 0.408000 0.404000 0.030000 0.094667
10 0.466000 0.338000 0.020000 0.076000
10 0.454500 0.539667 0.025000 0.090000
10 0.617250 0.545667 0.040500 0.094000
10 0.436000 0.143333 0.020000 0.088000
1 0.626250 0.135667 0.023500 0.084667
1 0.627500 0.117000 0.032000 0.078000
2 0.621000 0.059333 0.035000 0.052000
2 0.620500 0.037667 0.037000 0.054000
1 0.698000 0.150000 0.022000 0.084000
1 0.703500 0.171667 0.022000 0.062000
1 0.731000 0.170667 0.020000 0.061333
2 0.653750 0.440667 0.028500 0.057333
2 0.718750 0.810000 0.053500 0.045333
2 0.550750 0.871333 0.019500 0.028000
2 0.581000 0.731667 0.036000 0.056667
1 0.546500 0.860000 0.034000 0.065333
1 0.696750 0.890333 0.034500 0.040667
1 0.713250 0.947000 0.044500 0.042000
1 0.816750 0.853000 0.054500 0.064667
10 0.584750 0.739333 0.046500 0.109333
1 0.341250 0.831667 0.043500 0.046000
2 0.417750 0.863333 0.039500 0.061333
10 0.413750 0.857667 0.025500 0.127333
3 0.296250 0.966000 0.070500 0.058667
8 0.309000 0.383000 0.055000 0.148667
7 0.150750 0.395667 0.088500 0.112667
7 0.136250 0.236667 0.100500 0.069333
10 0.230500 0.238667 0.061000 0.045333
10 0.066250 0.388333 0.068500 0.052667
