1 0.292857 0.917619 0.012857 0.020000
1 0.309286 0.901905 0.010000 0.017143
1 0.318214 0.924762 0.010714 0.015238
2 0.415714 0.899524 0.012857 0.023810
2 0.422500 0.892381 0.009286 0.030476
10 0.418214 0.899048 0.023571 0.043810
1 0.378929 0.737619 0.010714 0.023810
1 0.451429 0.639048 0.007143 0.022857
1 0.457143 0.639524 0.005714 0.021905
1 0.462500 0.643810 0.007857 0.022857
1 0.474286 0.606190 0.007143 0.021905
2 0.537857 0.604286 0.008571 0.020000
3 0.538214 0.608571 0.010714 0.019048
1 0.488929 0.570000 0.007857 0.020000
1 0.498571 0.570000 0.005714 0.023810
1 0.504643 0.572857 0.006429 0.020000
1 0.520357 0.577619 0.007857 0.021905
1 0.495357 0.554286 0.007857 0.020952
1 0.513214 0.524762 0.007857 0.020952
1 0.505357 0.521905 0.006429 0.020952
1 0.501071 0.518095 0.006429 0.022857
1 0.507143 0.504762 0.005714 0.019048
1 0.544286 0.526667 0.007143 0.022857
1 0.550714 0.526190 0.007143 0.021905
2 0.558214 0.469524 0.003571 0.011429
2 0.556786 0.464762 0.005000 0.011429
10 0.557857 0.475714 0.010000 0.020000
1 0.510000 0.460000 0.005714 0.020952
1 0.503214 0.461429 0.006429 0.020000
1 0.655000 0.431905 0.008571 0.020000
1 0.475714 0.383333 0.005714 0.018095
1 0.449286 0.350000 0.005714 0.018095
1 0.453929 0.350000 0.005000 0.018095
1 0.493214 0.288571 0.005000 0.017143
1 0.498214 0.290476 0.005000 0.017143
1 0.563571 0.377619 0.007143 0.018095
1 0.568929 0.376667 0.005000 0.018095
1 0.572143 0.373810 0.004286 0.020000
1 0.792500 0.767143 0.016429 0.025714
1 0.844286 0.776190 0.015714 0.022857
1 0.852143 0.762857 0.012857 0.019048
4 0.852500 0.662381 0.033571 0.060000
4 0.781786 0.594286 0.045000 0.041905
10 0.706429 0.984286 0.027143 0.031429
2 0.707500 0.987143 0.009286 0.023810
2 0.703214 0.981905 0.009286 0.019048
2 0.698929 0.977619 0.010714 0.021905
5 0.199643 0.974762 0.073571 0.050476
0 0.091071 0.092381 0.070714 0.045714
0 0.067143 0.142381 0.074286 0.044762
0 0.006786 0.253333 0.009286 0.032381
0 0.826071 0.019524 0.335000 0.039048
0 0.570000 0.020476 0.075714 0.037143
0 0.690357 0.054286 0.119286 0.030476
