1 0.031500 0.677333 0.031000 0.016000
1 0.043500 0.662000 0.023000 0.010667
1 0.046500 0.691667 0.024000 0.012667
1 0.050500 0.713000 0.040000 0.023333
2 0.035000 0.733667 0.017000 0.010000
4 0.334250 0.908667 0.059500 0.182667
1 0.238000 0.652000 0.027000 0.022667
10 0.238250 0.575000 0.049500 0.023333
2 0.231000 0.572667 0.028000 0.024000
10 0.345750 0.638000 0.042500 0.024000
2 0.344750 0.638000 0.021500 0.028000
1 0.317500 0.687667 0.023000 0.015333
1 0.286750 0.603000 0.029500 0.027333
7 0.292750 0.592667 0.057500 0.032000
10 0.335250 0.574667 0.031500 0.033333
2 0.329000 0.572667 0.020000 0.029333
4 0.340250 0.520333 0.087500 0.104667
4 0.404500 0.761667 0.053000 0.172667
4 0.483750 0.717000 0.088500 0.158000
4 0.505750 0.913000 0.053500 0.172667
2 0.622500 0.724000 0.018000 0.032000
5 0.638000 0.877333 0.055000 0.189333
1 0.697000 0.603333 0.018000 0.021333
1 0.711500 0.611000 0.024000 0.028667
6 0.939500 0.781667 0.121000 0.148667
6 0.945750 0.382667 0.101500 0.122667
10 0.868750 0.392000 0.030500 0.042667
2 0.889250 0.460667 0.023500 0.024000
1 0.848750 0.475000 0.029500 0.038000
3 0.897500 0.484333 0.050000 0.031333
1 0.788000 0.465667 0.021000 0.036667
1 0.771750 0.439000 0.015500 0.030000
4 0.690500 0.484333 0.100000 0.059333
6 0.696000 0.412333 0.109000 0.051333
5 0.716250 0.556333 0.134500 0.084667
4 0.586250 0.590667 0.108500 0.084000
4 0.454250 0.513667 0.075500 0.127333
1 0.553250 0.448667 0.009500 0.028000
3 0.544000 0.427333 0.034000 0.021333
2 0.547250 0.426333 0.012500 0.023333
7 0.498500 0.374000 0.019000 0.046667
2 0.497750 0.370333 0.016500 0.027333
1 0.573000 0.361000 0.009000 0.020667
6 0.566500 0.276000 0.041000 0.124000
6 0.508250 0.260000 0.045500 0.153333
2 0.511500 0.334000 0.012000 0.026667
1 0.785750 0.625667 0.021500 0.024667
1 0.782250 0.668667 0.021500 0.022667
4 0.463750 0.317667 0.046500 0.096667
4 0.454250 0.198000 0.041500 0.104000
5 0.490000 0.095000 0.035000 0.106000
4 0.450250 0.094000 0.037500 0.085333
10 0.359500 0.120667 0.022000 0.042667
4 0.365000 0.199667 0.039000 0.096667
4 0.411750 0.237667 0.038500 0.098000
5 0.416250 0.362667 0.046500 0.144000
4 0.369250 0.323333 0.041500 0.116000
4 0.345000 0.436000 0.084000 0.084000
10 0.393500 0.620667 0.043000 0.034667
2 0.389250 0.621333 0.025500 0.030667
1 0.759000 0.621667 0.020000 0.027333
0 0.938250 0.646000 0.123500 0.104000
4 0.827500 0.299000 0.086000 0.060667
