4 0.365357 0.807143 0.032143 0.071429
4 0.447857 0.648095 0.022857 0.039048
4 0.413571 0.575238 0.017143 0.036190
4 0.512500 0.454286 0.030714 0.019048
10 0.489286 0.468095 0.011429 0.016190
6 0.929286 0.526667 0.141429 0.070476
4 0.494286 0.202857 0.005714 0.007619
4 0.512143 0.181429 0.005714 0.010476
1 0.351786 0.259524 0.005000 0.008571
1 0.326071 0.308571 0.003571 0.007619
1 0.327143 0.303333 0.004286 0.006667
1 0.327143 0.300476 0.004286 0.008571
1 0.327500 0.295714 0.003571 0.006667
1 0.331786 0.290952 0.003571 0.008571
1 0.333571 0.290476 0.002857 0.009524
1 0.338571 0.291905 0.002857 0.008571
1 0.340357 0.291429 0.003571 0.009524
4 0.392857 0.246190 0.011429 0.008571
1 0.315000 0.281429 0.002857 0.006667
1 0.318214 0.278095 0.003571 0.007619
1 0.325000 0.275238 0.004286 0.007619
0 0.333929 0.256667 0.012143 0.023810
1 0.321071 0.277143 0.002143 0.009524
6 0.931786 0.556190 0.097857 0.045714
6 0.439643 0.709048 0.027857 0.105714
