6 0.089509 0.720315 0.177975 0.377551
8 0.676409 0.961039 0.069937 0.076067
4 0.845511 0.908627 0.064718 0.164193
4 0.680846 0.763451 0.065240 0.116883
4 0.023486 0.119202 0.046973 0.032468
4 0.015136 0.100186 0.030271 0.027829
10 0.060543 0.109462 0.018789 0.022263
10 0.071764 0.157699 0.014092 0.025974
10 0.086378 0.177644 0.019311 0.025046
10 0.103601 0.168831 0.017223 0.024119
8 0.083507 0.138683 0.026096 0.030612
8 0.064718 0.225417 0.029228 0.042672
8 0.091858 0.248145 0.031315 0.047310
8 0.120825 0.271800 0.031837 0.050093
8 0.125000 0.194805 0.030793 0.035250
8 0.156315 0.254638 0.019311 0.051020
8 0.172756 0.325139 0.036534 0.056586
8 0.223643 0.372913 0.036013 0.063080
1 0.236952 0.377087 0.011482 0.034323
1 0.244781 0.370130 0.012526 0.040816
1 0.042797 0.365955 0.015658 0.039889
1 0.029749 0.361781 0.009395 0.024119
1 0.023747 0.355288 0.014092 0.033395
2 0.064979 0.256957 0.012004 0.024119
2 0.057933 0.254174 0.010438 0.020408
7 0.063935 0.262987 0.022443 0.032468
4 0.144311 0.214750 0.052714 0.047310
2 0.179019 0.247681 0.009395 0.027829
10 0.180846 0.250000 0.019311 0.026902
10 0.197547 0.176252 0.013048 0.020408
10 0.193894 0.185065 0.013048 0.021336
10 0.185543 0.198980 0.014092 0.019481
10 0.197286 0.207328 0.014614 0.023191
0 0.208507 0.227273 0.021399 0.048237
10 0.237213 0.235622 0.013048 0.027829
10 0.235386 0.232839 0.013570 0.029685
10 0.233559 0.231447 0.016180 0.026902
0 0.255741 0.244434 0.022965 0.030612
3 0.281315 0.240724 0.015658 0.019481
10 0.266701 0.272727 0.017745 0.027829
7 0.258090 0.265770 0.024530 0.036178
4 0.200939 0.303803 0.045929 0.052876
4 0.279749 0.295455 0.060543 0.047310
4 0.305585 0.310761 0.045407 0.050093
8 0.334290 0.322820 0.028706 0.048237
5 0.343163 0.371985 0.053758 0.061224
8 0.373695 0.386364 0.030271 0.049165
2 0.381524 0.331633 0.009395 0.017625
2 0.388309 0.398423 0.009395 0.030612
1 0.401357 0.409555 0.011482 0.041744
2 0.376044 0.464286 0.012004 0.036178
1 0.424843 0.380334 0.008351 0.037106
10 0.378653 0.471707 0.023486 0.028757
10 0.456159 0.474026 0.025052 0.029685
2 0.454332 0.463358 0.012004 0.030612
2 0.306106 0.647032 0.013048 0.034323
7 0.312370 0.639610 0.041232 0.082560
10 0.263570 0.608998 0.017745 0.047310
2 0.264092 0.600186 0.017745 0.051948
1 0.397965 0.750464 0.016180 0.051948
2 0.503132 0.758349 0.014614 0.036178
2 0.490866 0.745826 0.012004 0.029685
10 0.499217 0.759276 0.037056 0.060297
2 0.506002 0.437384 0.012004 0.036178
10 0.505480 0.440631 0.017223 0.031540
4 0.495042 0.417440 0.049582 0.064935
1 0.485908 0.332096 0.010438 0.035250
3 0.454854 0.347403 0.014092 0.021336
8 0.488779 0.344156 0.026618 0.048237
7 0.466075 0.293599 0.034447 0.043599
4 0.550104 0.339981 0.044885 0.058442
1 0.513048 0.292672 0.005219 0.021336
2 0.537839 0.312152 0.007829 0.026902
2 0.539405 0.308442 0.008873 0.025046
1 0.521399 0.288961 0.008351 0.028757
10 0.537317 0.318182 0.013048 0.027829
8 0.571242 0.255102 0.023486 0.044527
8 0.660491 0.156308 0.020355 0.039889
4 0.691284 0.138683 0.028706 0.036178
4 0.712161 0.111781 0.024530 0.036178
5 0.731211 0.091837 0.028184 0.040816
1 0.743998 0.062616 0.005741 0.021336
8 0.761482 0.074675 0.018789 0.026902
4 0.763570 0.062152 0.024008 0.025974
4 0.793841 0.032468 0.024008 0.029685
10 0.740344 0.029221 0.008873 0.012059
9 0.631263 0.386364 0.075678 0.140074
2 0.622912 0.524119 0.015136 0.025974
7 0.604123 0.539889 0.041232 0.046382
7 0.591858 0.585343 0.041754 0.044527
1 0.587161 0.568646 0.011482 0.025974
2 0.579071 0.659091 0.014092 0.039889
4 0.577766 0.666976 0.028184 0.042672
