1 0.588214 0.889524 0.020714 0.032381
1 0.605357 0.886667 0.016429 0.034286
2 0.553929 0.783333 0.022143 0.035238
10 0.552857 0.773333 0.011429 0.060952
1 0.330000 0.854286 0.027143 0.045714
1 0.338214 0.900000 0.030714 0.041905
1 0.333214 0.812857 0.022143 0.039048
1 0.397857 0.670476 0.018571 0.034286
1 0.382143 0.657619 0.018571 0.033333
1 0.350000 0.309524 0.020000 0.038095
1 0.334286 0.297619 0.021429 0.040952
1 0.315714 0.271429 0.020000 0.032381
1 0.321429 0.202381 0.021429 0.040952
1 0.304643 0.205714 0.025000 0.043810
1 0.318929 0.184762 0.022143 0.034286
1 0.397857 0.124286 0.020000 0.044762
1 0.310000 0.115714 0.020000 0.046667
1 0.421429 0.037143 0.017143 0.049524
1 0.401071 0.021905 0.016429 0.043810
1 0.415714 0.022381 0.014286 0.044762
1 0.460357 0.018095 0.013571 0.036190
1 0.475000 0.014286 0.011429 0.028571
2 0.472500 0.944286 0.022143 0.039048
10 0.473571 0.936190 0.017143 0.076190
10 0.097857 0.135714 0.030000 0.058095
1 0.050000 0.185238 0.041429 0.048571
4 0.134643 0.209524 0.135000 0.085714
1 0.212143 0.356190 0.037143 0.024762
1 0.196429 0.374762 0.022857 0.025714
1 0.061786 0.481429 0.042143 0.016190
3 0.040000 0.456667 0.052857 0.039048
6 0.094286 0.970952 0.107143 0.058095
1 0.601071 0.964286 0.023571 0.046667
1 0.712143 0.838095 0.034286 0.045714
1 0.724286 0.812857 0.024286 0.031429
2 0.867500 0.706667 0.027857 0.032381
10 0.860357 0.702381 0.055000 0.023810
10 0.850000 0.603810 0.038571 0.085714
3 0.913571 0.580000 0.018571 0.060952
10 0.937143 0.578571 0.025714 0.069524
10 0.875000 0.590952 0.020000 0.065714
3 0.890714 0.597619 0.015714 0.060000
3 0.958929 0.580476 0.022143 0.060000
1 0.572857 0.318571 0.020000 0.037143
1 0.592857 0.330000 0.020000 0.040952
1 0.826071 0.780476 0.040714 0.035238
10 0.787143 0.597619 0.020000 0.060000
10 0.768214 0.598571 0.019286 0.058095
3 0.878571 0.083333 0.051429 0.039048
2 0.883571 0.080952 0.038571 0.043810
