1 0.360357 0.951905 0.016429 0.037143
1 0.394286 0.985238 0.020000 0.029524
1 0.373214 0.993810 0.020714 0.012381
1 0.340714 0.989048 0.020000 0.021905
1 0.304643 0.982857 0.022143 0.034286
1 0.265357 0.975238 0.023571 0.036190
1 0.284286 0.948571 0.022857 0.040000
1 0.319643 0.931429 0.023571 0.047619
1 0.297857 0.922381 0.020000 0.044762
1 0.297500 0.876190 0.020714 0.047619
1 0.325000 0.861429 0.017143 0.040952
1 0.341071 0.864286 0.017857 0.054286
1 0.317500 0.817143 0.020714 0.045714
1 0.185714 0.806190 0.021429 0.042857
1 0.206786 0.794286 0.023571 0.040000
1 0.282857 0.779524 0.015714 0.042857
1 0.305357 0.772381 0.016429 0.043810
1 0.318571 0.770000 0.017143 0.044762
1 0.349643 0.757143 0.017857 0.045714
1 0.352143 0.726667 0.014286 0.038095
1 0.337500 0.724762 0.013571 0.034286
1 0.307500 0.704762 0.017857 0.041905
1 0.321429 0.698095 0.012857 0.041905
1 0.215000 0.672857 0.020000 0.040952
1 0.186429 0.683810 0.022857 0.045714
1 0.162500 0.692857 0.022143 0.039048
1 0.161071 0.583810 0.019286 0.040000
1 0.173214 0.570476 0.016429 0.036190
1 0.330714 0.612381 0.012857 0.034286
1 0.340357 0.610476 0.015000 0.041905
1 0.348929 0.610000 0.013571 0.042857
1 0.361071 0.612381 0.012143 0.038095
1 0.370714 0.612857 0.011429 0.039048
1 0.351429 0.573810 0.012857 0.039048
1 0.364286 0.576190 0.012857 0.036190
1 0.362857 0.566190 0.012857 0.039048
1 0.365357 0.532857 0.009286 0.029524
1 0.379643 0.538571 0.009286 0.035238
1 0.443929 0.572857 0.009286 0.033333
1 0.435714 0.566667 0.010000 0.030476
1 0.413571 0.508095 0.012857 0.033333
1 0.406071 0.508571 0.007857 0.032381
1 0.433929 0.420000 0.009286 0.030476
1 0.446429 0.416190 0.010000 0.030476
1 0.454643 0.419048 0.007857 0.032381
1 0.470000 0.398095 0.008571 0.028571
1 0.477500 0.356667 0.006429 0.025714
1 0.482857 0.359524 0.005714 0.027619
1 0.488929 0.360000 0.007857 0.024762
4 0.530000 0.435238 0.052857 0.051429
1 0.578571 0.460000 0.008571 0.032381
1 0.571429 0.458571 0.011429 0.029524
1 0.638571 0.397619 0.008571 0.027619
1 0.632500 0.393810 0.009286 0.027619
1 0.571429 0.356667 0.010000 0.027619
1 0.580357 0.359048 0.006429 0.028571
1 0.613571 0.363810 0.008571 0.026667
1 0.620000 0.360000 0.008571 0.026667
1 0.620714 0.338095 0.008571 0.024762
1 0.609643 0.311905 0.007857 0.023810
1 0.618214 0.311429 0.006429 0.024762
1 0.627857 0.315238 0.008571 0.022857
1 0.635000 0.318571 0.007143 0.025714
1 0.682500 0.334762 0.009286 0.027619
1 0.687857 0.336667 0.010000 0.027619
1 0.694643 0.299524 0.007857 0.025714
2 0.703571 0.294286 0.007143 0.013333
0 0.700000 0.260000 0.031429 0.045714
4 0.727143 0.309524 0.037143 0.034286
6 0.767500 0.274762 0.043571 0.050476
1 0.731071 0.230476 0.007857 0.020952
0 0.770357 0.210952 0.013571 0.020000
1 0.300714 0.330476 0.011429 0.020952
1 0.171786 0.415714 0.016429 0.035238
