4 0.634643 0.011429 0.022143 0.022857
1 0.671786 0.008095 0.006429 0.016190
10 0.512857 0.018095 0.018571 0.015238
10 0.514286 0.029048 0.020000 0.016190
10 0.491429 0.062857 0.018571 0.028571
10 0.493929 0.081429 0.019286 0.021905
10 0.502857 0.095714 0.020000 0.020000
10 0.481071 0.200952 0.023571 0.020952
10 0.636786 0.289048 0.020714 0.027619
10 0.633571 0.308571 0.014286 0.026667
10 0.462500 0.282381 0.025000 0.023810
10 0.461786 0.299048 0.023571 0.024762
10 0.447143 0.391429 0.022857 0.028571
10 0.442500 0.410476 0.026429 0.020952
10 0.500357 0.455714 0.013571 0.042857
8 0.429643 0.469524 0.043571 0.032381
10 0.459643 0.684286 0.012143 0.039048
10 0.599643 0.777619 0.030714 0.023810
10 0.583929 0.894762 0.029286 0.018095
10 0.581071 0.933810 0.020714 0.042857
1 0.427857 0.896190 0.015714 0.015238
2 0.459643 0.678571 0.010714 0.010476
2 0.461071 0.672857 0.007857 0.006667
1 0.626429 0.640952 0.007143 0.020952
2 0.499643 0.456667 0.010714 0.025714
10 0.601786 0.460000 0.027857 0.026667
4 0.540000 0.036190 0.027143 0.053333
4 0.529643 0.095238 0.025000 0.059048
4 0.519286 0.155714 0.027143 0.061905
4 0.610714 0.260000 0.027143 0.066667
4 0.490357 0.318095 0.032143 0.072381
4 0.482500 0.401905 0.030714 0.080000
4 0.496429 0.577143 0.034286 0.087619
4 0.356429 0.473333 0.075714 0.051429
5 0.319643 0.522857 0.056429 0.038095
4 0.409286 0.553333 0.078571 0.049524
4 0.436786 0.644762 0.039286 0.102857
4 0.522857 0.682857 0.045714 0.110476
4 0.563571 0.742381 0.035714 0.096190
4 0.393214 0.906190 0.050714 0.132381
4 0.541786 0.944286 0.043571 0.111429
