4 0.360250 0.807667 0.084500 0.136667
4 0.304500 0.679000 0.057000 0.079333
4 0.447750 0.443000 0.045500 0.047333
5 0.410250 0.409000 0.043500 0.042000
5 0.380250 0.381000 0.035500 0.035333
4 0.346750 0.355333 0.030500 0.032000
5 0.326000 0.330333 0.028000 0.030000
4 0.305250 0.319000 0.025500 0.028667
4 0.266000 0.283667 0.023000 0.022000
4 0.255250 0.272333 0.015500 0.019333
4 0.249000 0.261000 0.018000 0.014000
2 0.238000 0.269667 0.004000 0.016667
10 0.238500 0.275667 0.008000 0.011333
4 0.237000 0.250333 0.019000 0.016667
4 0.227500 0.237333 0.016000 0.018667
4 0.218000 0.227333 0.017000 0.018667
4 0.204500 0.208667 0.012000 0.016000
4 0.200500 0.203667 0.012000 0.015333
4 0.119250 0.287667 0.020500 0.026000
4 0.058500 0.317333 0.019000 0.025333
4 0.062250 0.297000 0.031500 0.023333
4 0.061750 0.279667 0.035500 0.018000
4 0.047250 0.268333 0.026500 0.014000
4 0.047750 0.257000 0.020500 0.015333
4 0.012250 0.361333 0.024500 0.028000
4 0.004500 0.334333 0.009000 0.023333
4 0.055750 0.229000 0.018500 0.018000
4 0.054000 0.218333 0.016000 0.008667
4 0.058000 0.201000 0.014000 0.016667
4 0.123750 0.137333 0.010500 0.009333
4 0.194500 0.190333 0.013000 0.012667
4 0.191500 0.176000 0.013000 0.013333
4 0.189250 0.168333 0.011500 0.011333
1 0.185250 0.139667 0.003500 0.008667
2 0.171000 0.152000 0.003000 0.006667
10 0.171750 0.154667 0.004500 0.006667
4 0.134750 0.124333 0.008500 0.010000
4 0.140250 0.122667 0.004500 0.006667
4 0.216000 0.097667 0.006000 0.006000
0 0.165500 0.099667 0.045000 0.028667
