1 0.396638 0.643130 0.015021 0.038168
1 0.685265 0.590172 0.012876 0.029580
4 0.455651 0.577290 0.044349 0.055344
4 0.511087 0.574427 0.049356 0.057252
4 0.383405 0.327290 0.011445 0.015267
5 0.581545 0.465172 0.040057 0.041031
4 0.418813 0.413645 0.023605 0.029580
4 0.381259 0.417462 0.022890 0.027672
4 0.557940 0.444656 0.022890 0.030534
4 0.536481 0.423187 0.025751 0.020038
4 0.518240 0.409351 0.020744 0.020992
4 0.498212 0.395038 0.020744 0.017176
4 0.488197 0.380248 0.022175 0.014313
9 0.459227 0.468989 0.067239 0.102099
1 0.090486 0.734733 0.015021 0.064885
1 0.112661 0.738073 0.016452 0.052481
1 0.184192 0.425573 0.013591 0.024809
1 0.209943 0.735687 0.019313 0.045802
1 0.221745 0.720420 0.014306 0.034351
10 0.252146 0.694656 0.033619 0.041985
3 0.219242 0.734256 0.033619 0.027672
8 0.782904 0.590649 0.026466 0.036260
10 0.638054 0.488073 0.020029 0.016221
10 0.624821 0.479485 0.019313 0.018130
10 0.619099 0.473282 0.013591 0.017176
10 0.610515 0.467557 0.012160 0.020992
4 0.476395 0.369752 0.018598 0.016221
4 0.464592 0.362595 0.017883 0.015267
1 0.468169 0.385496 0.006438 0.015267
4 0.348712 0.466603 0.026466 0.051527
1 0.291488 0.377863 0.003577 0.017176
5 0.278255 0.290553 0.014306 0.008588
5 0.444564 0.343034 0.010730 0.018130
4 0.422389 0.337309 0.012160 0.018130
4 0.415594 0.315363 0.008584 0.012405
4 0.435622 0.335401 0.012876 0.010496
4 0.347639 0.338263 0.012876 0.016221
4 0.434907 0.335878 0.007153 0.011450
4 0.408798 0.309637 0.012160 0.016221
4 0.394850 0.309160 0.010014 0.015267
4 0.382690 0.306775 0.010014 0.016221
4 0.348712 0.306298 0.009299 0.011450
4 0.329757 0.327290 0.012876 0.017176
5 0.395207 0.295802 0.012160 0.011450
5 0.364807 0.325382 0.012876 0.020992
4 0.379828 0.285305 0.008584 0.011450
4 0.358369 0.283874 0.007153 0.008588
1 0.328684 0.306298 0.005007 0.009542
4 0.322604 0.305344 0.008584 0.013359
4 0.378040 0.269561 0.005007 0.010496
9 0.327611 0.287214 0.012876 0.024809
4 0.346567 0.269084 0.007868 0.009542
4 0.367310 0.274332 0.006438 0.008588
4 0.335837 0.266221 0.006438 0.007634
5 0.329757 0.271469 0.007153 0.014313
0 0.354435 0.254294 0.040773 0.025763
0 0.316166 0.241889 0.027182 0.027672
