4 0.798929 0.761429 0.135000 0.077143
4 0.318571 0.936667 0.187143 0.126667
4 0.571786 0.531905 0.030714 0.035238
4 0.540000 0.534286 0.027143 0.034286
4 0.504643 0.536190 0.025000 0.045714
4 0.468214 0.541429 0.023571 0.035238
4 0.463214 0.515238 0.020714 0.030476
4 0.495357 0.514762 0.022143 0.029524
4 0.485357 0.501905 0.017857 0.022857
4 0.477500 0.485238 0.019286 0.023810
4 0.526071 0.514762 0.020714 0.025714
4 0.512500 0.499524 0.020714 0.023810
4 0.503571 0.487143 0.018571 0.020000
4 0.496429 0.474762 0.014286 0.020000
4 0.545357 0.501905 0.022143 0.020952
4 0.528571 0.484762 0.020000 0.022857
4 0.518214 0.473333 0.019286 0.019048
4 0.552857 0.470476 0.020000 0.022857
4 0.507143 0.434762 0.014286 0.020000
10 0.583929 0.658571 0.045000 0.025714
2 0.580714 0.652857 0.020000 0.031429
2 0.347500 0.562857 0.015000 0.024762
10 0.347857 0.570000 0.012857 0.025714
0 0.431071 0.543810 0.020714 0.062857
1 0.395714 0.537619 0.007143 0.027619
1 0.403214 0.539524 0.009286 0.031429
10 0.409643 0.534762 0.009286 0.020000
10 0.377500 0.547619 0.009286 0.019048
2 0.378571 0.541429 0.007143 0.020000
2 0.409643 0.529524 0.006429 0.017143
2 0.391429 0.514762 0.007143 0.012381
10 0.391786 0.522857 0.010714 0.017143
4 0.879643 0.504286 0.059286 0.042857
