4 0.152750 0.971667 0.038500 0.052667
4 0.183250 0.905667 0.038500 0.063333
4 0.212000 0.831000 0.031000 0.048667
4 0.235000 0.766667 0.029000 0.056000
4 0.253750 0.722000 0.026500 0.041333
2 0.260500 0.740000 0.005000 0.008000
1 0.261750 0.732333 0.004500 0.014000
1 0.290250 0.695667 0.005500 0.022000
2 0.272000 0.748000 0.007000 0.016000
2 0.274000 0.744000 0.005000 0.014667
3 0.274000 0.751667 0.010000 0.018000
5 0.267250 0.678333 0.019500 0.038000
4 0.283000 0.642667 0.021000 0.037333
10 0.300750 0.624000 0.006500 0.017333
1 0.296000 0.657000 0.005000 0.019333
1 0.292000 0.613667 0.006000 0.016667
4 0.305750 0.590000 0.016500 0.022667
4 0.313750 0.562000 0.018500 0.029333
4 0.324750 0.537333 0.017500 0.025333
4 0.341250 0.499000 0.016500 0.022000
10 0.352250 0.518000 0.003500 0.009333
2 0.351750 0.514000 0.004500 0.009333
10 0.365250 0.425000 0.003500 0.006000
2 0.364750 0.422000 0.003500 0.008000
10 0.369250 0.467333 0.009500 0.008000
1 0.368000 0.463667 0.004000 0.010000
1 0.369750 0.460333 0.002500 0.011333
3 0.370250 0.464667 0.010500 0.006667
6 0.389250 0.460667 0.018500 0.029333
4 0.402750 0.487667 0.013500 0.020667
4 0.415750 0.445000 0.011500 0.016667
4 0.425250 0.403333 0.011500 0.016000
6 0.408500 0.405333 0.013000 0.018667
4 0.433250 0.376333 0.010500 0.014000
4 0.437000 0.355333 0.008000 0.012000
4 0.423750 0.362333 0.009500 0.012667
4 0.449500 0.355667 0.009000 0.012667
4 0.442500 0.337667 0.009000 0.012667
4 0.435250 0.322333 0.008500 0.014000
4 0.447250 0.321667 0.007500 0.011333
4 0.447750 0.281333 0.006500 0.009333
4 0.461000 0.268333 0.006000 0.010000
4 0.469500 0.266333 0.006000 0.008667
4 0.466000 0.249000 0.005000 0.007333
4 0.475750 0.247333 0.005500 0.008000
4 0.472000 0.232333 0.005000 0.007333
4 0.473250 0.222000 0.005500 0.006667
4 0.469500 0.171000 0.004000 0.004667
4 0.242000 0.967333 0.038000 0.060000
4 0.375750 0.890333 0.027500 0.055333
4 0.345500 0.703333 0.023000 0.037333
4 0.376500 0.654333 0.022000 0.035333
4 0.383750 0.557333 0.015500 0.026667
4 0.433500 0.725667 0.021000 0.042000
4 0.524000 0.968333 0.029000 0.062000
4 0.516250 0.871000 0.027500 0.051333
3 0.581000 0.850333 0.014000 0.022000
3 0.583250 0.822333 0.019500 0.018000
0 0.574750 0.775333 0.019500 0.056000
3 0.480250 0.740000 0.006500 0.022667
2 0.480000 0.736667 0.007000 0.014667
2 0.488750 0.727333 0.006500 0.017333
3 0.489500 0.734333 0.006000 0.019333
10 0.500250 0.708333 0.007500 0.019333
2 0.500500 0.704000 0.007000 0.018667
4 0.522250 0.707333 0.031500 0.030667
1 0.549250 0.687000 0.005500 0.018000
8 0.490000 0.667667 0.012000 0.031333
4 0.521000 0.655333 0.016000 0.030667
10 0.568250 0.645000 0.012500 0.011333
10 0.567500 0.605667 0.006000 0.016667
4 0.521250 0.600333 0.014500 0.024667
4 0.520500 0.574667 0.015000 0.024000
4 0.521500 0.548333 0.013000 0.020667
3 0.490750 0.635000 0.005500 0.014000
2 0.490500 0.630333 0.005000 0.015333
2 0.498250 0.616333 0.005500 0.011333
3 0.498500 0.622333 0.005000 0.012667
4 0.520500 0.526333 0.015000 0.020667
10 0.508250 0.525000 0.005500 0.011333
2 0.508000 0.521333 0.005000 0.010667
1 0.544750 0.532667 0.003500 0.013333
1 0.548750 0.526667 0.003500 0.013333
4 0.530750 0.481000 0.017500 0.018000
10 0.507750 0.476667 0.003500 0.009333
2 0.507750 0.473667 0.004500 0.010000
10 0.515000 0.463333 0.004000 0.009333
2 0.514750 0.460000 0.004500 0.009333
10 0.517250 0.448333 0.003500 0.007333
2 0.517250 0.444667 0.004500 0.009333
10 0.513000 0.434667 0.004000 0.006667
2 0.512500 0.431000 0.004000 0.008667
10 0.501000 0.443667 0.004000 0.008667
2 0.501000 0.440000 0.004000 0.008000
3 0.517000 0.418333 0.003000 0.007333
2 0.516750 0.415333 0.003500 0.009333
3 0.552250 0.413000 0.008500 0.007333
2 0.551000 0.411667 0.003000 0.010000
1 0.560000 0.414333 0.004000 0.012667
1 0.541000 0.396000 0.002000 0.010667
1 0.568000 0.378000 0.003000 0.009333
4 0.520000 0.382000 0.009000 0.010667
4 0.520750 0.373000 0.007500 0.010000
4 0.519500 0.364000 0.009000 0.010667
4 0.520000 0.355667 0.008000 0.010000
4 0.520750 0.345667 0.008500 0.010000
4 0.521250 0.338333 0.008500 0.007333
4 0.521250 0.331000 0.008500 0.010000
4 0.520500 0.322667 0.007000 0.008000
4 0.520500 0.310000 0.007000 0.008000
4 0.520500 0.303333 0.007000 0.006667
4 0.521500 0.297333 0.006000 0.006667
4 0.519250 0.283667 0.006500 0.008667
5 0.536000 0.278000 0.005000 0.008000
10 0.508750 0.334333 0.002500 0.006000
2 0.508250 0.331333 0.002500 0.006667
2 0.513250 0.295333 0.002500 0.005333
3 0.512000 0.308667 0.002000 0.006667
2 0.511750 0.306667 0.002500 0.006667
3 0.513250 0.298000 0.002500 0.005333
3 0.510500 0.291667 0.002000 0.004667
2 0.510500 0.289667 0.003000 0.006000
0 0.523500 0.241000 0.026000 0.063333
4 0.384000 0.389000 0.010000 0.012667
4 0.388000 0.378667 0.009000 0.012000
4 0.392000 0.369333 0.010000 0.012000
4 0.396000 0.360000 0.010000 0.012000
4 0.403500 0.341000 0.011000 0.011333
4 0.409500 0.324000 0.009000 0.012000
4 0.413000 0.315667 0.009000 0.010000
4 0.418250 0.304667 0.008500 0.010667
4 0.420750 0.296333 0.007500 0.008667
5 0.423250 0.290000 0.007500 0.012000
4 0.429250 0.278000 0.007500 0.009333
0 0.376750 0.405333 0.008500 0.013333
1 0.384750 0.359667 0.002500 0.008667
0 0.499750 0.132000 0.048500 0.084000
1 0.435500 0.275000 0.002000 0.007333
1 0.438250 0.275000 0.002500 0.007333
3 0.417750 0.323000 0.002500 0.006000
2 0.417500 0.320333 0.003000 0.007333
0 0.455250 0.218000 0.024500 0.046667
10 0.442000 0.271000 0.002000 0.006000
2 0.442000 0.267667 0.002000 0.006000
4 0.495250 0.236667 0.004500 0.006667
4 0.491250 0.220667 0.004500 0.006667
5 0.501500 0.201667 0.004000 0.007333
4 0.493250 0.210333 0.004500 0.006000
4 0.494000 0.205000 0.004000 0.006000
4 0.495250 0.199667 0.004500 0.006000
4 0.502750 0.182667 0.004500 0.005333
4 0.502000 0.187667 0.004000 0.004667
9 0.509250 0.185000 0.005500 0.011333
0 0.518500 0.189000 0.010000 0.024667
4 0.502750 0.194333 0.004500 0.006000
4 0.497750 0.192333 0.004500 0.004667
4 0.496750 0.195000 0.004500 0.004667
5 0.492500 0.190333 0.006000 0.006000
4 0.489000 0.188333 0.004000 0.006000
0 0.470250 0.181333 0.008500 0.010667
4 0.742500 0.515000 0.015000 0.027333
4 0.758000 0.513667 0.018000 0.024667
4 0.775250 0.517667 0.016500 0.023333
4 0.820250 0.519000 0.019500 0.024667
4 0.844250 0.519000 0.023500 0.026000
4 0.921000 0.535667 0.036000 0.020667
4 0.982000 0.563333 0.027000 0.025333
4 0.992500 0.557000 0.015000 0.022000
0 0.986750 0.505000 0.026500 0.024667
