0 0.085250 0.331667 0.140500 0.087333
0 0.030750 0.745667 0.059500 0.215333
4 0.375750 0.766333 0.042500 0.120667
4 0.368500 0.556000 0.028000 0.089333
4 0.376750 0.458667 0.030500 0.072000
4 0.408500 0.372000 0.029000 0.054667
5 0.367250 0.653667 0.040500 0.082000
5 0.491250 0.660000 0.042500 0.102667
5 0.476250 0.543000 0.033500 0.076667
5 0.448000 0.390000 0.027000 0.062667
4 0.356000 0.342667 0.047000 0.060000
4 0.392500 0.312333 0.028000 0.048667
4 0.355000 0.285667 0.024000 0.051333
4 0.429000 0.325000 0.024000 0.051333
4 0.423750 0.278333 0.017500 0.044667
4 0.382000 0.259000 0.026000 0.044667
4 0.386500 0.218667 0.021000 0.038667
4 0.412250 0.240000 0.032500 0.042667
4 0.347750 0.202000 0.042500 0.025333
4 0.347750 0.181667 0.036500 0.023333
4 0.395500 0.163000 0.018000 0.030000
4 0.451250 0.208667 0.041500 0.030667
4 0.454500 0.187333 0.029000 0.026667
4 0.350750 0.131333 0.017500 0.033333
4 0.360500 0.160000 0.019000 0.033333
4 0.371000 0.112333 0.019000 0.020667
6 0.373500 0.138667 0.020000 0.048000
6 0.418000 0.133667 0.025000 0.047333
4 0.388250 0.077000 0.013500 0.019333
4 0.408000 0.094667 0.020000 0.036000
4 0.394500 0.127333 0.022000 0.029333
4 0.389750 0.098333 0.014500 0.026000
4 0.383500 0.038000 0.015000 0.022667
4 0.376250 0.017667 0.014500 0.020667
4 0.344750 0.012667 0.015500 0.025333
8 0.654750 0.565667 0.040500 0.042000
7 0.474750 0.781667 0.032500 0.076667
2 0.465750 0.753000 0.008500 0.019333
1 0.045000 0.693667 0.021000 0.022000
1 0.093250 0.408667 0.013500 0.028000
1 0.110250 0.435333 0.013500 0.028000
1 0.119000 0.440667 0.008000 0.022667
1 0.116250 0.507333 0.015500 0.033333
1 0.122750 0.481667 0.009500 0.015333
1 0.128250 0.466333 0.014500 0.012667
1 0.139750 0.380333 0.018500 0.020667
1 0.240250 0.202000 0.009500 0.030667
4 0.021250 0.597333 0.042500 0.080000
1 0.067500 0.523333 0.019000 0.032000
10 0.134750 0.419000 0.018500 0.030000
0 0.534750 0.202000 0.118500 0.198667
0 0.346750 0.233667 0.036500 0.035333
0 0.419250 0.181000 0.032500 0.024667
0 0.378250 0.183333 0.014500 0.032000
1 0.330250 0.051667 0.005500 0.018000
10 0.346500 0.112000 0.012000 0.020000
0 0.285250 0.211333 0.058500 0.056000
0 0.178750 0.263667 0.043500 0.030000
1 0.248500 0.232000 0.009000 0.022667
1 0.331250 0.390333 0.009500 0.028667
