4 0.085250 0.569000 0.068500 0.036667
4 0.114000 0.542000 0.056000 0.028000
4 0.136250 0.517333 0.052500 0.024000
1 0.085500 0.533000 0.013000 0.027333
4 0.129500 0.418000 0.034000 0.014667
4 0.045000 0.411000 0.036000 0.016667
4 0.067000 0.406333 0.028000 0.011333
1 0.053000 0.384333 0.005000 0.012667
1 0.048750 0.381667 0.003500 0.012667
4 0.116750 0.378000 0.022500 0.010667
9 0.144250 0.360667 0.027500 0.022667
9 0.197500 0.363667 0.025000 0.023333
4 0.235000 0.363000 0.021000 0.008667
4 0.239500 0.358000 0.019000 0.008000
4 0.256000 0.348333 0.017000 0.007333
2 0.139500 0.385000 0.003000 0.008667
10 0.139250 0.389000 0.003500 0.007333
4 0.274000 0.339667 0.016000 0.007333
4 0.253750 0.409000 0.014500 0.014000
4 0.306750 0.313333 0.008500 0.004000
4 0.349500 0.316333 0.010000 0.004667
4 0.363750 0.317000 0.011500 0.004667
4 0.361500 0.313333 0.009000 0.004000
4 0.530500 0.598667 0.035000 0.054667
4 0.859000 0.681000 0.072000 0.058000
1 0.804750 0.565333 0.008500 0.029333
2 0.768750 0.606333 0.010500 0.024667
2 0.718000 0.553333 0.007000 0.018667
2 0.715000 0.554667 0.005000 0.020000
3 0.767500 0.611000 0.013000 0.031333
10 0.717500 0.562333 0.010000 0.018000
4 0.588000 0.480667 0.025000 0.021333
1 0.640000 0.459333 0.004000 0.016000
1 0.633000 0.447667 0.002000 0.015333
1 0.639500 0.450000 0.003000 0.017333
4 0.458750 0.418333 0.012500 0.016667
4 0.516000 0.417000 0.015000 0.014000
4 0.533500 0.401000 0.011000 0.011333
4 0.520500 0.382000 0.019000 0.010667
6 0.517250 0.367667 0.016500 0.020667
1 0.456500 0.336000 0.002000 0.006667
6 0.486500 0.342333 0.010000 0.012667
6 0.453750 0.324000 0.009500 0.009333
5 0.408250 0.314333 0.004500 0.007333
4 0.407500 0.319333 0.004000 0.005333
5 0.405000 0.322000 0.004000 0.005333
4 0.430750 0.317333 0.007500 0.004000
4 0.436500 0.320333 0.004000 0.006000
4 0.439500 0.318333 0.005000 0.004667
4 0.409000 0.307000 0.003000 0.003333
5 0.416000 0.303000 0.003000 0.004667
0 0.413250 0.282667 0.054500 0.030667
0 0.394000 0.308333 0.017000 0.012667
