4 0.518214 0.062857 0.017857 0.030476
10 0.501429 0.058571 0.014286 0.012381
10 0.504286 0.049524 0.014286 0.011429
8 0.493571 0.077619 0.020000 0.021905
2 0.517500 0.120476 0.005000 0.016190
10 0.517143 0.122857 0.007143 0.019048
2 0.607857 0.265714 0.008571 0.017143
2 0.469286 0.369524 0.007143 0.019048
2 0.480714 0.465714 0.007143 0.019048
1 0.337143 0.163810 0.007143 0.019048
1 0.406786 0.461905 0.010714 0.020952
1 0.401786 0.486190 0.007857 0.023810
10 0.942857 0.362857 0.021429 0.019048
10 0.920000 0.362381 0.015714 0.023810
10 0.877500 0.358095 0.009286 0.026667
10 0.480357 0.472857 0.009286 0.029524
10 0.468929 0.375714 0.009286 0.023810
10 0.607857 0.268095 0.008571 0.025714
6 0.466071 0.267619 0.023571 0.059048
4 0.578214 0.284286 0.019286 0.042857
4 0.679286 0.431429 0.027143 0.059048
4 0.744286 0.444286 0.030000 0.054286
4 0.840714 0.359048 0.055714 0.036190
10 0.747500 0.338571 0.022143 0.018095
4 0.863214 0.473810 0.037857 0.061905
4 0.900357 0.477143 0.035000 0.062857
10 0.447500 0.976190 0.016429 0.047619
2 0.447500 0.980000 0.015000 0.030476
