3 0.392143 0.839048 0.025714 0.020952
3 0.562143 0.829048 0.021429 0.023810
10 0.491786 0.823810 0.025000 0.024762
8 0.377143 0.965238 0.034286 0.065714
4 0.624286 0.890952 0.047143 0.109524
1 0.406786 0.874286 0.010714 0.020952
1 0.360714 0.930476 0.008571 0.022857
1 0.279643 0.926667 0.009286 0.022857
2 0.563214 0.826667 0.012143 0.017143
2 0.490357 0.822857 0.009286 0.024762
2 0.388929 0.835238 0.015000 0.022857
6 0.825357 0.591429 0.073571 0.116190
10 0.745357 0.725238 0.017857 0.025714
1 0.722500 0.671429 0.006429 0.024762
2 0.748929 0.722381 0.009286 0.023810
0 0.853571 0.569048 0.014286 0.042857
0 0.832500 0.527619 0.012143 0.020952
5 0.862857 0.419524 0.035714 0.021905
6 0.623571 0.279048 0.040000 0.049524
6 0.537857 0.180476 0.028571 0.033333
4 0.548214 0.204286 0.010714 0.014286
4 0.652857 0.330476 0.020000 0.017143
4 0.377500 0.093333 0.005000 0.007619
4 0.352143 0.276667 0.011429 0.014286
4 0.355000 0.320952 0.011429 0.017143
4 0.354286 0.306667 0.011429 0.013333
1 0.425357 0.276667 0.003571 0.012381
1 0.392857 0.191429 0.002857 0.009524
1 0.384643 0.145238 0.002143 0.006667
0 0.374286 0.046667 0.018571 0.043810
6 0.375714 0.081905 0.004286 0.009524
6 0.419286 0.117143 0.015714 0.017143
4 0.371429 0.076667 0.004286 0.004762
6 0.328571 0.305238 0.012857 0.027619
6 0.326429 0.277143 0.015714 0.034286
4 0.280357 0.362857 0.036429 0.019048
4 0.280000 0.374762 0.034286 0.014286
4 0.171429 0.466667 0.022857 0.036190
1 0.210000 0.950000 0.014286 0.029524
2 0.202500 0.986667 0.022143 0.017143
2 0.188929 0.990952 0.015000 0.018095
3 0.212500 0.947143 0.030714 0.021905
