0 0.115357 0.219048 0.015000 0.020952
0 0.131071 0.218571 0.013571 0.016190
4 0.148929 0.257619 0.019286 0.012381
0 0.162500 0.267619 0.017857 0.015238
1 0.183571 0.276667 0.035714 0.016190
0 0.184643 0.284286 0.025000 0.016190
4 0.216786 0.307619 0.042143 0.020952
4 0.211071 0.301905 0.035000 0.013333
4 0.203929 0.300000 0.033571 0.017143
4 0.197857 0.295238 0.028571 0.019048
4 0.243929 0.292857 0.035000 0.018095
4 0.232857 0.290476 0.030000 0.015238
4 0.216786 0.278095 0.027857 0.015238
4 0.198929 0.263810 0.027857 0.013333
4 0.166429 0.250476 0.022857 0.009524
0 0.189286 0.253810 0.018571 0.012381
4 0.162857 0.227143 0.021429 0.008571
0 0.163571 0.240000 0.024286 0.013333
0 0.152143 0.215714 0.015714 0.016190
0 0.211429 0.219048 0.012857 0.011429
0 0.203214 0.238571 0.013571 0.016190
4 0.253214 0.252381 0.019286 0.013333
4 0.253214 0.247143 0.017857 0.012381
4 0.270357 0.261905 0.023571 0.015238
4 0.287143 0.267143 0.027143 0.014286
4 0.297500 0.273810 0.026429 0.016190
9 0.342857 0.297143 0.052857 0.032381
4 0.398571 0.284286 0.017143 0.016190
4 0.426071 0.299048 0.019286 0.020952
4 0.463571 0.313333 0.021429 0.022857
4 0.493214 0.313333 0.019286 0.020952
8 0.525000 0.332857 0.020000 0.023810
1 0.510000 0.358095 0.005714 0.020952
1 0.517500 0.357143 0.006429 0.020952
4 0.035000 0.981905 0.064286 0.036190
4 0.129643 0.871905 0.156429 0.134286
1 0.011071 0.860952 0.022143 0.060952
1 0.034286 0.860952 0.032857 0.060952
4 0.311429 0.784762 0.117143 0.104762
5 0.452143 0.700000 0.092857 0.095238
5 0.533929 0.677619 0.057857 0.101905
4 0.630357 0.600476 0.069286 0.067619
1 0.648929 0.501905 0.009286 0.032381
1 0.657500 0.510000 0.009286 0.035238
1 0.616786 0.407619 0.007857 0.024762
4 0.032857 0.460476 0.065714 0.035238
5 0.067143 0.438571 0.045714 0.031429
5 0.103214 0.420000 0.040714 0.020952
4 0.163214 0.380476 0.047857 0.025714
4 0.195000 0.366190 0.041429 0.021905
4 0.140000 0.332381 0.021429 0.022857
1 0.242857 0.749524 0.008571 0.028571
0 0.949643 0.529048 0.072143 0.077143
4 0.773571 0.458095 0.058571 0.049524
10 0.663571 0.434286 0.018571 0.030476
4 0.697857 0.410000 0.050000 0.040952
4 0.593929 0.360952 0.057857 0.043810
0 0.946429 0.383810 0.025714 0.024762
2 0.661786 0.431429 0.007857 0.024762
10 0.670357 0.433333 0.015000 0.024762
2 0.669286 0.429524 0.010000 0.026667
