0 0.758750 0.059667 0.030500 0.051333
0 0.762750 0.113333 0.011500 0.029333
4 0.748500 0.092000 0.006000 0.008000
4 0.745250 0.098667 0.006500 0.009333
4 0.738750 0.096333 0.005500 0.007333
4 0.739500 0.103000 0.007000 0.007333
4 0.733000 0.122000 0.007000 0.009333
3 0.215750 0.580000 0.026500 0.024000
3 0.222000 0.516000 0.018000 0.017333
3 0.264500 0.504667 0.028000 0.020000
10 0.332000 0.450667 0.011000 0.026667
4 0.387500 0.322333 0.040000 0.028667
4 0.439250 0.332667 0.036500 0.026667
4 0.458250 0.312333 0.042500 0.028667
4 0.423000 0.417333 0.042000 0.052000
10 0.472250 0.267667 0.007500 0.015333
2 0.469500 0.267000 0.005000 0.010000
2 0.471500 0.262667 0.006000 0.013333
0 0.475250 0.290000 0.022500 0.017333
0 0.495500 0.265333 0.012000 0.017333
3 0.488000 0.301000 0.013000 0.015333
10 0.498500 0.296333 0.007000 0.020667
10 0.490500 0.292000 0.007000 0.012000
3 0.527750 0.271333 0.014500 0.013333
3 0.515000 0.268667 0.011000 0.017333
10 0.509250 0.247667 0.012500 0.012667
3 0.506500 0.252000 0.010000 0.012000
3 0.504250 0.259667 0.006500 0.014000
3 0.516250 0.233333 0.005500 0.012000
7 0.526750 0.239333 0.009500 0.016000
4 0.527750 0.215667 0.024500 0.015333
4 0.548500 0.202667 0.022000 0.017333
6 0.587000 0.204000 0.037000 0.022667
1 0.563500 0.220667 0.003000 0.014667
1 0.572500 0.226333 0.004000 0.016667
1 0.576250 0.233667 0.003500 0.016667
1 0.552250 0.292000 0.004500 0.020000
5 0.702250 0.100000 0.014500 0.012000
1 0.730250 0.108667 0.002500 0.008000
1 0.732500 0.109000 0.002000 0.008667
2 0.723750 0.135667 0.003500 0.008667
3 0.723750 0.138333 0.002500 0.006000
1 0.711750 0.153667 0.002500 0.010000
1 0.709500 0.154000 0.002000 0.008000
8 0.711500 0.130667 0.009000 0.009333
4 0.710750 0.144333 0.007500 0.011333
5 0.704750 0.150667 0.008500 0.013333
5 0.707500 0.146333 0.009000 0.014000
2 0.726250 0.152000 0.003500 0.009333
10 0.726250 0.154000 0.003500 0.008000
2 0.723000 0.157000 0.003000 0.008667
3 0.723000 0.160000 0.003000 0.008000
1 0.698750 0.174000 0.004500 0.014667
1 0.694500 0.174000 0.004000 0.013333
2 0.677250 0.178000 0.004500 0.008000
10 0.704500 0.174000 0.004000 0.008000
2 0.704750 0.171000 0.003500 0.008667
2 0.700750 0.188000 0.004500 0.010667
3 0.700500 0.191000 0.005000 0.010000
1 0.683250 0.194667 0.003500 0.012000
4 0.698000 0.207000 0.015000 0.015333
5 0.721250 0.258667 0.024500 0.025333
5 0.722500 0.280667 0.022000 0.028000
5 0.630500 0.272000 0.018000 0.026667
5 0.603750 0.282333 0.022500 0.024667
6 0.616500 0.300333 0.029000 0.032667
6 0.641250 0.257000 0.020500 0.026000
2 0.678250 0.224333 0.006500 0.014000
10 0.678500 0.229333 0.006000 0.012000
2 0.668000 0.241667 0.005000 0.018000
3 0.668000 0.244333 0.005000 0.012667
1 0.669250 0.229667 0.003500 0.014000
10 0.659750 0.241333 0.007500 0.012000
1 0.665250 0.229333 0.004500 0.014667
1 0.666500 0.225000 0.004000 0.016667
1 0.662750 0.224667 0.005500 0.016000
1 0.662000 0.222667 0.004000 0.014667
2 0.659000 0.226333 0.005000 0.011333
1 0.690750 0.248333 0.005500 0.015333
1 0.691250 0.243333 0.005500 0.013333
2 0.676250 0.253000 0.005500 0.015333
2 0.677500 0.264000 0.006000 0.014667
2 0.666250 0.279000 0.005500 0.014000
3 0.676500 0.257333 0.005000 0.014667
3 0.677500 0.268000 0.006000 0.012000
3 0.667000 0.282667 0.006000 0.014667
1 0.649250 0.255333 0.004500 0.020000
1 0.650500 0.264667 0.004000 0.013333
1 0.639750 0.276333 0.006500 0.019333
1 0.645500 0.279667 0.006000 0.020667
2 0.635250 0.290000 0.005500 0.016000
2 0.631250 0.294333 0.005500 0.019333
2 0.628000 0.305000 0.006000 0.026000
2 0.624250 0.290000 0.006500 0.012000
1 0.609750 0.309333 0.006500 0.022667
2 0.633000 0.327667 0.008000 0.018000
1 0.604000 0.325000 0.005000 0.019333
1 0.615750 0.332333 0.004500 0.015333
1 0.611000 0.328667 0.004000 0.013333
1 0.593500 0.338667 0.008000 0.024000
1 0.572000 0.346333 0.006000 0.026000
2 0.577250 0.335333 0.007500 0.017333
2 0.589750 0.322333 0.008500 0.012667
10 0.603500 0.344000 0.013000 0.016000
7 0.580000 0.350000 0.012000 0.024000
1 0.701500 0.400667 0.010000 0.024000
1 0.625750 0.401000 0.008500 0.030000
1 0.594750 0.396333 0.007500 0.026000
1 0.540000 0.395000 0.012000 0.024667
2 0.540750 0.410667 0.007500 0.016000
2 0.701750 0.442000 0.009500 0.020000
1 0.698250 0.439667 0.009500 0.028667
5 0.674250 0.477000 0.034500 0.068667
1 0.533750 0.492667 0.008500 0.036000
1 0.490750 0.500333 0.009500 0.026000
1 0.596000 0.516000 0.009000 0.030667
10 0.549750 0.503667 0.013500 0.039333
2 0.549250 0.499000 0.011500 0.028667
1 0.528250 0.528667 0.011500 0.034667
1 0.513750 0.517333 0.011500 0.030667
1 0.520750 0.499000 0.004500 0.023333
1 0.512000 0.496667 0.010000 0.026667
1 0.522500 0.562333 0.006000 0.023333
1 0.514000 0.564667 0.012000 0.024000
1 0.503250 0.569000 0.014500 0.032667
2 0.496500 0.588333 0.009000 0.019333
1 0.527750 0.592667 0.017500 0.034667
1 0.464500 0.541000 0.013000 0.032667
1 0.485000 0.544333 0.008000 0.032667
1 0.492500 0.540000 0.005000 0.016000
1 0.498250 0.525667 0.007500 0.031333
2 0.488750 0.545667 0.008500 0.015333
3 0.511000 0.518667 0.016000 0.024000
3 0.490500 0.568000 0.021000 0.026667
2 0.473000 0.566000 0.013000 0.016000
2 0.467500 0.576667 0.016000 0.025333
3 0.530500 0.600000 0.023000 0.033333
10 0.558500 0.541333 0.011000 0.030667
2 0.557750 0.532000 0.010500 0.021333
1 0.590750 0.507667 0.008500 0.034000
3 0.668500 0.547667 0.026000 0.030000
6 0.645750 0.610000 0.039500 0.076000
6 0.378000 0.597333 0.098000 0.113333
10 0.343000 0.683000 0.033000 0.024667
1 0.514250 0.634000 0.011500 0.037333
1 0.435000 0.654333 0.015000 0.040667
1 0.446250 0.637000 0.011500 0.034000
1 0.454250 0.643667 0.007500 0.022000
1 0.450250 0.662333 0.012500 0.030000
1 0.454000 0.694000 0.015000 0.045333
2 0.505500 0.672333 0.016000 0.028667
2 0.476000 0.706333 0.015000 0.035333
3 0.504250 0.684667 0.016500 0.045333
3 0.476500 0.712000 0.014000 0.048000
6 0.599750 0.765333 0.096500 0.133333
10 0.449500 0.789333 0.021000 0.056000
2 0.449750 0.782333 0.018500 0.032667
10 0.362000 0.837000 0.035000 0.051333
1 0.359250 0.822667 0.021500 0.046667
1 0.460500 0.839333 0.019000 0.052000
1 0.316750 0.817667 0.019500 0.039333
1 0.512000 0.885000 0.013000 0.047333
1 0.336500 0.894667 0.014000 0.046667
1 0.327500 0.879667 0.015000 0.051333
1 0.295250 0.918000 0.022500 0.049333
2 0.275500 0.972000 0.024000 0.054667
10 0.278500 0.970333 0.046000 0.059333
6 0.269500 0.907000 0.133000 0.180667
