4 0.375500 0.940667 0.037000 0.053333
4 0.395500 0.876333 0.034000 0.058000
4 0.361250 0.887333 0.033500 0.052000
4 0.366500 0.828000 0.048000 0.056000
4 0.406250 0.808000 0.027500 0.062667
4 0.434250 0.825000 0.039500 0.062000
4 0.460000 0.845333 0.038000 0.061333
5 0.486250 0.855667 0.038500 0.060667
4 0.513500 0.882000 0.047000 0.053333
4 0.470250 0.916000 0.047500 0.038667
4 0.556750 0.949000 0.056500 0.055333
4 0.490500 0.966333 0.041000 0.067333
4 0.549500 0.978000 0.059000 0.044000
4 0.432750 0.979000 0.051500 0.042000
4 0.338750 0.756333 0.021500 0.042000
4 0.343750 0.700667 0.033500 0.040000
4 0.425000 0.612333 0.037000 0.034000
5 0.425500 0.567000 0.038000 0.034000
4 0.292250 0.510000 0.033500 0.029333
4 0.282250 0.480000 0.032500 0.029333
4 0.279500 0.452333 0.033000 0.024667
4 0.141000 0.421667 0.029000 0.023333
5 0.098750 0.378333 0.024500 0.024667
4 0.089500 0.359000 0.027000 0.018000
6 0.017000 0.352333 0.031000 0.030000
4 0.041500 0.276333 0.022000 0.016667
4 0.038000 0.257333 0.023000 0.016000
6 0.005500 0.250000 0.011000 0.024000
4 0.077500 0.310000 0.020000 0.017333
4 0.089250 0.299667 0.025500 0.018000
4 0.106750 0.290333 0.025500 0.016667
4 0.160000 0.350000 0.026000 0.018667
4 0.177750 0.340000 0.025500 0.018667
9 0.223250 0.334000 0.056500 0.044000
4 0.250750 0.394333 0.029500 0.020667
4 0.267500 0.383000 0.028000 0.020667
4 0.308250 0.368667 0.027500 0.018667
4 0.340500 0.414000 0.029000 0.020000
5 0.351750 0.438667 0.034500 0.026667
4 0.481250 0.373667 0.013500 0.022000
4 0.467000 0.490333 0.030000 0.023333
4 0.572500 0.522667 0.034000 0.026667
4 0.626250 0.686333 0.044500 0.040667
4 0.647500 0.728667 0.039000 0.036000
6 0.756250 0.775333 0.062500 0.054667
4 0.784250 0.731667 0.046500 0.042000
4 0.709250 0.667333 0.043500 0.036000
4 0.770500 0.618333 0.041000 0.030000
4 0.939500 0.887667 0.054000 0.051333
4 0.910750 0.705667 0.054500 0.039333
2 0.776250 0.890000 0.011500 0.018667
3 0.775750 0.892667 0.020500 0.016000
10 0.597500 0.831000 0.012000 0.023333
2 0.597750 0.829333 0.008500 0.013333
2 0.917250 0.957000 0.011500 0.019333
2 0.924000 0.946667 0.011000 0.017333
3 0.915250 0.960667 0.021500 0.016000
3 0.923250 0.952333 0.021500 0.016667
2 0.542250 0.769667 0.006500 0.015333
2 0.597000 0.752000 0.007000 0.013333
3 0.596000 0.756333 0.015000 0.015333
3 0.542000 0.773000 0.011000 0.019333
3 0.917000 0.605333 0.016000 0.013333
2 0.919000 0.602000 0.008000 0.014667
2 0.802250 0.569000 0.007500 0.010000
10 0.800000 0.571333 0.014000 0.013333
0 0.903750 0.103000 0.032500 0.020667
0 0.871250 0.087333 0.028500 0.020000
1 0.765250 0.080667 0.004500 0.009333
1 0.756500 0.078000 0.004000 0.006667
1 0.717000 0.100667 0.003000 0.009333
1 0.672750 0.192000 0.002500 0.009333
1 0.669250 0.192667 0.002500 0.010667
4 0.724750 0.072000 0.015500 0.009333
4 0.705000 0.068333 0.015000 0.008667
4 0.664250 0.059667 0.014500 0.010000
4 0.718500 0.063667 0.016000 0.008667
5 0.685250 0.062333 0.013500 0.008667
0 0.574750 0.045667 0.032500 0.018000
1 0.541500 0.399000 0.004000 0.014000
2 0.534750 0.427333 0.004500 0.013333
10 0.534000 0.430000 0.008000 0.012000
10 0.363750 0.375000 0.009500 0.010000
2 0.363250 0.373000 0.005500 0.011333
10 0.451000 0.314333 0.007000 0.008667
10 0.473000 0.294000 0.005000 0.009333
10 0.465250 0.299333 0.005500 0.008000
3 0.463500 0.307000 0.005000 0.008667
3 0.418000 0.330333 0.007000 0.008667
3 0.405750 0.328667 0.009500 0.008000
3 0.349000 0.328000 0.006000 0.010667
10 0.509250 0.258000 0.006500 0.008000
10 0.516750 0.252000 0.005500 0.008000
10 0.561000 0.217667 0.005000 0.007333
1 0.543500 0.238000 0.003000 0.010667
1 0.393000 0.660000 0.008000 0.016000
