4 0.441786 0.415238 0.010714 0.015238
6 0.441071 0.512857 0.032143 0.048571
4 0.502143 0.523810 0.022857 0.022857
4 0.493929 0.485714 0.019286 0.022857
4 0.539643 0.403333 0.012143 0.012381
4 0.480714 0.426190 0.012857 0.014286
4 0.485714 0.443333 0.012857 0.014286
4 0.487500 0.456190 0.016429 0.019048
4 0.495000 0.467143 0.020000 0.020000
6 0.565357 0.432857 0.020714 0.023810
4 0.576786 0.455714 0.023571 0.018095
4 0.585714 0.465238 0.028571 0.016190
4 0.605357 0.470000 0.023571 0.018095
4 0.631071 0.472857 0.022143 0.018095
4 0.651071 0.470952 0.016429 0.018095
4 0.656429 0.513333 0.040000 0.024762
4 0.697857 0.504762 0.048571 0.022857
4 0.682143 0.474286 0.022857 0.019048
4 0.707143 0.470952 0.021429 0.020000
4 0.747500 0.498095 0.045000 0.020952
4 0.623929 0.777143 0.060714 0.087619
4 0.531429 0.619524 0.031429 0.035238
4 0.647500 0.546190 0.036429 0.031429
4 0.666786 0.579048 0.037857 0.034286
1 0.270714 0.622381 0.012857 0.033333
0 0.481071 0.409524 0.013571 0.020952
