5 0.216071 0.630000 0.027857 0.056190
4 0.256786 0.642857 0.022143 0.047619
4 0.535714 0.517143 0.020000 0.038095
0 0.518214 0.048095 0.017857 0.077143
4 0.515357 0.110476 0.006429 0.011429
4 0.251429 0.424286 0.015714 0.027619
4 0.198929 0.427143 0.017857 0.033333
10 0.493929 0.438095 0.009286 0.013333
10 0.519286 0.334762 0.007143 0.014286
3 0.532500 0.347143 0.005000 0.012381
6 0.638571 0.496667 0.071429 0.040952
2 0.494286 0.436667 0.005714 0.010476
2 0.518571 0.333333 0.004286 0.009524
2 0.533214 0.346667 0.003571 0.007619
