6 0.151786 0.863579 0.083571 0.270305
6 0.197143 0.588832 0.072857 0.162437
1 0.134286 0.600254 0.012857 0.043147
1 0.137857 0.472081 0.011429 0.038071
5 0.214643 0.474619 0.057857 0.081218
5 0.265000 0.215736 0.031429 0.050761
5 0.291786 0.145939 0.036429 0.058376
5 0.329643 0.093274 0.026429 0.041878
4 0.353929 0.056472 0.025000 0.036802
4 0.254286 0.289340 0.054286 0.053299
1 0.304643 0.073604 0.006429 0.025381
1 0.306071 0.076142 0.006429 0.025381
1 0.232500 0.213198 0.009286 0.035533
1 0.238571 0.212563 0.008571 0.034264
1 0.635000 0.504442 0.007143 0.036802
1 0.645000 0.496827 0.008571 0.039340
1 0.612857 0.409264 0.007143 0.034264
1 0.573214 0.241751 0.006429 0.031726
1 0.586429 0.017766 0.005714 0.025381
1 0.580000 0.046954 0.005714 0.025381
1 0.566429 0.068528 0.005714 0.027919
1 0.571071 0.066624 0.005000 0.026650
0 0.712143 0.057107 0.025714 0.043147
5 0.758214 0.057107 0.025000 0.055838
5 0.817143 0.181472 0.058571 0.058376
5 0.835714 0.203046 0.055714 0.063452
4 0.859643 0.060279 0.055000 0.046954
4 0.807500 0.157995 0.052143 0.049492
0 0.770714 0.220812 0.018571 0.040609
10 0.876071 0.097081 0.023571 0.031726
10 0.862143 0.079949 0.024286 0.032995
10 0.826786 0.008883 0.022143 0.017766
10 0.833929 0.015863 0.020714 0.029188
10 0.846429 0.023477 0.020000 0.031726
10 0.851786 0.030457 0.019286 0.027919
10 0.859643 0.038706 0.023571 0.029188
