1 0.459643 0.756667 0.012143 0.031429
1 0.476786 0.753333 0.009286 0.030476
10 0.478571 0.650000 0.012857 0.035238
1 0.463214 0.563810 0.009286 0.032381
1 0.451429 0.554762 0.008571 0.027619
1 0.366071 0.598571 0.012143 0.027619
1 0.406786 0.544762 0.009286 0.030476
1 0.417143 0.548571 0.011429 0.032381
1 0.427143 0.552381 0.008571 0.030476
1 0.434643 0.553810 0.009286 0.031429
1 0.481429 0.492857 0.008571 0.027619
1 0.472143 0.491905 0.008571 0.027619
3 0.365714 0.459524 0.010000 0.020000
2 0.366071 0.449524 0.007857 0.019048
1 0.486071 0.465238 0.010714 0.025714
1 0.498571 0.465714 0.007143 0.024762
1 0.508214 0.450952 0.007857 0.023810
1 0.500714 0.445714 0.008571 0.026667
1 0.492500 0.451429 0.007857 0.022857
1 0.411786 0.331429 0.007857 0.020952
1 0.316429 0.340476 0.010000 0.023810
1 0.344286 0.242857 0.005714 0.019048
10 0.312857 0.216190 0.008571 0.011429
2 0.312857 0.212381 0.005714 0.015238
10 0.325357 0.205238 0.007857 0.014286
1 0.302143 0.206190 0.005714 0.014286
4 0.291071 0.181905 0.016429 0.019048
2 0.280357 0.170000 0.005000 0.010476
10 0.282500 0.174762 0.007857 0.012381
1 0.230357 0.213810 0.006429 0.016190
1 0.062857 0.214762 0.010000 0.016190
1 0.085357 0.209048 0.012143 0.021905
1 0.144286 0.196667 0.010000 0.018095
1 0.171071 0.190000 0.007857 0.018095
1 0.177143 0.187143 0.007143 0.016190
1 0.179286 0.186190 0.007143 0.020000
1 0.187500 0.182857 0.007857 0.017143
1 0.192500 0.183333 0.006429 0.018095
1 0.194643 0.183810 0.007857 0.019048
1 0.199286 0.184762 0.010000 0.019048
1 0.217143 0.175238 0.007143 0.015238
1 0.221786 0.175714 0.009286 0.018095
1 0.224643 0.175714 0.007857 0.018095
1 0.230357 0.170952 0.006429 0.016190
1 0.234286 0.170000 0.007143 0.018095
1 0.237500 0.143333 0.005000 0.016190
1 0.223929 0.130952 0.006429 0.014286
1 0.227857 0.125714 0.005714 0.013333
1 0.231071 0.122857 0.005000 0.013333
1 0.237500 0.112857 0.005000 0.014286
1 0.241071 0.115238 0.003571 0.015238
1 0.240357 0.123810 0.005000 0.015238
4 0.235714 0.084762 0.012857 0.015238
1 0.230000 0.096190 0.005714 0.013333
1 0.232500 0.096190 0.005000 0.013333
1 0.235357 0.098095 0.006429 0.015238
1 0.238571 0.100000 0.005714 0.015238
1 0.250714 0.095714 0.005714 0.014286
1 0.250357 0.086190 0.005000 0.014286
1 0.246429 0.073810 0.004286 0.012381
1 0.212143 0.052857 0.002857 0.012381
1 0.208929 0.050952 0.003571 0.012381
1 0.425357 0.080476 0.003571 0.012381
0 0.420714 0.077619 0.005714 0.014286
1 0.456071 0.076667 0.003571 0.012381
1 0.451786 0.069048 0.003571 0.012381
1 0.489286 0.060952 0.004286 0.011429
