4 0.456071 0.600000 0.022143 0.045714
4 0.590357 0.698095 0.039286 0.070476
4 0.517500 0.574762 0.019286 0.046667
4 0.541429 0.518571 0.024286 0.037143
4 0.432143 0.474286 0.017143 0.036190
4 0.525714 0.416667 0.014286 0.018095
4 0.502857 0.397143 0.011429 0.019048
4 0.520357 0.378095 0.010714 0.017143
4 0.500000 0.356667 0.010000 0.016190
4 0.505714 0.340952 0.010000 0.013333
4 0.503571 0.310476 0.008571 0.011429
4 0.512500 0.299524 0.007857 0.010476
4 0.514643 0.274286 0.007857 0.007619
0 0.519286 0.213810 0.027143 0.046667
4 0.662143 0.958095 0.050000 0.081905
0 0.539643 0.349524 0.007857 0.017143
