1 0.171429 0.788571 0.017143 0.049524
1 0.436071 0.724286 0.013571 0.048571
1 0.462857 0.734762 0.015714 0.048571
1 0.485714 0.739524 0.014286 0.048571
1 0.481786 0.719524 0.013571 0.050476
1 0.471429 0.717619 0.011429 0.039048
1 0.341786 0.612381 0.009286 0.030476
1 0.437857 0.585714 0.010000 0.036190
1 0.423571 0.582857 0.011429 0.034286
1 0.368929 0.589048 0.009286 0.029524
1 0.377143 0.589524 0.007143 0.034286
1 0.400357 0.571429 0.009286 0.026667
1 0.408571 0.572857 0.007143 0.029524
1 0.413571 0.575238 0.007143 0.028571
1 0.513571 0.503810 0.010000 0.024762
1 0.513929 0.497619 0.009286 0.025714
1 0.550357 0.480000 0.006429 0.022857
1 0.563571 0.474762 0.007143 0.020000
10 0.564643 0.359524 0.010714 0.010476
1 0.546429 0.355714 0.005714 0.016190
0 0.549286 0.330000 0.012857 0.020000
1 0.532500 0.302857 0.003571 0.011429
1 0.535357 0.302857 0.003571 0.011429
1 0.538571 0.302857 0.004286 0.011429
1 0.298571 0.289524 0.004286 0.009524
1 0.310714 0.287143 0.004286 0.010476
1 0.320714 0.284762 0.004286 0.009524
1 0.373214 0.291905 0.003571 0.008571
1 0.370357 0.283810 0.003571 0.007619
0 0.400000 0.283333 0.008571 0.010476
