4 0.108214 0.975254 0.015000 0.046954
2 0.092857 0.356599 0.004286 0.012690
2 0.006429 0.584391 0.005714 0.006345
5 0.110714 0.919416 0.012857 0.046954
5 0.112500 0.864213 0.012143 0.040609
4 0.188571 0.623096 0.010000 0.035533
1 0.006429 0.755076 0.005714 0.010152
4 0.293214 0.613579 0.009286 0.039340
5 0.307857 0.612944 0.011429 0.038071
5 0.320714 0.611675 0.011429 0.038071
5 0.434286 0.881345 0.012857 0.041878
5 0.499286 0.809645 0.017143 0.040609
5 0.533571 0.862944 0.018571 0.045685
5 0.931071 0.902919 0.022143 0.044416
4 0.898929 0.809010 0.019286 0.044416
4 0.878929 0.745558 0.016429 0.039340
9 0.908571 0.744924 0.032857 0.111675
4 0.915714 0.073604 0.017143 0.020305
4 0.805000 0.007614 0.015714 0.015228
4 0.779643 0.008249 0.016429 0.016497
1 0.870357 0.005711 0.003571 0.008883
1 0.857857 0.061548 0.002857 0.011421
0 0.867857 0.065355 0.012857 0.019036
0 0.877857 0.074239 0.010000 0.021574
0 0.874643 0.006980 0.003571 0.008883
1 0.886786 0.016497 0.003571 0.007614
1 0.890714 0.012690 0.002857 0.007614
1 0.894286 0.020305 0.002857 0.007614
1 0.898929 0.021574 0.003571 0.007614
1 0.903571 0.024746 0.002857 0.006345
1 0.915357 0.024746 0.003571 0.011421
0 0.881071 0.017766 0.003571 0.007614
1 0.776429 0.184010 0.004286 0.010152
1 0.771429 0.192259 0.002857 0.008883
0 0.751071 0.227157 0.006429 0.015228
0 0.764643 0.237944 0.005000 0.013959
1 0.807143 0.344543 0.005714 0.011421
1 0.812857 0.347716 0.004286 0.010152
1 0.820357 0.346447 0.003571 0.010152
1 0.822500 0.335025 0.003571 0.010152
1 0.828571 0.338832 0.004286 0.012690
10 0.714643 0.247462 0.005000 0.010152
10 0.698214 0.302665 0.005000 0.013959
10 0.685357 0.346447 0.005000 0.012690
0 0.713214 0.193528 0.003571 0.006345
0 0.719643 0.184645 0.003571 0.008883
0 0.694286 0.272208 0.002857 0.011421
1 0.677500 0.315990 0.002143 0.007614
1 0.679286 0.316624 0.002857 0.008883
1 0.692857 0.308376 0.002857 0.010152
1 0.666786 0.346447 0.002143 0.007614
1 0.641786 0.355330 0.003571 0.010152
1 0.648214 0.394036 0.003571 0.008883
1 0.728571 0.184645 0.002857 0.008883
1 0.720357 0.201777 0.003571 0.010152
10 0.705714 0.281726 0.005714 0.015228
9 0.789643 0.585025 0.059286 0.073604
5 0.746071 0.552665 0.022143 0.031726
4 0.721786 0.521574 0.020714 0.027919
4 0.694643 0.490482 0.020714 0.029188
0 0.734286 0.481599 0.004286 0.006345
4 0.665714 0.454315 0.018571 0.027919
4 0.642143 0.422589 0.020000 0.030457
4 0.619643 0.396574 0.019286 0.029188
5 0.598214 0.364848 0.019286 0.034264
5 0.651786 0.728426 0.020714 0.043147
4 0.627143 0.835025 0.018571 0.045685
5 0.560714 0.789975 0.018571 0.046954
5 0.581429 0.598985 0.015714 0.027919
5 0.488929 0.645939 0.017857 0.043147
4 0.524643 0.529822 0.017857 0.031726
5 0.470000 0.663071 0.015714 0.039340
5 0.440000 0.715736 0.015714 0.043147
5 0.409286 0.689086 0.011429 0.040609
5 0.411429 0.593909 0.014286 0.035533
5 0.425714 0.567893 0.015714 0.034264
9 0.386071 0.643401 0.022143 0.101523
5 0.431786 0.539975 0.013571 0.031726
5 0.402500 0.504442 0.012143 0.029188
6 0.412857 0.477157 0.014286 0.032995
6 0.389286 0.530457 0.018571 0.053299
4 0.434286 0.378807 0.014286 0.029188
4 0.420000 0.310914 0.014286 0.030457
5 0.388929 0.445431 0.013571 0.030457
5 0.373214 0.484137 0.012143 0.034264
5 0.376071 0.400381 0.010714 0.029188
4 0.363571 0.434645 0.011429 0.031726
5 0.509643 0.217640 0.013571 0.026650
1 0.526786 0.209391 0.002143 0.010152
1 0.569643 0.279822 0.002143 0.008883
9 0.349643 0.303299 0.010714 0.027919
4 0.370000 0.356599 0.011429 0.022843
4 0.357143 0.388959 0.011429 0.026650
4 0.336071 0.316624 0.010714 0.026650
6 0.280714 0.503807 0.015714 0.088832
6 0.276429 0.421320 0.014286 0.060914
5 0.319286 0.509518 0.021429 0.026650
5 0.318571 0.487310 0.020000 0.027919
5 0.315000 0.463198 0.021429 0.030457
5 0.312143 0.441624 0.017143 0.027919
4 0.312143 0.421320 0.018571 0.025381
5 0.310000 0.397208 0.020000 0.027919
10 0.310357 0.375635 0.010714 0.010152
4 0.307500 0.326142 0.017857 0.022843
9 0.316786 0.243655 0.020714 0.065990
4 0.326429 0.229695 0.011429 0.025381
4 0.305714 0.206853 0.008571 0.022843
4 0.306071 0.311548 0.017857 0.021574
5 0.302857 0.296954 0.020000 0.022843
4 0.302500 0.271574 0.015000 0.020305
4 0.296429 0.260787 0.018571 0.021574
4 0.290000 0.237310 0.018571 0.020305
5 0.285357 0.213198 0.016429 0.020305
5 0.287857 0.224619 0.017143 0.020305
4 0.448571 0.140863 0.014286 0.025381
4 0.471429 0.138325 0.014286 0.025381
1 0.481786 0.111675 0.002143 0.010152
4 0.310357 0.176396 0.007857 0.020305
4 0.276071 0.104061 0.007857 0.022843
4 0.326429 0.093274 0.007143 0.019036
5 0.255357 0.035533 0.007857 0.020305
4 0.278571 0.067893 0.007143 0.019036
5 0.305000 0.057107 0.011429 0.030457
5 0.291429 0.152284 0.010000 0.022843
4 0.296429 0.126269 0.010000 0.024112
6 0.274643 0.161168 0.016429 0.045685
6 0.261429 0.161168 0.014286 0.055838
6 0.246786 0.157360 0.017857 0.063452
6 0.255000 0.116751 0.014286 0.045685
4 0.249643 0.078046 0.010714 0.021574
4 0.255000 0.096447 0.007143 0.025381
1 0.085714 0.130711 0.004286 0.012690
1 0.088214 0.128173 0.003571 0.007614
4 0.139643 0.045051 0.010714 0.019036
