6 0.302857 0.671905 0.035714 0.023810
6 0.113571 0.763810 0.028571 0.055238
6 0.094643 0.722857 0.027857 0.060952
6 0.155714 0.623810 0.038571 0.022857
6 0.121071 0.604762 0.022143 0.041905
6 0.062500 0.713810 0.027857 0.046667
6 0.041071 0.711905 0.026429 0.048571
6 0.023929 0.701429 0.022143 0.046667
6 0.035357 0.538095 0.026429 0.045714
6 0.044286 0.580000 0.030000 0.070476
6 0.072857 0.578095 0.024286 0.045714
6 0.093214 0.590000 0.020714 0.046667
4 0.319286 0.900476 0.027143 0.023810
4 0.320714 0.846190 0.027143 0.021905
4 0.454643 0.905714 0.012143 0.038095
4 0.458214 0.963810 0.012143 0.032381
4 0.456429 0.991905 0.011429 0.016190
10 0.443929 0.957619 0.005000 0.018095
10 0.649643 0.694286 0.010714 0.019048
10 0.420000 0.243333 0.005714 0.014286
10 0.402857 0.180952 0.005714 0.017143
5 0.361786 0.707143 0.036429 0.020000
1 0.146071 0.777143 0.007857 0.009524
1 0.417500 0.132857 0.003571 0.008571
1 0.419643 0.128095 0.005000 0.010476
1 0.519286 0.092381 0.004286 0.009524
1 0.533571 0.100000 0.004286 0.009524
1 0.523571 0.082857 0.005714 0.007619
1 0.524286 0.080476 0.002857 0.008571
10 0.614286 0.071429 0.005714 0.017143
4 0.917857 0.246667 0.027143 0.017143
4 0.945714 0.015714 0.030000 0.025714
5 0.906071 0.005714 0.027857 0.011429
5 0.948929 0.253810 0.029286 0.018095
