4 0.387857 0.430952 0.022857 0.018095
4 0.446429 0.430000 0.027143 0.016190
4 0.449286 0.467619 0.027143 0.019048
4 0.395000 0.473810 0.025714 0.016190
4 0.392500 0.526190 0.023571 0.018095
4 0.450000 0.522381 0.031429 0.021905
4 0.394643 0.578095 0.030714 0.020952
4 0.394643 0.620000 0.027857 0.019048
4 0.394643 0.653810 0.032143 0.018095
4 0.456429 0.646190 0.030000 0.020000
4 0.400000 0.727619 0.027143 0.020952
5 0.405357 0.859048 0.025000 0.020952
4 0.068571 0.838571 0.035714 0.023810
4 0.738929 0.282381 0.013571 0.037143
10 0.760357 0.389524 0.006429 0.017143
10 0.751786 0.072381 0.007857 0.015238
1 0.753929 0.092857 0.006429 0.008571
1 0.905714 0.589048 0.007143 0.008571
1 0.927143 0.775714 0.007143 0.008571
1 0.777143 0.877143 0.007143 0.011429
1 0.922857 0.781905 0.012857 0.009524
1 0.930357 0.513333 0.007857 0.009524
