10 0.485714 0.926190 0.018571 0.069524
2 0.485714 0.915238 0.020000 0.038095
9 0.522500 0.721905 0.045000 0.135238
9 0.435000 0.649524 0.061429 0.201905
4 0.502143 0.474762 0.022857 0.042857
8 0.420357 0.470000 0.016429 0.037143
2 0.419286 0.455238 0.004286 0.013333
2 0.422857 0.450000 0.002857 0.008571
10 0.467857 0.385714 0.005714 0.019048
10 0.460357 0.372857 0.006429 0.020000
2 0.468214 0.382381 0.003571 0.010476
2 0.460000 0.371905 0.004286 0.012381
1 0.436786 0.419524 0.005000 0.020000
1 0.398214 0.414762 0.003571 0.016190
1 0.410000 0.421429 0.004286 0.020000
1 0.414286 0.409048 0.004286 0.016190
0 0.428929 0.410476 0.022143 0.043810
0 0.468929 0.301429 0.009286 0.016190
2 0.402857 0.289524 0.004286 0.009524
0 0.506071 0.181905 0.012143 0.043810
10 0.491071 0.244762 0.002143 0.007619
10 0.483929 0.253810 0.002143 0.008571
2 0.490714 0.243810 0.001429 0.003810
0 0.494286 0.222381 0.007143 0.012381
0 0.363929 0.287619 0.039286 0.017143
9 0.883214 0.724286 0.045000 0.063810
8 0.752857 0.470000 0.020000 0.016190
2 0.751071 0.462381 0.005000 0.012381
2 0.689286 0.387619 0.007143 0.020952
8 0.689286 0.389524 0.007143 0.009524
4 0.665000 0.395714 0.021429 0.023810
5 0.632857 0.352381 0.020000 0.030476
6 0.620357 0.319524 0.016429 0.031429
0 0.633214 0.283810 0.025000 0.028571
1 0.688214 0.297619 0.005000 0.012381
3 0.688214 0.297143 0.003571 0.007619
4 0.691429 0.274762 0.018571 0.010476
4 0.581429 0.258571 0.007143 0.010476
4 0.586071 0.250476 0.007857 0.007619
6 0.577143 0.230952 0.011429 0.018095
6 0.680714 0.261429 0.024286 0.016190
9 0.679286 0.257619 0.025714 0.014286
0 0.594643 0.243333 0.002143 0.008571
