7 0.406837 0.866883 0.018267 0.038033
7 0.536534 0.762523 0.016701 0.044527
7 0.431367 0.665121 0.013048 0.038961
10 0.433455 0.687848 0.010960 0.023191
8 0.451461 0.683673 0.029228 0.035250
8 0.567328 0.876160 0.016701 0.051020
8 0.551931 0.696197 0.015136 0.039889
8 0.528445 0.629870 0.024530 0.031540
8 0.512265 0.568182 0.009916 0.030612
1 0.530793 0.694341 0.006263 0.030612
2 0.526879 0.931818 0.013048 0.028757
2 0.539405 0.903989 0.008873 0.019481
8 0.544624 0.916512 0.008873 0.031540
10 0.529228 0.832560 0.009395 0.030612
1 0.588466 0.881262 0.006785 0.033395
2 0.556628 0.602505 0.006785 0.017625
2 0.569415 0.592301 0.006263 0.015770
2 0.526357 0.573284 0.006785 0.012987
2 0.526879 0.566790 0.006785 0.012987
2 0.539144 0.537106 0.006263 0.018553
2 0.549061 0.531540 0.005219 0.016698
2 0.531054 0.550557 0.004697 0.012059
2 0.528967 0.543135 0.004697 0.010204
2 0.526879 0.501391 0.005741 0.017625
2 0.513570 0.488868 0.007307 0.016698
2 0.524008 0.656772 0.006263 0.014842
2 0.525574 0.648887 0.007307 0.013915
7 0.538622 0.596475 0.009395 0.031540
7 0.567328 0.593228 0.015658 0.028757
7 0.499739 0.557978 0.010960 0.030612
10 0.539666 0.540816 0.006263 0.016698
10 0.549322 0.536178 0.005741 0.018553
10 0.516180 0.510204 0.009395 0.018553
10 0.527662 0.505566 0.009395 0.016698
8 0.470511 0.496753 0.014092 0.023191
8 0.465553 0.459647 0.014614 0.021336
10 0.539144 0.473562 0.006263 0.017625
5 0.532098 0.419759 0.012004 0.032468
4 0.551670 0.370130 0.011482 0.022263
4 0.549061 0.355288 0.010438 0.020408
7 0.524791 0.349722 0.005741 0.016698
7 0.521399 0.405844 0.007307 0.017625
7 0.509395 0.402134 0.011482 0.015770
8 0.536273 0.404917 0.008873 0.023191
8 0.543058 0.392857 0.009916 0.019481
8 0.515658 0.376623 0.008351 0.018553
8 0.501044 0.371521 0.015658 0.021336
8 0.534186 0.201763 0.005741 0.012059
2 0.524791 0.345547 0.004697 0.010204
1 0.524269 0.400278 0.003653 0.017625
1 0.521921 0.397495 0.004175 0.015770
1 0.516441 0.400742 0.003653 0.016698
10 0.521138 0.398887 0.004697 0.011132
7 0.552975 0.387755 0.012004 0.009276
7 0.554280 0.394249 0.008351 0.012987
10 0.566284 0.391929 0.009395 0.012059
10 0.561848 0.401670 0.010960 0.011132
3 0.555324 0.403061 0.005219 0.010204
3 0.559238 0.404453 0.005741 0.014842
2 0.551409 0.414657 0.004697 0.011132
2 0.557933 0.416512 0.004175 0.011132
7 0.558716 0.422542 0.014092 0.017625
2 0.516962 0.416048 0.003653 0.012059
3 0.516962 0.416976 0.008873 0.010204
1 0.453027 0.422078 0.006263 0.018553
2 0.548278 0.411874 0.003653 0.012987
2 0.545668 0.414193 0.004697 0.012059
7 0.479384 0.415584 0.009916 0.024119
7 0.571503 0.453618 0.012526 0.031540
