1 0.054643 0.689048 0.036429 0.050476
1 0.061071 0.250952 0.022143 0.044762
1 0.815357 0.643810 0.025000 0.045714
1 0.008571 0.524762 0.017143 0.040000
1 0.117857 0.441429 0.024286 0.052381
1 0.097143 0.428571 0.012857 0.051429
1 0.013571 0.482857 0.021429 0.040000
1 0.160000 0.353333 0.017143 0.047619
1 0.182143 0.358571 0.015714 0.044762
1 0.200357 0.384286 0.015000 0.048571
1 0.242500 0.340952 0.016429 0.038095
1 0.282143 0.305238 0.015714 0.042857
1 0.113571 0.179524 0.012857 0.029524
1 0.147500 0.239524 0.012143 0.040952
1 0.193214 0.220000 0.019286 0.045714
1 0.310714 0.238095 0.011429 0.036190
1 0.324643 0.254286 0.013571 0.036190
1 0.374286 0.244286 0.014286 0.039048
1 0.413571 0.221905 0.017143 0.032381
1 0.470000 0.196667 0.011429 0.031429
1 0.489286 0.210476 0.014286 0.036190
1 0.588214 0.165714 0.010714 0.036190
1 0.601429 0.160952 0.011429 0.028571
1 0.607857 0.183810 0.012857 0.040000
1 0.740357 0.182857 0.013571 0.034286
