5 0.393214 0.035238 0.026429 0.070476
4 0.278929 0.080476 0.057857 0.075238
4 0.261071 0.042857 0.060714 0.074286
1 0.316071 0.124286 0.013571 0.025714
4 0.392500 0.137619 0.029286 0.077143
4 0.393214 0.313810 0.027857 0.094286
1 0.370714 0.321905 0.011429 0.022857
1 0.352500 0.293810 0.010714 0.014286
7 0.353929 0.309524 0.015000 0.043810
4 0.275000 0.394286 0.074286 0.041905
4 0.525357 0.015714 0.026429 0.029524
10 0.496071 0.233810 0.010714 0.033333
4 0.528214 0.292857 0.027857 0.086667
10 0.524643 0.395714 0.016429 0.040952
2 0.524286 0.392381 0.011429 0.022857
4 0.479286 0.478571 0.032857 0.090476
4 0.543214 0.610952 0.037857 0.101905
4 0.278571 0.585238 0.075714 0.046667
10 0.241071 0.532381 0.019286 0.034286
10 0.250000 0.437619 0.030000 0.016190
7 0.346429 0.643333 0.010000 0.037143
1 0.341071 0.641905 0.009286 0.015238
1 0.335357 0.677143 0.013571 0.020952
4 0.274286 0.691429 0.072857 0.038095
4 0.272857 0.746667 0.071429 0.041905
4 0.398929 0.855238 0.029286 0.097143
1 0.216071 0.960000 0.015000 0.017143
1 0.231071 0.945238 0.015000 0.025714
1 0.238929 0.951429 0.015000 0.026667
4 0.483571 0.846190 0.027143 0.098095
4 0.541429 0.840476 0.028571 0.100000
4 0.541429 0.719524 0.028571 0.096190
10 0.449286 0.768095 0.012857 0.031429
2 0.447857 0.764762 0.010000 0.020952
4 0.403214 0.967619 0.030714 0.064762
4 0.441786 0.980476 0.027857 0.039048
3 0.515000 0.986667 0.010000 0.024762
