8 0.526879 0.341837 0.013048 0.030612
8 0.543319 0.495826 0.017745 0.039889
10 0.470251 0.497681 0.011482 0.019481
1 0.474687 0.520408 0.005741 0.031540
1 0.486952 0.519481 0.007307 0.031540
1 0.481994 0.513451 0.006785 0.030612
2 0.449635 0.545918 0.009916 0.023191
4 0.609342 0.594156 0.029749 0.084416
6 0.782881 0.777829 0.068894 0.180891
4 0.780010 0.674861 0.039144 0.078850
8 0.758090 0.570965 0.028706 0.060297
6 0.558977 0.262987 0.033403 0.030612
8 0.615605 0.216141 0.007829 0.022263
1 0.621347 0.230983 0.004697 0.020408
10 0.783925 0.282004 0.013570 0.020408
4 0.714248 0.236085 0.018267 0.021336
8 0.714248 0.195733 0.008873 0.025974
4 0.704854 0.139147 0.021399 0.018553
1 0.687891 0.115955 0.003132 0.012987
1 0.638831 0.124768 0.004175 0.013915
1 0.651096 0.113636 0.002610 0.012059
2 0.646660 0.115492 0.003132 0.006494
7 0.646660 0.118738 0.004175 0.011132
8 0.658142 0.089054 0.005219 0.011132
8 0.677975 0.095083 0.009395 0.012059
4 0.665710 0.077922 0.005741 0.011132
4 0.652140 0.070037 0.005741 0.010204
8 0.659708 0.067254 0.005219 0.008349
1 0.671712 0.066327 0.002088 0.008349
4 0.675887 0.065863 0.007307 0.011132
4 0.696503 0.065863 0.005741 0.011132
1 0.703810 0.068182 0.002610 0.008349
1 0.701722 0.068646 0.001566 0.007421
8 0.682672 0.047774 0.004175 0.008349
4 0.654489 0.078386 0.006263 0.010204
4 0.659447 0.041280 0.005741 0.008349
4 0.665449 0.032931 0.007307 0.006494
4 0.694937 0.028757 0.006785 0.009276
0 0.644050 0.046846 0.007307 0.008349
1 0.652140 0.089054 0.002610 0.009276
2 0.675104 0.032004 0.001566 0.004638
10 0.675104 0.033395 0.002610 0.005566
8 0.693894 0.022727 0.003653 0.006494
4 0.692067 0.012059 0.004175 0.005566
0 0.675626 0.014842 0.022443 0.018553
