4 0.133214 0.759524 0.096429 0.193333
6 0.059643 0.933333 0.117857 0.133333
4 0.293929 0.951905 0.082143 0.096190
4 0.318214 0.773810 0.085000 0.210476
4 0.181071 0.588571 0.099286 0.144762
4 0.345000 0.590952 0.064286 0.145714
4 0.743929 0.940476 0.175000 0.119048
1 0.747500 0.823810 0.032143 0.047619
5 0.707857 0.779524 0.122857 0.113333
2 0.848929 0.697143 0.030714 0.034286
3 0.846071 0.705238 0.022143 0.060000
10 0.896071 0.537619 0.043571 0.040952
10 0.922500 0.590476 0.049286 0.047619
10 0.936429 0.638571 0.051429 0.042857
3 0.940714 0.666667 0.050000 0.045714
3 0.963571 0.527619 0.040000 0.034286
4 0.790357 0.331429 0.100714 0.060952
4 0.785714 0.291905 0.094286 0.060000
4 0.745000 0.185714 0.074286 0.059048
4 0.761786 0.151905 0.075000 0.050476
1 0.757857 0.083333 0.011429 0.033333
1 0.770357 0.088571 0.015000 0.036190
5 0.780000 0.130476 0.084286 0.057143
4 0.735357 0.027619 0.053571 0.053333
1 0.685000 0.180000 0.014286 0.040000
4 0.855000 0.053333 0.041429 0.034286
4 0.633929 0.014286 0.060714 0.028571
4 0.576429 0.147143 0.037143 0.056190
4 0.587857 0.213810 0.035714 0.061905
4 0.595714 0.280476 0.041429 0.080952
4 0.735714 0.581429 0.067143 0.157143
1 0.751071 0.505238 0.017857 0.044762
1 0.765000 0.488095 0.017143 0.042857
2 0.808571 0.540476 0.017143 0.039048
4 0.359286 0.444286 0.055714 0.124762
10 0.207500 0.470476 0.027857 0.049524
1 0.307857 0.316667 0.014286 0.042857
4 0.378571 0.325714 0.044286 0.087619
5 0.273571 0.425238 0.071429 0.155238
4 0.247143 0.333333 0.051429 0.095238
4 0.388214 0.245714 0.042143 0.078095
4 0.405000 0.123333 0.037143 0.061905
4 0.264286 0.254762 0.047143 0.082857
1 0.426071 0.048571 0.010714 0.034286
6 0.522500 0.032857 0.086429 0.065714
10 0.180357 0.272381 0.017857 0.040000
10 0.203929 0.234762 0.025000 0.042857
10 0.202857 0.157619 0.021429 0.035238
10 0.208214 0.145238 0.027857 0.025714
4 0.238929 0.094286 0.073571 0.049524
5 0.210000 0.067619 0.075714 0.062857
1 0.186429 0.024762 0.015714 0.032381
1 0.295714 0.030476 0.012857 0.032381
4 0.299286 0.020000 0.054286 0.040000
1 0.125714 0.290952 0.021429 0.040952
1 0.129643 0.286667 0.022143 0.038095
10 0.010357 0.714762 0.020714 0.052381
