9 0.190000 0.368571 0.201429 0.325714
4 0.040357 0.540952 0.080714 0.160000
4 0.076429 0.356667 0.074286 0.109524
4 0.140357 0.271905 0.070714 0.092381
4 0.205000 0.175238 0.058571 0.072381
4 0.243929 0.119524 0.049286 0.052381
1 0.199286 0.078095 0.017143 0.036190
6 0.285000 0.043333 0.050000 0.086667
4 0.191071 0.037619 0.069286 0.029524
4 0.207857 0.017143 0.062857 0.034286
4 0.315714 0.022857 0.025714 0.036190
1 0.433571 0.009048 0.010000 0.018095
1 0.534286 0.010476 0.007143 0.020952
1 0.650000 0.197143 0.012857 0.043810
4 0.449286 0.111429 0.037143 0.055238
4 0.538929 0.031905 0.025000 0.039048
4 0.568929 0.022857 0.026429 0.032381
4 0.570000 0.051429 0.031429 0.040000
4 0.575000 0.087619 0.034286 0.047619
4 0.581071 0.130476 0.032143 0.045714
4 0.610714 0.170000 0.088571 0.050476
4 0.546071 0.242857 0.045000 0.076190
4 0.602143 0.364762 0.051429 0.102857
4 0.525357 0.436667 0.059286 0.122857
4 0.600000 0.507619 0.065714 0.137143
4 0.524286 0.595714 0.074286 0.181905
4 0.606071 0.769524 0.082143 0.234286
4 0.258214 0.837143 0.132143 0.272381
6 0.390714 0.860952 0.141429 0.270476
5 0.831071 0.922381 0.193571 0.151429
10 0.874643 0.791429 0.067857 0.045714
1 0.883929 0.777619 0.022143 0.054286
3 0.975714 0.860000 0.045714 0.118095
10 0.812857 0.651429 0.071429 0.043810
3 0.860357 0.637619 0.047857 0.037143
10 0.819643 0.608571 0.046429 0.024762
10 0.820000 0.588571 0.041429 0.034286
10 0.823571 0.575238 0.044286 0.024762
10 0.812143 0.544286 0.050000 0.040952
1 0.724286 0.212857 0.011429 0.040952
10 0.697500 0.204762 0.033571 0.028571
1 0.704286 0.146190 0.007143 0.037143
1 0.616429 0.220000 0.010000 0.036190
10 0.600714 0.282381 0.027143 0.048571
