6 0.030357 0.776650 0.060714 0.048223
4 0.142143 0.784898 0.031429 0.031726
10 0.175000 0.806472 0.012857 0.013959
1 0.214643 0.897208 0.006429 0.012690
1 0.212857 0.886421 0.007143 0.011421
1 0.075714 0.798223 0.010000 0.010152
1 0.066786 0.800761 0.010714 0.007614
1 0.265000 0.887056 0.007143 0.012690
1 0.376071 0.909898 0.005000 0.012690
1 0.361071 0.922589 0.005000 0.012690
1 0.452500 0.934645 0.003571 0.013959
1 0.523929 0.927030 0.005000 0.013959
1 0.497857 0.913071 0.007143 0.011421
1 0.470000 0.911168 0.007143 0.012690
1 0.456786 0.923858 0.006429 0.010152
1 0.480714 0.929569 0.005714 0.008883
1 0.667500 0.938452 0.009286 0.008883
4 0.612857 0.658629 0.035714 0.030457
4 0.630714 0.613579 0.037143 0.031726
4 0.706071 0.625000 0.037857 0.029188
4 0.784286 0.673858 0.041429 0.030457
5 0.719286 0.671320 0.038571 0.027919
5 0.761071 0.627538 0.033571 0.026650
4 0.785357 0.791878 0.042143 0.040609
3 0.675000 0.883883 0.014286 0.008883
2 0.675357 0.883883 0.006429 0.008883
0 0.785357 0.944797 0.010714 0.021574
1 0.796071 0.961929 0.007857 0.010152
1 0.786071 0.965736 0.007857 0.010152
1 0.795000 0.973350 0.007143 0.010152
4 0.924286 0.960025 0.021429 0.072335
4 0.949286 0.947335 0.020000 0.074873
9 0.982500 0.911168 0.029286 0.104061
1 0.835714 0.958122 0.004286 0.012690
