9 0.073214 0.455714 0.079286 0.027619
9 0.017857 0.452857 0.035714 0.027619
9 0.039643 0.427143 0.079286 0.029524
9 0.043214 0.396190 0.063571 0.032381
6 0.062857 0.375238 0.035714 0.020952
6 0.024286 0.370952 0.044286 0.023810
6 0.054643 0.347143 0.056429 0.023810
6 0.037500 0.314762 0.047857 0.025714
6 0.231429 0.377143 0.022857 0.049524
6 0.250357 0.372381 0.022143 0.051429
4 0.265000 0.348571 0.017143 0.038095
4 0.277143 0.337619 0.014286 0.029524
6 0.333929 0.224286 0.017857 0.056190
4 0.303929 0.520476 0.013571 0.037143
4 0.207500 0.783333 0.017857 0.037143
4 0.137857 0.796190 0.028571 0.017143
4 0.139643 0.775714 0.030714 0.018095
4 0.080714 0.787143 0.030000 0.029524
4 0.308929 0.755238 0.027857 0.019048
4 0.678929 0.417143 0.015000 0.036190
4 0.693214 0.395238 0.015000 0.034286
4 0.708214 0.400952 0.013571 0.036190
4 0.723929 0.405238 0.015000 0.033333
4 0.985714 0.380476 0.020000 0.037143
4 0.570357 0.978095 0.017857 0.041905
4 0.601071 0.980476 0.016429 0.037143
4 0.367500 0.965714 0.029286 0.022857
4 0.185357 0.965238 0.035000 0.018095
4 0.066786 0.992381 0.033571 0.015238
4 0.056429 0.955238 0.031429 0.020952
10 0.463929 0.990476 0.013571 0.011429
