6 0.180714 0.940355 0.072857 0.116751
6 0.444643 0.689086 0.052143 0.147208
6 0.584286 0.622462 0.040000 0.090102
6 0.713571 0.296954 0.031429 0.045685
6 0.568214 0.118020 0.016429 0.030457
4 0.207857 0.812183 0.035714 0.076142
4 0.266429 0.898477 0.040000 0.091371
5 0.377857 0.968909 0.040000 0.059645
4 0.247857 0.543147 0.022857 0.050761
4 0.282500 0.587563 0.023571 0.050761
4 0.346429 0.500000 0.021429 0.050761
4 0.331429 0.346447 0.018571 0.032995
4 0.385357 0.300761 0.016429 0.025381
4 0.358214 0.288706 0.013571 0.024112
4 0.398571 0.226523 0.014286 0.021574
4 0.412143 0.241751 0.014286 0.026650
4 0.428571 0.194797 0.011429 0.013959
4 0.463929 0.183376 0.010714 0.019036
4 0.505000 0.182107 0.010000 0.016497
4 0.522500 0.143401 0.009286 0.012690
4 0.485000 0.145305 0.011429 0.016497
4 0.505000 0.141497 0.012857 0.013959
4 0.544643 0.121193 0.010714 0.013959
4 0.589643 0.111675 0.009286 0.010152
4 0.582857 0.108503 0.007143 0.011421
4 0.599643 0.100888 0.007857 0.008883
4 0.608929 0.095812 0.007857 0.008883
9 0.623929 0.087563 0.012143 0.017766
9 0.473929 0.201142 0.022143 0.046954
9 0.432500 0.233503 0.022143 0.055838
9 0.293571 0.354695 0.034286 0.095178
6 0.339643 0.272208 0.022143 0.039340
6 0.479286 0.180838 0.014286 0.031726
6 0.406786 0.300127 0.023571 0.046954
5 0.384643 0.416244 0.019286 0.045685
4 0.705714 0.425761 0.021429 0.026650
4 0.688929 0.392766 0.023571 0.024112
4 0.655000 0.402919 0.021429 0.026650
4 0.630357 0.426396 0.023571 0.022843
9 0.664643 0.460660 0.029286 0.050761
5 0.658929 0.195431 0.007857 0.015228
4 0.735000 0.148477 0.008571 0.010152
0 0.933571 0.211294 0.065714 0.052030
0 0.684286 0.052665 0.055714 0.036802
