6 0.051786 0.943528 0.040714 0.102792
5 0.110714 0.895305 0.022857 0.062183
5 0.177857 0.892132 0.021429 0.065990
4 0.373929 0.746193 0.019286 0.060914
9 0.474286 0.890863 0.048571 0.154822
9 0.606786 0.322970 0.089286 0.092640
5 0.107143 0.041244 0.024286 0.046954
4 0.230357 0.277919 0.027857 0.053299
4 0.207857 0.310279 0.022857 0.057107
4 0.171786 0.421954 0.022143 0.059645
4 0.131071 0.524746 0.022143 0.057107
5 0.166071 0.534898 0.022143 0.057107
4 0.202857 0.560914 0.021429 0.055838
6 0.255000 0.515863 0.031429 0.087563
4 0.234286 0.409898 0.024286 0.055838
4 0.267500 0.407995 0.022143 0.057107
4 0.330714 0.559010 0.037143 0.041878
4 0.460714 0.429569 0.035714 0.036802
4 0.481429 0.454949 0.034286 0.039340
4 0.807143 0.194797 0.035714 0.039340
5 0.971786 0.421320 0.033571 0.040609
2 0.897143 0.449239 0.004286 0.010152
1 0.723214 0.196066 0.007857 0.008883
1 0.725000 0.186548 0.007143 0.010152
1 0.732857 0.189086 0.007143 0.007614
1 0.721071 0.168147 0.005000 0.011421
1 0.723929 0.174492 0.005000 0.008883
0 0.711429 0.151650 0.007143 0.006345
9 0.635714 0.028553 0.027143 0.057107
9 0.656071 0.045685 0.040714 0.091371
9 0.678214 0.050127 0.042143 0.097716
9 0.701786 0.045685 0.040714 0.091371
9 0.718214 0.059010 0.033571 0.085025
9 0.743929 0.054569 0.046429 0.109137
9 0.766786 0.052665 0.043571 0.105330
9 0.792143 0.047589 0.042857 0.095178
9 0.818214 0.043147 0.040714 0.086294
9 0.840357 0.047589 0.043571 0.095178
9 0.861071 0.053934 0.046429 0.105330
0 0.788929 0.108503 0.006429 0.011421
