4 0.047500 0.162857 0.093571 0.076190
4 0.069643 0.063810 0.075000 0.059048
5 0.131429 0.221429 0.100000 0.166667
5 0.230357 0.228571 0.085000 0.148571
5 0.308571 0.250000 0.060000 0.111429
10 0.248214 0.101429 0.027857 0.054286
1 0.336786 0.502381 0.037857 0.084762
1 0.215000 0.580952 0.035714 0.068571
1 0.152500 0.785238 0.032143 0.103810
5 0.360714 0.695238 0.107143 0.245714
1 0.560357 0.654286 0.036429 0.080000
1 0.603214 0.696190 0.030714 0.083810
1 0.632857 0.628571 0.025714 0.085714
1 0.717143 0.679524 0.032857 0.088571
1 0.670357 0.672857 0.029286 0.082857
1 0.513929 0.468095 0.026429 0.090476
1 0.548571 0.449048 0.020000 0.082857
1 0.633571 0.273333 0.015714 0.068571
1 0.464643 0.321429 0.016429 0.079048
5 0.503571 0.255714 0.097143 0.145714
1 0.564643 0.161429 0.019286 0.058095
10 0.369286 0.100000 0.014286 0.049524
10 0.383571 0.099524 0.012857 0.042857
10 0.402857 0.100000 0.012857 0.040000
10 0.440000 0.096667 0.014286 0.042857
10 0.455714 0.108571 0.014286 0.043810
3 0.474643 0.102381 0.012143 0.039048
3 0.464643 0.087619 0.010714 0.028571
10 0.543571 0.030476 0.017143 0.030476
1 0.541071 0.017143 0.009286 0.026667
4 0.095000 0.736667 0.172857 0.301905
4 0.227143 0.723810 0.120000 0.253333
9 0.943929 0.190476 0.112143 0.220952
1 0.951429 0.598095 0.058571 0.085714
9 0.659286 0.044762 0.094286 0.089524
