4 0.079500 0.805000 0.156000 0.095333
4 0.392250 0.873667 0.065500 0.191333
4 0.608000 0.885000 0.088000 0.168667
4 0.561500 0.728667 0.067000 0.124000
5 0.393750 0.709000 0.051500 0.123333
4 0.535500 0.616667 0.051000 0.088000
4 0.521250 0.553000 0.038500 0.050000
5 0.392250 0.621667 0.037500 0.063333
4 0.402250 0.548667 0.037500 0.074667
4 0.403500 0.500667 0.032000 0.046667
4 0.401750 0.460667 0.026500 0.033333
4 0.498250 0.468333 0.029500 0.040667
1 0.513000 0.433000 0.006000 0.026000
4 0.479750 0.409667 0.020500 0.031333
4 0.374500 0.403333 0.050000 0.032000
4 0.395250 0.377000 0.039500 0.024667
1 0.446250 0.363000 0.006500 0.019333
5 0.249000 0.480333 0.062000 0.046000
4 0.254500 0.466667 0.059000 0.037333
4 0.501250 0.341333 0.034500 0.017333
4 0.643750 0.341667 0.036500 0.016667
5 0.576250 0.324333 0.030500 0.019333
10 0.508250 0.365667 0.013500 0.015333
2 0.505250 0.362000 0.004500 0.014667
2 0.509000 0.362333 0.005000 0.014000
4 0.585000 0.302000 0.024000 0.013333
4 0.570750 0.297667 0.020500 0.012667
4 0.553500 0.288667 0.018000 0.012000
6 0.614250 0.307333 0.037500 0.024000
6 0.607500 0.290667 0.029000 0.024000
4 0.649500 0.269000 0.016000 0.010000
