9 0.430000 0.926396 0.044286 0.144670
4 0.378929 0.822335 0.036429 0.111675
4 0.332857 0.966371 0.045714 0.064721
4 0.514643 0.686548 0.033571 0.121827
6 0.568571 0.693528 0.051429 0.239848
5 0.341429 0.499365 0.032857 0.095178
6 0.388571 0.481599 0.045714 0.191624
5 0.531429 0.217005 0.025714 0.083756
5 0.563929 0.133249 0.023571 0.076142
6 0.402143 0.085025 0.035714 0.116751
6 0.369286 0.055838 0.027143 0.093909
5 0.877500 0.497462 0.040714 0.083756
5 0.829286 0.283629 0.035714 0.069797
5 0.790000 0.270305 0.031429 0.071066
5 0.766429 0.289975 0.024286 0.059645
4 0.710357 0.165609 0.023571 0.054569
4 0.781786 0.105964 0.023571 0.044416
5 0.722857 0.056472 0.022857 0.049492
4 0.683571 0.049492 0.032857 0.043147
