4 0.319643 0.621905 0.107857 0.222857
4 0.098929 0.829048 0.129286 0.311429
4 0.111071 0.569048 0.093571 0.178095
4 0.110357 0.408571 0.079286 0.142857
4 0.109286 0.295714 0.060000 0.098095
4 0.248929 0.292857 0.062143 0.092381
4 0.326071 0.447619 0.127857 0.118095
4 0.742143 0.410000 0.148571 0.101905
5 0.778929 0.711905 0.170714 0.212381
1 0.472857 0.385238 0.020000 0.075238
1 0.432143 0.337143 0.022857 0.066667
4 0.507500 0.357619 0.095000 0.122857
4 0.463214 0.270952 0.075000 0.079048
4 0.412500 0.207619 0.066429 0.060952
4 0.316786 0.272381 0.065000 0.083810
4 0.287500 0.196190 0.049286 0.064762
4 0.231429 0.200476 0.050000 0.073333
5 0.107500 0.140000 0.043571 0.078095
4 0.382143 0.157143 0.050000 0.055238
4 0.350357 0.119048 0.046429 0.053333
4 0.267500 0.142857 0.049286 0.055238
4 0.219643 0.149524 0.040714 0.047619
4 0.207143 0.108095 0.038571 0.046667
4 0.201429 0.081905 0.041429 0.043810
4 0.324286 0.068571 0.044286 0.049524
4 0.295357 0.037619 0.039286 0.037143
4 0.206429 0.023810 0.034286 0.038095
4 0.177500 0.037143 0.039286 0.041905
4 0.158929 0.015714 0.036429 0.031429
4 0.092143 0.035714 0.034286 0.039048
4 0.962857 0.350476 0.074286 0.089524
4 0.938214 0.606190 0.123571 0.170476
4 0.917857 0.922857 0.164286 0.152381
