1 0.238214 0.714762 0.076429 0.155238
1 0.263929 0.708095 0.049286 0.130476
1 0.372500 0.580000 0.035000 0.108571
1 0.401786 0.607143 0.022143 0.107619
1 0.411786 0.573333 0.027857 0.120000
1 0.570000 0.668571 0.038571 0.121905
1 0.950714 0.812857 0.084286 0.130476
1 0.487857 0.394762 0.015714 0.082857
1 0.605357 0.428095 0.020714 0.084762
1 0.633571 0.436667 0.018571 0.082857
10 0.472857 0.335238 0.020000 0.057143
10 0.501071 0.275238 0.026429 0.036190
8 0.529286 0.237619 0.055714 0.079048
1 0.547500 0.250952 0.012143 0.050476
1 0.556786 0.246667 0.010714 0.055238
6 0.586429 0.080476 0.030000 0.021905
6 0.612500 0.081905 0.029286 0.026667
6 0.672143 0.079524 0.052857 0.025714
3 0.758214 0.447143 0.039286 0.100000
1 0.922500 0.333333 0.025000 0.057143
1 0.937857 0.330476 0.024286 0.059048
1 0.971429 0.287143 0.020000 0.048571
1 0.986429 0.261905 0.014286 0.043810
1 0.971786 0.251905 0.015000 0.042857
1 0.918214 0.251905 0.016429 0.040952
1 0.934643 0.233810 0.017857 0.042857
1 0.957500 0.234286 0.012143 0.038095
1 0.944286 0.174286 0.010000 0.028571
1 0.956786 0.173333 0.009286 0.026667
4 0.982500 0.145238 0.030714 0.018095
10 0.858214 0.194286 0.019286 0.019048
10 0.843929 0.210476 0.023571 0.020952
10 0.819286 0.237143 0.025714 0.020952
0 0.798929 0.265714 0.026429 0.028571
0 0.780714 0.262857 0.025714 0.030476
3 0.694286 0.262857 0.035714 0.034286
1 0.916071 0.172381 0.010714 0.026667
0 0.761429 0.157619 0.014286 0.018095
1 0.994643 0.190000 0.009286 0.021905
1 0.491786 0.107619 0.003571 0.017143
2 0.757500 0.441429 0.039286 0.084762
