4 0.625000 0.696190 0.094286 0.121905
4 0.755714 0.597143 0.065714 0.114286
4 0.505000 0.608095 0.092857 0.096190
4 0.427857 0.688095 0.111429 0.130476
4 0.315714 0.570952 0.097143 0.096190
4 0.196429 0.580952 0.101429 0.100952
4 0.148929 0.739048 0.155000 0.150476
4 0.895714 0.508571 0.100000 0.093333
4 0.917857 0.650952 0.112857 0.124762
4 0.732857 0.346190 0.082857 0.054286
4 0.306429 0.131905 0.044286 0.035238
4 0.230714 0.080952 0.038571 0.030476
4 0.445714 0.567619 0.095714 0.093333
4 0.441786 0.390000 0.080714 0.065714
4 0.412500 0.522381 0.093571 0.086667
4 0.368929 0.493810 0.079286 0.069524
4 0.328214 0.467143 0.089286 0.077143
4 0.289643 0.431905 0.083571 0.063810
4 0.248214 0.405238 0.097857 0.069524
4 0.288214 0.284286 0.053571 0.058095
5 0.215000 0.381905 0.070000 0.059048
4 0.188929 0.359048 0.075000 0.051429
4 0.167500 0.340476 0.077857 0.060000
4 0.142143 0.317619 0.082857 0.058095
4 0.122857 0.298095 0.087143 0.049524
5 0.067143 0.136190 0.057143 0.053333
4 0.170714 0.055238 0.031429 0.026667
4 0.644286 0.234286 0.055714 0.040000
4 0.513571 0.183333 0.051429 0.031429
4 0.572857 0.171429 0.048571 0.036190
4 0.773571 0.253810 0.057143 0.048571
4 0.734286 0.310952 0.070000 0.052381
4 0.723929 0.183333 0.035000 0.033333
4 0.700000 0.169524 0.031429 0.034286
4 0.878214 0.247143 0.036429 0.040952
4 0.201429 0.912381 0.188571 0.175238
4 0.293929 0.953333 0.129286 0.093333
4 0.610714 0.946190 0.130000 0.107619
4 0.823929 0.920952 0.087857 0.158095
10 0.030357 0.799524 0.060714 0.075238
3 0.164643 0.472857 0.032143 0.040952
5 0.065714 0.261429 0.070000 0.060000
4 0.035357 0.231429 0.059286 0.066667
4 0.020714 0.111429 0.035714 0.034286
4 0.026429 0.076667 0.035714 0.035238
4 0.205000 0.144286 0.034286 0.033333
4 0.216071 0.120476 0.033571 0.035238
4 0.207143 0.026667 0.028571 0.028571
4 0.360000 0.088571 0.034286 0.028571
4 0.429286 0.115238 0.040000 0.032381
6 0.371429 0.125238 0.058571 0.058095
4 0.910714 0.261429 0.031429 0.039048
4 0.973214 0.314762 0.036429 0.048571
5 0.950714 0.262857 0.038571 0.043810
4 0.989643 0.341905 0.019286 0.041905
1 0.894286 0.320000 0.014286 0.030476
1 0.903214 0.320476 0.009286 0.027619
4 0.671786 0.213333 0.045000 0.040000
6 0.588214 0.471905 0.112143 0.103810
1 0.612857 0.522857 0.012857 0.038095
1 0.647857 0.520000 0.014286 0.047619
1 0.690357 0.501905 0.016429 0.038095
4 0.521071 0.217143 0.059286 0.045714
4 0.597143 0.277143 0.058571 0.059048
7 0.226786 0.262857 0.027857 0.030476
1 0.169643 0.019524 0.006429 0.020000
1 0.303929 0.071905 0.007857 0.023810
1 0.291429 0.067619 0.007143 0.024762
1 0.278929 0.065238 0.007857 0.023810
1 0.285357 0.063810 0.006429 0.022857
1 0.275000 0.060952 0.007143 0.020952
1 0.302143 0.060952 0.007143 0.020952
1 0.282143 0.247619 0.011429 0.040000
1 0.222143 0.043333 0.007143 0.021905
4 0.270000 0.049524 0.031429 0.026667
3 0.259286 0.054286 0.010000 0.019048
4 0.319286 0.029048 0.041429 0.027619
4 0.302143 0.024286 0.034286 0.023810
4 0.288929 0.020476 0.035000 0.021905
4 0.275714 0.014762 0.037143 0.020000
1 0.324286 0.076190 0.007143 0.022857
1 0.346429 0.088571 0.008571 0.028571
3 0.834286 0.213810 0.020000 0.020000
3 0.815000 0.207143 0.018571 0.018095
10 0.860714 0.226667 0.020000 0.019048
4 0.968214 0.074762 0.033571 0.027619
