2 0.547250 0.848667 0.043500 0.070667
2 0.547500 0.809333 0.035000 0.060000
2 0.617500 0.646667 0.024000 0.076000
10 0.543750 0.911000 0.043500 0.104667
10 0.618000 0.674000 0.030000 0.057333
4 0.447250 0.652667 0.073500 0.150667
5 0.331000 0.682667 0.084000 0.154667
10 0.201750 0.579667 0.047500 0.055333
3 0.289250 0.415333 0.036500 0.037333
10 0.315000 0.362333 0.035000 0.038000
4 0.467000 0.418667 0.046000 0.070667
4 0.454500 0.362333 0.046000 0.052667
4 0.460250 0.309000 0.041500 0.048667
4 0.453250 0.235667 0.023500 0.032667
4 0.452750 0.201333 0.021500 0.045333
2 0.501500 0.326667 0.013000 0.037333
2 0.448250 0.270667 0.013500 0.033333
3 0.445250 0.280333 0.011500 0.018000
3 0.501000 0.338667 0.012000 0.032000
4 0.454500 0.162000 0.017000 0.020000
1 0.434250 0.152333 0.006500 0.019333
1 0.438500 0.130000 0.004000 0.014667
1 0.442000 0.131000 0.004000 0.015333
1 0.444750 0.128000 0.003500 0.014667
4 0.454000 0.129000 0.012000 0.014000
4 0.458500 0.139000 0.013000 0.014000
5 0.445750 0.142000 0.032500 0.012000
5 0.448250 0.151667 0.027500 0.018000
4 0.513500 0.130667 0.013000 0.014667
4 0.481250 0.088667 0.008500 0.009333
5 0.473500 0.076000 0.006000 0.008000
4 0.478500 0.075333 0.005000 0.006667
5 0.459000 0.069000 0.005000 0.008667
2 0.464750 0.068667 0.003500 0.008000
10 0.464750 0.071000 0.003500 0.003333
4 0.504250 0.065667 0.005500 0.006000
4 0.523000 0.083667 0.007000 0.011333
6 0.531250 0.088000 0.008500 0.017333
6 0.559250 0.104333 0.013500 0.016667
4 0.437500 0.096333 0.011000 0.030000
4 0.450250 0.066333 0.004500 0.007333
6 0.468750 0.062667 0.007500 0.010667
4 0.477000 0.068000 0.004000 0.004000
4 0.473500 0.063000 0.004000 0.008667
0 0.474250 0.052667 0.006500 0.009333
6 0.455750 0.060000 0.005500 0.008000
0 0.515750 0.066333 0.002500 0.008667
4 0.925750 0.301333 0.063500 0.040000
4 0.876000 0.272000 0.051000 0.033333
4 0.815250 0.267667 0.044500 0.036667
4 0.791750 0.240000 0.039500 0.028000
4 0.838250 0.247667 0.042500 0.026000
10 0.857500 0.236667 0.022000 0.025333
4 0.803500 0.227000 0.043000 0.028667
4 0.753250 0.204333 0.030500 0.024667
4 0.768000 0.214667 0.022000 0.025333
0 0.784750 0.199333 0.021500 0.021333
4 0.718750 0.183333 0.028500 0.024000
4 0.569750 0.097333 0.008500 0.012000
1 0.579500 0.100000 0.003000 0.012000
4 0.582750 0.127333 0.008500 0.018667
4 0.604500 0.116000 0.021000 0.013333
4 0.633500 0.135333 0.028000 0.021333
4 0.655000 0.142667 0.020000 0.014667
4 0.675000 0.148333 0.038000 0.022000
