1 0.291071 0.384762 0.015000 0.045714
1 0.282857 0.393333 0.010000 0.036190
1 0.491429 0.656667 0.017143 0.044762
1 0.507500 0.678095 0.013571 0.038095
1 0.501786 0.384286 0.017857 0.040952
1 0.671429 0.316667 0.014286 0.039048
1 0.719286 0.267143 0.011429 0.029524
1 0.765714 0.541429 0.020000 0.046667
1 0.813571 0.499048 0.017143 0.047619
1 0.859643 0.494762 0.020714 0.042857
1 0.873929 0.514762 0.019286 0.042857
1 0.653571 0.667143 0.015714 0.042857
1 0.665000 0.692381 0.018571 0.041905
1 0.385000 0.231905 0.007143 0.039048
1 0.376786 0.224762 0.010714 0.032381
