4 0.115714 0.486190 0.094286 0.058095
4 0.206786 0.511429 0.105000 0.060952
4 0.333214 0.524762 0.120714 0.062857
4 0.575357 0.482381 0.087857 0.071429
4 0.687143 0.452857 0.082857 0.054286
1 0.800714 0.404286 0.010000 0.039048
1 0.811786 0.402857 0.006429 0.030476
1 0.818571 0.400952 0.007143 0.028571
4 0.865714 0.390952 0.060000 0.037143
4 0.901429 0.404286 0.054286 0.033333
4 0.692143 0.633810 0.125714 0.101905
6 0.812500 0.713810 0.285000 0.279048
4 0.238571 0.879524 0.227143 0.181905
4 0.347143 0.731905 0.174286 0.115238
