4 0.478571 0.335660 0.024286 0.110406
4 0.480000 0.493020 0.024286 0.112944
4 0.431786 0.482868 0.026429 0.107868
4 0.521071 0.518401 0.025000 0.115482
4 0.415714 0.803934 0.031429 0.100254
4 0.562857 0.343909 0.025714 0.098985
4 0.520714 0.340736 0.028571 0.112944
4 0.435000 0.335660 0.025714 0.097716
5 0.467857 0.818528 0.030000 0.124365
5 0.410000 0.958756 0.030000 0.077411
4 0.661786 0.954949 0.029286 0.087563
5 0.624643 0.822335 0.030714 0.124365
1 0.138929 0.890228 0.015000 0.019036
1 0.159286 0.880076 0.014286 0.019036
1 0.219643 0.778553 0.010714 0.013959
1 0.210000 0.656091 0.012857 0.017766
1 0.183571 0.671320 0.014286 0.012690
1 0.135357 0.800761 0.012143 0.022843
1 0.106429 0.786802 0.012857 0.012690
1 0.092857 0.874365 0.014286 0.012690
1 0.065000 0.916878 0.015714 0.016497
1 0.066071 0.946701 0.017857 0.015228
1 0.091071 0.693528 0.012143 0.011421
1 0.113929 0.672589 0.016429 0.012690
1 0.301071 0.460660 0.012143 0.012690
1 0.299286 0.574239 0.011429 0.013959
1 0.288571 0.750000 0.010000 0.022843
1 0.342500 0.487310 0.010714 0.017766
1 0.370357 0.649112 0.009286 0.021574
5 0.426429 0.645305 0.028571 0.120558
1 0.757143 0.828046 0.012857 0.031726
1 0.846071 0.167513 0.009286 0.025381
1 0.854286 0.159264 0.011429 0.024112
1 0.860000 0.156091 0.008571 0.020305
1 0.886071 0.190355 0.012143 0.017766
1 0.876071 0.182741 0.013571 0.022843
1 0.359643 0.269670 0.010714 0.024112
1 0.352143 0.268401 0.010000 0.019036
