1 0.417000 0.661333 0.026000 0.096000
1 0.458750 0.618667 0.025500 0.085333
1 0.437500 0.591000 0.016000 0.078000
1 0.354750 0.751333 0.020500 0.117333
1 0.369750 0.733333 0.025500 0.110667
1 0.356750 0.705000 0.029500 0.104667
4 0.250500 0.612333 0.185000 0.090000
1 0.245500 0.659000 0.029000 0.042000
1 0.225500 0.651667 0.035000 0.051333
1 0.174500 0.661667 0.018000 0.036667
2 0.377250 0.592667 0.028500 0.072000
10 0.374750 0.610000 0.023500 0.050667
5 0.196750 0.452333 0.084500 0.019333
1 0.258750 0.441333 0.007500 0.036000
1 0.266000 0.441000 0.011000 0.034000
5 0.243250 0.433667 0.061500 0.039333
5 0.244500 0.406667 0.033000 0.021333
1 0.110000 0.421667 0.008000 0.020667
5 0.141250 0.413667 0.064500 0.028667
1 0.150000 0.414000 0.008000 0.012000
1 0.311500 0.417667 0.009000 0.022000
2 0.320250 0.413667 0.008500 0.012667
1 0.279250 0.408667 0.013500 0.022667
1 0.212750 0.402000 0.006500 0.014667
1 0.236750 0.393667 0.006500 0.008667
1 0.242250 0.392333 0.004500 0.007333
6 0.257250 0.362000 0.075500 0.025333
4 0.211000 0.395000 0.034000 0.022000
4 0.194750 0.397333 0.029500 0.020000
4 0.191500 0.402000 0.026000 0.017333
4 0.229500 0.392000 0.027000 0.018667
6 0.229750 0.383667 0.045500 0.026000
5 0.250750 0.379333 0.041500 0.024000
5 0.356250 0.388333 0.038500 0.023333
4 0.302250 0.391333 0.026500 0.024000
4 0.277000 0.393667 0.021000 0.019333
5 0.361500 0.421000 0.045000 0.024667
5 0.428500 0.426667 0.025000 0.034667
10 0.446250 0.438667 0.027500 0.026667
1 0.445750 0.435000 0.006500 0.027333
1 0.433500 0.453333 0.010000 0.038667
1 0.425000 0.460000 0.005000 0.028000
1 0.419750 0.454000 0.006500 0.037333
1 0.413250 0.456333 0.007500 0.036667
1 0.368250 0.562000 0.017500 0.069333
1 0.389250 0.508000 0.011500 0.048000
1 0.433500 0.542333 0.017000 0.055333
1 0.448750 0.519333 0.014500 0.057333
10 0.406500 0.518667 0.024000 0.042667
2 0.404500 0.512000 0.016000 0.052000
3 0.441000 0.554000 0.035000 0.044000
10 0.459750 0.526000 0.017500 0.048000
2 0.468000 0.498667 0.011000 0.022667
10 0.528500 0.613667 0.034000 0.060667
3 0.558250 0.578667 0.053500 0.048000
2 0.555750 0.564333 0.023500 0.062000
1 0.651000 0.525333 0.018000 0.053333
1 0.662000 0.533333 0.011000 0.045333
1 0.681500 0.528333 0.018000 0.056667
1 0.713000 0.562667 0.020000 0.064000
10 0.745000 0.601333 0.040000 0.060000
2 0.748250 0.592667 0.028500 0.072000
3 0.779750 0.551667 0.016500 0.052667
2 0.813250 0.528667 0.019500 0.048000
3 0.810750 0.548000 0.015500 0.034667
2 0.665500 0.661333 0.030000 0.052000
2 0.719500 0.730000 0.026000 0.093333
10 0.837750 0.543000 0.025500 0.047333
10 0.713750 0.758333 0.091500 0.070000
3 0.665000 0.676000 0.048000 0.052000
1 0.862250 0.553000 0.017500 0.068667
4 0.928000 0.581000 0.144000 0.106000
1 0.896500 0.642667 0.025000 0.061333
1 0.917750 0.637000 0.027500 0.078000
2 0.236250 0.449333 0.009500 0.022667
4 0.166500 0.366667 0.030000 0.012000
4 0.185750 0.377333 0.029500 0.014667
4 0.267750 0.375000 0.035500 0.015333
4 0.315500 0.386000 0.017000 0.020000
4 0.331750 0.381000 0.014500 0.018000
