4 0.487500 0.527284 0.013571 0.031726
4 0.522857 0.465102 0.012857 0.034264
4 0.463929 0.813452 0.017857 0.053299
4 0.490714 0.746827 0.015714 0.049492
4 0.241786 0.746193 0.039286 0.025381
4 0.197500 0.743020 0.037857 0.026650
4 0.054286 0.744289 0.038571 0.031726
4 0.154643 0.739213 0.042143 0.036802
5 0.101071 0.741117 0.046429 0.038071
4 0.513214 0.288071 0.009286 0.022843
4 0.478929 0.206853 0.007857 0.015228
4 0.490714 0.220812 0.005714 0.012690
4 0.490000 0.144036 0.005714 0.013959
4 0.505714 0.133883 0.005714 0.013959
4 0.468214 0.084391 0.005000 0.011421
4 0.465357 0.121827 0.007857 0.012690
4 0.458214 0.152284 0.006429 0.012690
4 0.527143 0.098985 0.007143 0.012690
4 0.525000 0.061548 0.004286 0.011421
4 0.490714 0.033629 0.004286 0.008883
4 0.518929 0.015863 0.003571 0.008883
4 0.467500 0.043782 0.005000 0.008883
4 0.463214 0.031091 0.003571 0.008883
4 0.466071 0.013325 0.003571 0.008883
5 0.470357 0.060279 0.005000 0.011421
5 0.526786 0.134518 0.006429 0.020305
5 0.476429 0.293147 0.010000 0.020305
5 0.462857 0.262690 0.007143 0.017766
5 0.503571 0.043782 0.005714 0.016497
5 0.509286 0.033629 0.004286 0.013959
9 0.471429 0.016497 0.005714 0.020305
5 0.507857 0.225254 0.008571 0.019036
4 0.507143 0.192893 0.007143 0.017766
5 0.534643 0.230330 0.007857 0.021574
4 0.533214 0.165609 0.006429 0.013959
9 0.473214 0.401015 0.016429 0.071066
0 0.158214 0.430838 0.046429 0.021574
0 0.203214 0.421954 0.039286 0.029188
1 0.194643 0.457487 0.005000 0.013959
1 0.192143 0.464467 0.005714 0.017766
1 0.215000 0.442259 0.004286 0.016497
1 0.230357 0.432107 0.003571 0.019036
1 0.262857 0.436548 0.005714 0.015228
1 0.167500 0.446701 0.005000 0.015228
1 0.143214 0.447335 0.006429 0.013959
1 0.127500 0.446701 0.005000 0.015228
1 0.114643 0.441624 0.005000 0.012690
1 0.104286 0.443528 0.004286 0.013959
1 0.099643 0.429569 0.005000 0.019036
1 0.096429 0.437183 0.002857 0.013959
1 0.065714 0.443528 0.004286 0.013959
5 0.012143 0.744289 0.024286 0.026650
