4 0.435000 0.848571 0.160000 0.116190
0 0.716071 0.407143 0.026429 0.073333
1 0.570000 0.554286 0.017143 0.045714
1 0.401071 0.492381 0.017857 0.041905
1 0.348571 0.239048 0.017143 0.049524
1 0.530714 0.075714 0.017143 0.048571
1 0.545000 0.088571 0.017143 0.043810
1 0.320714 0.314762 0.017143 0.025714
1 0.311786 0.304762 0.016429 0.040000
1 0.277500 0.379048 0.016429 0.041905
1 0.268214 0.590952 0.020714 0.025714
1 0.187857 0.710952 0.027143 0.033333
1 0.287143 0.572381 0.018571 0.020952
1 0.299286 0.400476 0.011429 0.031429
1 0.296071 0.145238 0.010714 0.027619
10 0.307500 0.182381 0.017857 0.044762
10 0.301786 0.198095 0.015000 0.045714
5 0.439643 0.967619 0.160714 0.064762
5 0.451071 0.366190 0.097857 0.069524
4 0.445357 0.306667 0.113571 0.057143
4 0.448929 0.251429 0.102143 0.051429
4 0.451429 0.196667 0.101429 0.050476
4 0.448214 0.149048 0.093571 0.056190
4 0.444643 0.103810 0.092143 0.059048
4 0.448571 0.066190 0.098571 0.050476
4 0.448214 0.025238 0.090714 0.048571
2 0.662143 0.307619 0.015714 0.026667
0 0.660714 0.329524 0.015714 0.043810
4 0.958929 0.042857 0.062143 0.081905
4 0.976786 0.373333 0.046429 0.116190
