2 0.675000 0.583333 0.012857 0.031429
2 0.655714 0.524286 0.010000 0.035238
2 0.616071 0.522857 0.012143 0.030476
1 0.595714 0.622381 0.014286 0.046667
1 0.581071 0.639524 0.016429 0.046667
1 0.616786 0.397619 0.009286 0.029524
1 0.602500 0.399524 0.007857 0.029524
1 0.642500 0.260476 0.006429 0.023810
1 0.637857 0.267619 0.004286 0.013333
1 0.520714 0.185238 0.005714 0.016190
1 0.482143 0.322381 0.007143 0.025714
1 0.475714 0.318095 0.007143 0.026667
4 0.545714 0.300476 0.021429 0.031429
4 0.429643 0.527143 0.035000 0.069524
3 0.673214 0.591429 0.010714 0.040000
3 0.655000 0.533810 0.011429 0.037143
3 0.614643 0.531429 0.012143 0.034286
4 0.488571 0.226667 0.031429 0.026667
4 0.458571 0.331429 0.022857 0.036190
4 0.629643 0.366667 0.030714 0.040000
4 0.616429 0.326667 0.025714 0.036190
4 0.728571 0.221429 0.034286 0.023810
4 0.706071 0.213333 0.037857 0.019048
4 0.692143 0.180952 0.017143 0.019048
4 0.640000 0.180000 0.015714 0.020952
4 0.623214 0.180476 0.015000 0.020000
4 0.605000 0.178571 0.015714 0.021905
4 0.574286 0.179048 0.012857 0.019048
4 0.510000 0.148571 0.012857 0.015238
4 0.586429 0.085714 0.018571 0.011429
4 0.620357 0.146190 0.027857 0.014286
4 0.613571 0.132381 0.025714 0.015238
4 0.602143 0.124762 0.024286 0.013333
4 0.558214 0.180000 0.015000 0.019048
5 0.535714 0.177143 0.012857 0.024762
4 0.555000 0.165238 0.028571 0.018095
4 0.556071 0.151429 0.027857 0.015238
4 0.513571 0.116667 0.010000 0.014286
4 0.512857 0.107143 0.010000 0.012381
4 0.485357 0.095714 0.009286 0.012381
4 0.629643 0.166190 0.027857 0.018095
4 0.543571 0.114286 0.022857 0.011429
4 0.552143 0.144286 0.025714 0.014286
4 0.548929 0.135714 0.026429 0.014286
4 0.545357 0.129524 0.023571 0.011429
5 0.596786 0.111905 0.020714 0.012381
5 0.592143 0.108095 0.021429 0.014286
0 0.542143 0.092857 0.025714 0.033333
2 0.512500 0.190000 0.005000 0.018095
2 0.576429 0.223333 0.007143 0.012381
1 0.458214 0.187619 0.003571 0.017143
1 0.487857 0.111429 0.002857 0.011429
1 0.496429 0.085714 0.002857 0.009524
1 0.485000 0.110476 0.002857 0.009524
1 0.571786 0.091429 0.003571 0.011429
2 0.631786 0.276667 0.006429 0.018095
10 0.631071 0.281905 0.009286 0.019048
10 0.575000 0.230476 0.007143 0.013333
1 0.601786 0.381429 0.010714 0.027619
1 0.614286 0.382381 0.008571 0.031429
1 0.769643 0.510952 0.012143 0.039048
4 0.771786 0.840476 0.087857 0.151429
2 0.478214 0.176190 0.005000 0.011429
1 0.477143 0.174762 0.004286 0.014286
