0 0.492500 0.461333 0.037000 0.024000
4 0.474250 0.484667 0.004500 0.006667
4 0.471500 0.494000 0.005000 0.009333
6 0.488250 0.486667 0.007500 0.014667
6 0.495250 0.490000 0.009500 0.014667
4 0.487500 0.499333 0.009000 0.014667
6 0.496000 0.505667 0.011000 0.020667
6 0.483000 0.511667 0.006000 0.010000
4 0.484500 0.520333 0.008000 0.008667
5 0.497000 0.521000 0.008000 0.012667
4 0.485250 0.532000 0.010500 0.010667
5 0.496000 0.547333 0.011000 0.014667
4 0.480250 0.553000 0.011500 0.011333
4 0.477750 0.574667 0.014500 0.016000
6 0.499500 0.639000 0.034000 0.094000
6 0.371000 0.748000 0.046000 0.062667
5 0.872750 0.784667 0.092500 0.054667
4 0.934750 0.724667 0.054500 0.040000
4 0.812250 0.734333 0.064500 0.038000
4 0.807500 0.717667 0.058000 0.031333
4 0.759750 0.616000 0.036500 0.020000
4 0.753750 0.596000 0.033500 0.020000
4 0.750750 0.574000 0.029500 0.014667
1 0.735750 0.577333 0.004500 0.014667
4 0.612250 0.515333 0.014500 0.008000
4 0.592750 0.504333 0.008500 0.008667
1 0.593250 0.506000 0.002500 0.008000
4 0.588000 0.497667 0.009000 0.007333
4 0.641000 0.522333 0.015000 0.010000
0 0.584750 0.477333 0.047500 0.026667
