6 0.459286 0.910952 0.051429 0.117143
6 0.491786 0.795238 0.040714 0.110476
4 0.512857 0.720000 0.030000 0.062857
4 0.534286 0.610952 0.024286 0.056190
4 0.621786 0.659524 0.025000 0.058095
10 0.521786 0.674762 0.019286 0.018095
10 0.523929 0.658571 0.026429 0.012381
10 0.527500 0.640952 0.020714 0.020952
5 0.471429 0.469048 0.024286 0.020000
10 0.610000 0.522381 0.014286 0.014286
2 0.638571 0.685238 0.005714 0.008571
2 0.611429 0.520000 0.005714 0.013333
1 0.557143 0.475238 0.005714 0.013333
1 0.650714 0.520952 0.004286 0.013333
