4 0.650250 0.710333 0.079500 0.134000
4 0.576750 0.531333 0.061500 0.086667
4 0.479500 0.403667 0.037000 0.064667
4 0.464500 0.263333 0.040000 0.050667
4 0.421500 0.171000 0.033000 0.039333
4 0.399750 0.127667 0.031500 0.036667
4 0.386250 0.089667 0.025500 0.031333
4 0.380250 0.064000 0.023500 0.025333
1 0.621750 0.631333 0.018500 0.048000
1 0.604250 0.632667 0.018500 0.048000
2 0.624250 0.625000 0.008500 0.027333
10 0.556750 0.474333 0.037500 0.034000
10 0.558500 0.465333 0.029000 0.028000
10 0.536000 0.427667 0.030000 0.031333
10 0.525750 0.403333 0.031500 0.026667
10 0.525750 0.383333 0.028500 0.025333
10 0.512000 0.362333 0.030000 0.026000
2 0.538250 0.421000 0.014500 0.028667
2 0.449500 0.398333 0.012000 0.030000
10 0.448750 0.403667 0.019500 0.034000
1 0.566000 0.380000 0.011000 0.037333
2 0.363500 0.145667 0.011000 0.022000
2 0.362250 0.141000 0.013500 0.022000
10 0.362250 0.147667 0.014500 0.023333
1 0.417250 0.025667 0.009500 0.022000
1 0.173250 0.047333 0.021500 0.033333
5 0.063250 0.088667 0.030500 0.046667
5 0.069500 0.047000 0.027000 0.047333
5 0.080750 0.024667 0.021500 0.037333
4 0.089250 0.012333 0.022500 0.023333
4 0.022750 0.214000 0.037500 0.048000
5 0.012750 0.265000 0.025500 0.074000
2 0.099250 0.100667 0.011500 0.018667
10 0.101250 0.111333 0.014500 0.022667
2 0.064250 0.218667 0.011500 0.018667
10 0.068250 0.227000 0.014500 0.026000
2 0.051000 0.221000 0.010000 0.019333
10 0.054500 0.234000 0.010000 0.024000
5 0.502500 0.323000 0.047000 0.072667
