5 0.390000 0.447619 0.077143 0.047619
5 0.576429 0.467619 0.031429 0.089524
4 0.662857 0.254762 0.030000 0.056190
4 0.723929 0.403810 0.037857 0.068571
4 0.822857 0.446667 0.064286 0.080000
4 0.864286 0.535714 0.045714 0.080952
4 0.824643 0.394762 0.035000 0.050476
4 0.806786 0.219524 0.049286 0.037143
4 0.638571 0.036190 0.021429 0.032381
6 0.718929 0.032381 0.043571 0.064762
5 0.771786 0.167143 0.027857 0.044762
4 0.945357 0.353810 0.037857 0.063810
4 0.936071 0.251429 0.037857 0.028571
4 0.604643 0.008571 0.017857 0.017143
4 0.555714 0.288571 0.025714 0.059048
4 0.154643 0.391905 0.045000 0.069524
4 0.176786 0.328095 0.037857 0.061905
4 0.245000 0.123333 0.025714 0.035238
4 0.150357 0.255238 0.036429 0.049524
1 0.240000 0.066190 0.007143 0.020000
1 0.205357 0.206190 0.009286 0.025714
5 0.091786 0.390952 0.056429 0.084762
1 0.072500 0.366667 0.013571 0.019048
1 0.372500 0.056667 0.006429 0.016190
1 0.455357 0.300000 0.007857 0.026667
1 0.010357 0.625714 0.020714 0.040000
4 0.032143 0.783333 0.064286 0.122857
5 0.938571 0.552857 0.068571 0.035238
2 0.781786 0.422381 0.010714 0.018095
10 0.777857 0.428095 0.008571 0.025714
10 0.685714 0.030000 0.008571 0.018095
2 0.687143 0.024762 0.007143 0.019048
1 0.771429 0.103810 0.007143 0.024762
