4 0.617857 0.610476 0.051429 0.066667
4 0.611786 0.380476 0.023571 0.033333
4 0.587143 0.412381 0.030000 0.034286
4 0.630000 0.362857 0.021429 0.028571
4 0.553571 0.469524 0.037143 0.049524
4 0.644643 0.345238 0.019286 0.029524
4 0.654286 0.326190 0.017143 0.025714
4 0.663571 0.312857 0.020000 0.023810
4 0.670714 0.301429 0.017143 0.023810
4 0.680000 0.288095 0.018571 0.025714
4 0.689286 0.279524 0.017143 0.020000
4 0.128571 0.679524 0.082857 0.111429
3 0.882143 0.387619 0.010000 0.019048
3 0.896786 0.335714 0.009286 0.020000
3 0.871786 0.332381 0.013571 0.019048
7 0.710714 0.259048 0.010000 0.011429
1 0.703571 0.254286 0.004286 0.017143
4 0.690000 0.256667 0.014286 0.018095
1 0.860714 0.248571 0.005714 0.015238
2 0.602143 0.436667 0.010000 0.021905
10 0.602143 0.444286 0.011429 0.021905
