4 0.238571 0.551429 0.161429 0.095238
4 0.919643 0.919048 0.160714 0.156190
4 0.887857 0.711429 0.110000 0.222857
1 0.126429 0.304762 0.021429 0.045714
1 0.121429 0.418095 0.030000 0.051429
1 0.197500 0.330000 0.020714 0.046667
1 0.216429 0.328095 0.018571 0.046667
2 0.191429 0.311429 0.011429 0.022857
5 0.273929 0.339524 0.083571 0.111429
4 0.362143 0.357143 0.074286 0.097143
8 0.432500 0.414762 0.067857 0.048571
2 0.400714 0.466190 0.021429 0.035238
5 0.540357 0.361429 0.103571 0.088571
5 0.956786 0.480476 0.075000 0.132381
4 0.823571 0.391429 0.065714 0.099048
4 0.857143 0.526667 0.088571 0.137143
4 0.915000 0.362857 0.071429 0.106667
4 0.891429 0.243810 0.042857 0.081905
4 0.801786 0.294286 0.053571 0.076190
5 0.792857 0.228571 0.045714 0.062857
4 0.735714 0.182381 0.050000 0.054286
4 0.783571 0.172381 0.038571 0.053333
2 0.728571 0.170952 0.012857 0.020000
4 0.777143 0.124286 0.032857 0.042857
10 0.978571 0.140952 0.028571 0.034286
10 0.968214 0.126667 0.027857 0.030476
10 0.965000 0.098095 0.020000 0.020952
10 0.925714 0.043810 0.015714 0.020952
1 0.924286 0.077143 0.014286 0.034286
1 0.905714 0.073333 0.012857 0.034286
4 0.730000 0.090000 0.031429 0.042857
5 0.766071 0.076667 0.032143 0.046667
5 0.761429 0.020000 0.025714 0.038095
4 0.762500 0.049524 0.027857 0.036190
4 0.624643 0.107619 0.035000 0.047619
4 0.547857 0.271905 0.050000 0.079048
5 0.566429 0.187143 0.035714 0.077143
10 0.323214 0.202857 0.026429 0.040000
3 0.350714 0.169524 0.014286 0.030476
10 0.427500 0.101429 0.009286 0.025714
1 0.452500 0.073333 0.012143 0.032381
1 0.471071 0.068095 0.009286 0.037143
1 0.465000 0.065238 0.008571 0.033333
4 0.478571 0.117619 0.038571 0.058095
4 0.508214 0.069048 0.032143 0.037143
5 0.585000 0.138571 0.034286 0.048571
5 0.592857 0.095714 0.032857 0.039048
4 0.603571 0.061905 0.028571 0.041905
4 0.610714 0.036190 0.027143 0.038095
4 0.619286 0.012857 0.022857 0.023810
