1 0.395500 0.757333 0.007000 0.018667
1 0.444250 0.786000 0.005500 0.018667
1 0.458750 0.804333 0.006500 0.020667
1 0.469000 0.831667 0.006000 0.020667
1 0.492000 0.865000 0.005000 0.020667
1 0.457250 0.726000 0.004500 0.017333
2 0.492500 0.767333 0.006000 0.016000
7 0.496750 0.772333 0.016500 0.027333
0 0.198500 0.423000 0.079000 0.050000
5 0.373000 0.441333 0.027000 0.017333
5 0.412750 0.448000 0.024500 0.020000
5 0.449500 0.457667 0.027000 0.019333
5 0.486000 0.464333 0.029000 0.020667
2 0.483500 0.436667 0.005000 0.009333
3 0.483500 0.439667 0.010000 0.010000
3 0.337500 0.410333 0.004000 0.010000
3 0.341000 0.409000 0.005000 0.010000
3 0.353000 0.407667 0.005000 0.008667
3 0.357500 0.407000 0.004000 0.010000
0 0.412750 0.398000 0.089500 0.025333
2 0.421750 0.433000 0.004500 0.010000
2 0.421250 0.439000 0.004500 0.011333
7 0.418500 0.435000 0.018000 0.011333
3 0.422500 0.443333 0.009000 0.008000
1 0.579750 0.478333 0.002500 0.012667
5 0.597000 0.488667 0.032000 0.020000
10 0.718750 0.437000 0.003500 0.012667
10 0.724500 0.440667 0.005000 0.013333
10 0.732500 0.447333 0.005000 0.010667
10 0.737750 0.450333 0.006500 0.014000
10 0.743000 0.454667 0.007000 0.010667
3 0.750000 0.459000 0.006000 0.011333
3 0.756000 0.462333 0.005000 0.010000
10 0.761750 0.465333 0.010500 0.008000
3 0.764250 0.471000 0.005500 0.011333
3 0.770500 0.473000 0.005000 0.011333
1 0.782500 0.479333 0.006000 0.012000
1 0.791250 0.507000 0.005500 0.014000
1 0.793000 0.511333 0.006000 0.014667
1 0.802500 0.511667 0.005000 0.014000
1 0.801500 0.509000 0.006000 0.014000
0 0.802500 0.486667 0.031000 0.024000
0 0.857750 0.515000 0.100500 0.042000
2 0.911500 0.541000 0.006000 0.011333
7 0.916000 0.544333 0.028000 0.018000
0 0.971250 0.596667 0.057500 0.052000
1 0.965000 0.623333 0.010000 0.017333
4 0.140750 0.273333 0.016500 0.010667
4 0.128250 0.271333 0.017500 0.013333
