3 0.509750 0.045000 0.005500 0.014000
4 0.537500 0.071667 0.020000 0.026000
4 0.516500 0.104000 0.022000 0.018667
1 0.421750 0.159333 0.009500 0.028000
4 0.444250 0.210000 0.023500 0.033333
7 0.360250 0.250667 0.024500 0.028000
5 0.291500 0.339667 0.054000 0.058000
3 0.272250 0.370667 0.019500 0.025333
2 0.289750 0.377000 0.013500 0.020667
10 0.292250 0.384333 0.019500 0.023333
1 0.293250 0.424333 0.014500 0.028667
10 0.238750 0.406000 0.015500 0.030667
7 0.184500 0.459000 0.031000 0.044667
1 0.248750 0.524667 0.016500 0.029333
2 0.143750 0.518333 0.018500 0.032667
10 0.144500 0.522667 0.034000 0.016000
2 0.373250 0.545667 0.015500 0.023333
10 0.375250 0.561667 0.018500 0.024667
1 0.431000 0.579333 0.012000 0.032000
2 0.427250 0.560333 0.013500 0.027333
10 0.425500 0.562667 0.024000 0.024000
10 0.462750 0.567333 0.024500 0.026667
1 0.464250 0.560667 0.008500 0.016000
1 0.437000 0.532667 0.011000 0.032000
1 0.449000 0.521000 0.007000 0.019333
2 0.393000 0.535333 0.014000 0.033333
10 0.394500 0.540667 0.030000 0.020000
2 0.395250 0.503000 0.010500 0.028667
10 0.394000 0.507667 0.023000 0.026000
2 0.419750 0.531333 0.005500 0.012000
1 0.441000 0.519333 0.011000 0.032000
1 0.425250 0.472667 0.012500 0.024000
7 0.429250 0.495000 0.063500 0.043333
1 0.622750 0.505667 0.006500 0.018000
1 0.622500 0.481000 0.011000 0.032667
2 0.608250 0.652333 0.017500 0.026000
10 0.605750 0.657667 0.019500 0.044667
2 0.588250 0.679333 0.015500 0.025333
10 0.587250 0.692000 0.016500 0.048000
1 0.549750 0.684000 0.015500 0.050667
7 0.566250 0.694333 0.033500 0.048667
1 0.074750 0.968333 0.033500 0.040667
4 0.222000 0.963667 0.120000 0.072667
4 0.395500 0.928667 0.129000 0.116000
4 0.514250 0.959000 0.132500 0.082000
4 0.752750 0.960000 0.136500 0.080000
1 0.538000 0.818667 0.012000 0.028000
1 0.575000 0.801333 0.014000 0.030667
2 0.568500 0.761333 0.020000 0.026667
10 0.569500 0.768333 0.033000 0.043333
2 0.583250 0.841667 0.020500 0.036667
10 0.583250 0.847667 0.022500 0.058000
4 0.664500 0.792667 0.063000 0.138667
4 0.731750 0.765000 0.053500 0.124667
4 0.836500 0.752000 0.103000 0.098667
4 0.935500 0.692333 0.102000 0.078000
4 0.941500 0.778000 0.105000 0.089333
10 0.993250 0.646667 0.013500 0.044000
4 0.982000 0.839333 0.036000 0.084000
4 0.918250 0.894667 0.117500 0.078667
5 0.830750 0.841000 0.136500 0.124667
2 0.889500 0.985000 0.027000 0.030000
10 0.885500 0.981333 0.045000 0.037333
1 0.948750 0.991000 0.019500 0.018000
