4 0.078929 0.943528 0.072143 0.110406
6 0.131429 0.399112 0.070000 0.115482
4 0.230714 0.302030 0.030000 0.038071
4 0.344286 0.312183 0.022857 0.043147
4 0.277857 0.171954 0.020000 0.026650
4 0.380357 0.128807 0.013571 0.026650
5 0.358929 0.122462 0.016429 0.034264
5 0.402143 0.117386 0.014286 0.034264
4 0.380714 0.073604 0.012857 0.025381
4 0.347857 0.083122 0.012857 0.019036
5 0.321429 0.097081 0.015714 0.021574
5 0.336071 0.046320 0.010714 0.024112
5 0.378214 0.027284 0.012143 0.019036
1 0.472500 0.656091 0.007857 0.025381
1 0.383571 0.517766 0.007143 0.025381
1 0.379286 0.512690 0.005714 0.025381
1 0.680000 0.668782 0.007143 0.035533
1 0.593214 0.449239 0.007857 0.022843
1 0.601786 0.428934 0.006429 0.025381
1 0.611071 0.444797 0.006429 0.024112
1 0.617500 0.437183 0.005000 0.026650
1 0.626071 0.427665 0.005000 0.030457
1 0.627143 0.461294 0.005714 0.026650
1 0.633214 0.461294 0.005000 0.024112
1 0.550714 0.348985 0.005714 0.020305
1 0.537857 0.352792 0.005714 0.017766
1 0.532143 0.353426 0.004286 0.016497
9 0.548929 0.961929 0.053571 0.073604
6 0.506429 0.524746 0.027143 0.082487
6 0.497500 0.418147 0.022143 0.074873
6 0.548929 0.599619 0.046429 0.171320
4 0.503571 0.475254 0.017143 0.031726
9 0.517143 0.388959 0.025714 0.077411
6 0.536071 0.194162 0.019286 0.048223
6 0.515357 0.086294 0.013571 0.038071
4 0.491786 0.115482 0.009286 0.015228
4 0.496786 0.107234 0.009286 0.016497
5 0.503929 0.079949 0.007857 0.030457
5 0.502857 0.090102 0.007143 0.017766
0 0.507143 0.015863 0.041429 0.026650
6 0.496429 0.042513 0.008571 0.024112
6 0.503214 0.059645 0.010714 0.022843
4 0.515000 0.058376 0.005714 0.015228
4 0.535000 0.056472 0.007143 0.013959
4 0.531786 0.046954 0.006429 0.015228
1 0.008571 0.443528 0.008571 0.026650
1 0.005000 0.439721 0.005714 0.021574
1 0.147143 0.269670 0.005714 0.016497
1 0.142500 0.266497 0.005000 0.017766
1 0.138214 0.262690 0.003571 0.015228
1 0.151429 0.241117 0.005714 0.015228
1 0.153214 0.238579 0.005000 0.017766
1 0.156071 0.237310 0.005000 0.015228
1 0.183214 0.208122 0.005000 0.017766
1 0.198571 0.194162 0.004286 0.017766
1 0.067143 0.357234 0.004286 0.019036
1 0.236786 0.145305 0.003571 0.013959
1 0.221071 0.156726 0.003571 0.013959
1 0.294286 0.075508 0.002857 0.011421
1 0.282857 0.093909 0.002857 0.012690
5 0.722857 0.371193 0.035714 0.074873
4 0.772143 0.460025 0.027143 0.049492
0 0.772857 0.096447 0.104286 0.116751
