1 0.485000 0.472857 0.017143 0.039048
1 0.455000 0.444286 0.011429 0.037143
1 0.469643 0.411429 0.015000 0.032381
1 0.477500 0.304762 0.006429 0.017143
1 0.471429 0.299524 0.005714 0.016190
1 0.468929 0.291905 0.005000 0.012381
2 0.557143 0.356667 0.007143 0.008571
1 0.275714 0.350952 0.007143 0.021905
3 0.270714 0.358095 0.014286 0.015238
1 0.459286 0.287143 0.004286 0.014286
10 0.558571 0.360000 0.018571 0.011429
2 0.787500 0.362381 0.013571 0.018095
1 0.842143 0.306190 0.005714 0.012381
1 0.708214 0.787143 0.020714 0.065714
1 0.691786 0.787619 0.016429 0.038095
1 0.569643 0.597143 0.020714 0.057143
1 0.958929 0.441905 0.007857 0.024762
1 0.949286 0.434286 0.010000 0.030476
1 0.948929 0.333333 0.006429 0.013333
1 0.900000 0.325238 0.004286 0.012381
1 0.928929 0.304762 0.006429 0.015238
0 0.755000 0.278095 0.012857 0.009524
6 0.741071 0.255714 0.015000 0.010476
5 0.725000 0.254286 0.012857 0.007619
4 0.706429 0.252857 0.012857 0.008571
4 0.687500 0.251429 0.016429 0.009524
4 0.669286 0.248571 0.015714 0.009524
4 0.715000 0.252381 0.011429 0.007619
4 0.650357 0.248095 0.012143 0.008571
4 0.617857 0.244762 0.011429 0.007619
1 0.466429 0.256667 0.004286 0.010476
1 0.461786 0.252857 0.003571 0.008571
1 0.459643 0.253333 0.003571 0.009524
