0 0.487857 0.184762 0.014286 0.040000
5 0.660714 0.840000 0.037143 0.078095
5 0.538571 0.295714 0.007143 0.010476
5 0.542857 0.321905 0.007143 0.011429
4 0.566429 0.301429 0.007143 0.010476
4 0.479286 0.335714 0.008571 0.012381
4 0.472857 0.238095 0.005714 0.007619
4 0.408929 0.362381 0.013571 0.014286
4 0.510714 0.504762 0.014286 0.028571
6 0.479286 0.256667 0.010000 0.027619
6 0.494286 0.216667 0.010000 0.021905
6 0.468214 0.226190 0.007857 0.020000
6 0.485000 0.417143 0.012857 0.036190
4 0.562857 0.295238 0.007143 0.007619
4 0.255357 0.584762 0.042143 0.022857
4 0.265714 0.563333 0.032857 0.016190
1 0.460000 0.453333 0.002857 0.013333
2 0.491786 0.670952 0.007857 0.016190
10 0.491071 0.673333 0.007857 0.026667
1 0.458929 0.282381 0.002143 0.006667
0 0.503571 0.249048 0.014286 0.018095
0 0.460714 0.252381 0.011429 0.007619
4 0.501429 0.156190 0.002857 0.005714
4 0.506071 0.154762 0.003571 0.004762
4 0.510357 0.181429 0.003571 0.004762
6 0.509643 0.174762 0.005000 0.010476
6 0.506429 0.166667 0.004286 0.007619
0 0.463929 0.144762 0.013571 0.026667
4 0.473929 0.169524 0.003571 0.003810
4 0.474643 0.198571 0.005000 0.004762
4 0.467143 0.200952 0.004286 0.005714
4 0.458571 0.199524 0.005714 0.004762
9 0.474643 0.191905 0.009286 0.010476
4 0.026429 0.935714 0.052857 0.042857
4 0.038214 0.890476 0.072143 0.045714
1 0.893214 0.512381 0.012143 0.028571
1 0.945357 0.482381 0.010714 0.021905
2 0.858929 0.451429 0.006429 0.011429
2 0.878214 0.459048 0.006429 0.013333
2 0.857857 0.445238 0.008571 0.012381
