4 0.282500 0.620558 0.017857 0.045685
4 0.333571 0.627538 0.015714 0.046954
4 0.341071 0.530457 0.016429 0.038071
4 0.296071 0.496193 0.015000 0.032995
4 0.403214 0.480964 0.015000 0.038071
4 0.426071 0.453680 0.013571 0.036802
4 0.331429 0.320431 0.011429 0.024112
4 0.321786 0.256980 0.010714 0.021574
4 0.349286 0.260152 0.010000 0.020305
4 0.415357 0.317259 0.012143 0.030457
4 0.390357 0.204315 0.007857 0.025381
4 0.375357 0.184645 0.006429 0.019036
4 0.404643 0.167513 0.007857 0.020305
4 0.337500 0.208756 0.007857 0.021574
4 0.351429 0.190990 0.008571 0.013959
4 0.339286 0.152284 0.008571 0.017766
4 0.343571 0.109772 0.007143 0.013959
4 0.344643 0.086294 0.007857 0.012690
4 0.356786 0.072970 0.006429 0.011421
4 0.356786 0.093909 0.006429 0.015228
4 0.355714 0.119924 0.010000 0.016497
4 0.349286 0.017132 0.007143 0.013959
4 0.356786 0.033629 0.006429 0.013959
4 0.451071 0.062183 0.006429 0.012690
4 0.455000 0.085660 0.007143 0.013959
4 0.515000 0.390228 0.012857 0.029188
4 0.543929 0.435914 0.012143 0.031726
4 0.559286 0.611675 0.027143 0.032995
4 0.505000 0.336929 0.017143 0.024112
4 0.500357 0.312183 0.016429 0.020305
4 0.496429 0.302665 0.015714 0.019036
4 0.492500 0.279188 0.015000 0.020305
4 0.675000 0.317259 0.012857 0.025381
4 0.489643 0.274112 0.016429 0.020305
4 0.499643 0.256980 0.010714 0.019036
5 0.439286 0.657360 0.015714 0.063452
5 0.304643 0.692893 0.019286 0.058376
5 0.313571 0.333122 0.015714 0.029188
5 0.686786 0.599619 0.025000 0.044416
5 0.588214 0.560914 0.015000 0.040609
5 0.601071 0.451777 0.017857 0.038071
5 0.785714 0.475254 0.022857 0.041878
5 0.747143 0.402284 0.017143 0.032995
5 0.729643 0.373731 0.019286 0.031726
5 0.757857 0.324239 0.015714 0.024112
5 0.678214 0.279822 0.015000 0.031726
5 0.650000 0.244289 0.020000 0.019036
5 0.640357 0.238579 0.019286 0.020305
5 0.628214 0.234772 0.019286 0.020305
5 0.613571 0.232234 0.018571 0.020305
4 0.956786 0.526015 0.025000 0.034264
4 0.984643 0.559010 0.027857 0.036802
4 0.936429 0.499365 0.022857 0.029188
4 0.915714 0.469543 0.025714 0.032995
4 0.881429 0.424492 0.021429 0.029188
4 0.942500 0.459391 0.029286 0.032995
9 0.972857 0.497462 0.041429 0.060914
9 0.857143 0.383249 0.037143 0.055838
9 0.782500 0.295051 0.033571 0.052030
9 0.756429 0.258883 0.027143 0.050761
9 0.700357 0.241751 0.043571 0.036802
9 0.751786 0.213198 0.045000 0.032995
9 0.673214 0.231599 0.047857 0.044416
6 0.823571 0.345812 0.027143 0.044416
4 0.804286 0.329315 0.015714 0.024112
9 0.517500 0.208756 0.016429 0.039340
9 0.505000 0.173858 0.015714 0.035533
9 0.497500 0.142766 0.010714 0.024112
4 0.526071 0.239848 0.012143 0.025381
4 0.513214 0.124365 0.010714 0.015228
4 0.468929 0.064086 0.007857 0.019036
5 0.471429 0.052665 0.010000 0.016497
6 0.462857 0.041878 0.008571 0.022843
4 0.455357 0.032360 0.009286 0.011421
6 0.322500 0.190355 0.016429 0.043147
6 0.338571 0.025381 0.008571 0.022843
9 0.234286 0.934010 0.058571 0.129442
4 0.315357 0.974619 0.022143 0.048223
4 0.375357 0.979695 0.022143 0.038071
10 0.814643 0.427665 0.007857 0.012690
10 0.790000 0.387690 0.007143 0.011421
10 0.841429 0.489848 0.005714 0.012690
10 0.767500 0.345812 0.007857 0.008883
1 0.762857 0.388325 0.002857 0.015228
1 0.837143 0.482868 0.004286 0.016497
2 0.841429 0.484772 0.004286 0.017766
2 0.815000 0.423223 0.004286 0.013959
2 0.791786 0.383249 0.005000 0.012690
2 0.768214 0.341371 0.005000 0.010152
4 0.381071 0.008249 0.006429 0.011421
4 0.453929 0.012056 0.006429 0.011421
4 0.456786 0.024746 0.005000 0.013959
1 0.469643 0.267132 0.003571 0.011421
1 0.463571 0.253807 0.002857 0.012690
1 0.464286 0.113579 0.002857 0.008883
1 0.443571 0.137690 0.002857 0.011421
9 0.620000 0.472716 0.024286 0.054569
