5 0.827766 0.928571 0.053236 0.089054
7 0.832724 0.152134 0.012004 0.016698
2 0.833768 0.147495 0.004697 0.014842
5 0.813152 0.065863 0.028184 0.029685
4 0.914927 0.133581 0.038622 0.029685
4 0.895877 0.102505 0.034969 0.026902
4 0.419624 0.574675 0.035491 0.060297
10 0.137004 0.178571 0.013048 0.013915
8 0.140919 0.101577 0.021921 0.028757
4 0.145616 0.087662 0.030271 0.026902
4 0.135438 0.067718 0.029749 0.025974
4 0.131524 0.057050 0.032359 0.025046
4 0.109342 0.040353 0.028706 0.025046
5 0.100992 0.024583 0.026618 0.026902
5 0.095251 0.015770 0.023486 0.025974
