0 0.493214 0.402857 0.006429 0.017143
0 0.476786 0.170476 0.016429 0.030476
0 0.485714 0.143333 0.010000 0.021905
0 0.452857 0.219524 0.015714 0.018095
0 0.483214 0.286667 0.003571 0.009524
0 0.452500 0.321905 0.005000 0.022857
0 0.476429 0.239524 0.004286 0.004762
2 0.305357 0.863810 0.005000 0.011429
2 0.311429 0.855714 0.004286 0.012381
1 0.422857 0.720000 0.004286 0.011429
1 0.418929 0.687143 0.002143 0.010476
1 0.422500 0.665238 0.002143 0.010476
1 0.423571 0.646667 0.002857 0.011429
1 0.498571 0.431429 0.001429 0.005714
1 0.488214 0.385238 0.002143 0.006667
6 0.401429 0.357143 0.010000 0.024762
0 0.518571 0.334286 0.015714 0.015238
6 0.470357 0.207143 0.003571 0.008571
6 0.473929 0.197143 0.002143 0.005714
10 0.514643 0.904286 0.005000 0.020000
4 0.561429 0.749048 0.014286 0.025714
5 0.580000 0.865238 0.018571 0.035238
1 0.453571 0.892857 0.001429 0.014286
4 0.705714 0.670952 0.011429 0.021905
4 0.692143 0.686190 0.011429 0.023810
0 0.514286 0.593333 0.007143 0.017143
0 0.503214 0.552857 0.006429 0.010476
0 0.250714 0.805714 0.010000 0.020952
6 0.342500 0.541905 0.013571 0.032381
