9 0.025714 0.909264 0.051429 0.069797
9 0.094286 0.854695 0.097143 0.092640
4 0.032857 0.857234 0.030000 0.036802
4 0.073571 0.826142 0.040000 0.045685
4 0.122857 0.796954 0.032857 0.040609
4 0.183929 0.798223 0.036429 0.043147
4 0.182500 0.751269 0.036429 0.043147
4 0.235000 0.713832 0.038571 0.044416
6 0.246786 0.755711 0.050714 0.059645
10 0.273929 0.693528 0.016429 0.016497
4 0.301071 0.711929 0.036429 0.043147
4 0.312143 0.665609 0.034286 0.041878
4 0.343929 0.680838 0.029286 0.034264
4 0.387143 0.653553 0.037143 0.043147
4 0.386429 0.607868 0.037143 0.043147
4 0.462857 0.553934 0.038571 0.044416
6 0.484286 0.585025 0.052857 0.058376
4 0.528214 0.507614 0.035000 0.040609
6 0.582500 0.519670 0.092143 0.087563
4 0.600357 0.461929 0.036429 0.045685
4 0.680357 0.407360 0.039286 0.045685
4 0.685000 0.449239 0.032857 0.040609
4 0.733214 0.416878 0.042143 0.049492
4 0.781786 0.378173 0.039286 0.045685
4 0.780000 0.336294 0.034286 0.040609
4 0.834643 0.295051 0.033571 0.039340
9 0.859286 0.331853 0.042857 0.046954
4 0.932143 0.280457 0.042857 0.048223
4 0.890357 0.256345 0.032143 0.038071
4 0.947500 0.222716 0.043571 0.046954
6 0.981786 0.241117 0.036429 0.048223
4 0.785714 0.244924 0.028571 0.035533
6 0.474643 0.369289 0.093571 0.096447
4 0.228214 0.640863 0.037857 0.043147
4 0.183214 0.621827 0.037857 0.045685
4 0.145357 0.701142 0.036429 0.041878
4 0.027857 0.763959 0.032857 0.043147
