1 0.452500 0.864762 0.022143 0.070476
5 0.641429 0.552381 0.064286 0.135238
2 0.889643 0.730000 0.026429 0.035238
2 0.900000 0.699048 0.017143 0.040000
3 0.846071 0.680000 0.037857 0.070476
3 0.807143 0.626190 0.042857 0.050476
1 0.781429 0.569048 0.021429 0.063810
4 0.726071 0.620000 0.089286 0.099048
10 0.651071 0.462381 0.020714 0.044762
3 0.582143 0.434762 0.012857 0.029524
2 0.582857 0.418095 0.011429 0.030476
1 0.561071 0.337143 0.010714 0.038095
1 0.534286 0.382381 0.010000 0.035238
1 0.545357 0.460952 0.010714 0.045714
1 0.533929 0.478571 0.013571 0.040952
1 0.536429 0.459524 0.008571 0.044762
1 0.522857 0.476190 0.011429 0.043810
1 0.522857 0.455714 0.011429 0.042857
1 0.501429 0.456190 0.012857 0.041905
1 0.272857 0.576667 0.025714 0.056190
1 0.322500 0.560952 0.025000 0.055238
1 0.314286 0.547143 0.024286 0.050476
1 0.373214 0.535238 0.017857 0.053333
1 0.391429 0.553810 0.021429 0.052381
1 0.387143 0.536667 0.014286 0.044762
1 0.436429 0.540000 0.012857 0.053333
1 0.426429 0.523333 0.012857 0.048571
1 0.416786 0.513333 0.010714 0.045714
1 0.435714 0.527619 0.014286 0.047619
1 0.480714 0.515714 0.012857 0.042857
1 0.474286 0.493333 0.011429 0.047619
1 0.485714 0.496667 0.014286 0.048571
1 0.496786 0.524286 0.022143 0.050476
1 0.511786 0.510000 0.010714 0.046667
1 0.501429 0.501905 0.012857 0.049524
1 0.502500 0.434286 0.013571 0.038095
1 0.514643 0.419048 0.010714 0.043810
1 0.525000 0.418571 0.011429 0.042857
1 0.500000 0.413333 0.011429 0.040000
1 0.491071 0.403333 0.010714 0.040952
1 0.484643 0.362381 0.009286 0.037143
1 0.503929 0.376667 0.010714 0.040952
1 0.516786 0.378095 0.013571 0.036190
1 0.494286 0.363810 0.011429 0.040000
1 0.509643 0.310476 0.007857 0.030476
1 0.520714 0.310952 0.008571 0.031429
1 0.526071 0.307143 0.006429 0.029524
1 0.536071 0.284286 0.007857 0.027619
5 0.495000 0.284286 0.022857 0.033333
1 0.520000 0.262857 0.005714 0.024762
1 0.543929 0.270952 0.006429 0.023810
1 0.550357 0.271905 0.006429 0.029524
1 0.536071 0.254762 0.006429 0.023810
1 0.541786 0.253333 0.006429 0.024762
1 0.528571 0.246667 0.005714 0.022857
1 0.534286 0.244286 0.005714 0.025714
1 0.517857 0.255238 0.005714 0.024762
1 0.513214 0.240952 0.003571 0.024762
1 0.517857 0.240476 0.005714 0.021905
4 0.501786 0.232857 0.020714 0.025714
0 0.520357 0.215714 0.017857 0.025714
0 0.502143 0.202857 0.017143 0.030476
1 0.484643 0.174286 0.003571 0.015238
1 0.818214 0.240952 0.006429 0.020952
1 0.823929 0.241905 0.006429 0.022857
1 0.828571 0.244762 0.007143 0.020952
1 0.833929 0.244286 0.006429 0.021905
1 0.867500 0.232381 0.006429 0.020952
1 0.872857 0.235238 0.007143 0.019048
1 0.953214 0.240952 0.009286 0.017143
