5 0.037857 0.154286 0.030000 0.045714
9 0.250357 0.031905 0.026429 0.044762
5 0.248571 0.084286 0.018571 0.033333
4 0.227143 0.072857 0.014286 0.018095
4 0.255357 0.069524 0.013571 0.015238
5 0.229286 0.037619 0.024286 0.039048
10 0.269643 0.030000 0.007857 0.018095
5 0.268929 0.011905 0.020714 0.023810
4 0.285000 0.004286 0.014286 0.008571
4 0.083929 0.447143 0.039286 0.046667
4 0.123929 0.574762 0.040714 0.065714
10 0.054286 0.640476 0.024286 0.033333
2 0.051786 0.642857 0.017857 0.013333
2 0.053929 0.637143 0.013571 0.011429
0 0.176786 0.069048 0.010714 0.020000
4 0.584643 0.803810 0.075000 0.049524
4 0.608929 0.599524 0.053571 0.058095
5 0.500000 0.606667 0.062857 0.045714
5 0.669286 0.526667 0.044286 0.091429
5 0.591071 0.458095 0.050714 0.047619
4 0.429643 0.433333 0.050714 0.028571
4 0.543214 0.246190 0.040714 0.025714
5 0.574286 0.149524 0.017143 0.030476
5 0.560357 0.303810 0.045000 0.030476
4 0.533571 0.186190 0.034286 0.020000
4 0.520000 0.144286 0.027143 0.021905
4 0.528571 0.173333 0.035714 0.017143
4 0.523571 0.162857 0.030000 0.017143
4 0.520000 0.133333 0.028571 0.017143
4 0.516429 0.117619 0.028571 0.020000
8 0.590000 0.182857 0.014286 0.028571
3 0.613571 0.173810 0.011429 0.010476
3 0.589286 0.113333 0.004286 0.015238
5 0.466429 0.023333 0.011429 0.020000
5 0.556071 0.024762 0.017857 0.017143
5 0.509286 0.021429 0.018571 0.023810
4 0.415714 0.080476 0.025714 0.014286
4 0.415000 0.072381 0.022857 0.011429
4 0.414643 0.059524 0.023571 0.012381
4 0.414286 0.053333 0.022857 0.013333
4 0.413571 0.049048 0.021429 0.012381
4 0.417143 0.036667 0.022857 0.014286
4 0.564286 0.006190 0.020000 0.012381
5 0.815357 0.889524 0.093571 0.062857
5 0.870357 0.961429 0.127857 0.073333
1 0.757857 0.872857 0.004286 0.010476
1 0.784286 0.868571 0.005714 0.009524
