0 0.496786 0.149524 0.025000 0.015238
0 0.491429 0.172381 0.022857 0.013333
10 0.380357 0.538571 0.006429 0.008571
2 0.380357 0.531429 0.005000 0.007619
1 0.449286 0.712857 0.007143 0.018095
5 0.167500 0.921905 0.042143 0.085714
4 0.444286 0.266667 0.005714 0.007619
6 0.469286 0.194762 0.004286 0.010476
1 0.461429 0.356667 0.002857 0.008571
4 0.528929 0.508095 0.025000 0.021905
4 0.529286 0.492857 0.024286 0.018095
4 0.523929 0.477619 0.025000 0.018095
4 0.633571 0.495238 0.017143 0.028571
4 0.615000 0.494286 0.020000 0.028571
4 0.600000 0.492857 0.012857 0.033333
10 0.682143 0.500476 0.007143 0.016190
2 0.446429 0.868095 0.007143 0.014286
10 0.446429 0.873333 0.002857 0.026667
4 0.548214 0.683810 0.017857 0.047619
4 0.691071 0.666667 0.040714 0.024762
4 0.755357 0.669048 0.045000 0.025714
1 0.131786 0.371905 0.006429 0.020000
1 0.122500 0.378095 0.007857 0.020952
1 0.262857 0.290476 0.004286 0.013333
1 0.268214 0.272381 0.003571 0.009524
2 0.268571 0.291905 0.004286 0.008571
