4 0.872651 0.453154 0.056367 0.097403
4 0.793580 0.515306 0.049582 0.097403
5 0.733559 0.580241 0.046451 0.089981
1 0.700678 0.611781 0.012004 0.019481
1 0.655271 0.548237 0.013048 0.018553
5 0.664144 0.641002 0.043319 0.098330
5 0.633351 0.681354 0.051670 0.101113
4 0.600992 0.709647 0.051670 0.109462
4 0.566023 0.739796 0.048539 0.115955
4 0.528967 0.763915 0.046451 0.123377
4 0.460595 0.818182 0.041232 0.120594
10 0.327766 0.776438 0.025052 0.025974
1 0.330115 0.793599 0.014092 0.013915
1 0.339248 0.755102 0.012526 0.011132
4 0.022965 0.880334 0.045929 0.118738
4 0.345511 0.907699 0.044885 0.123377
7 0.305063 0.949907 0.033925 0.098330
4 0.240866 0.967996 0.039144 0.062152
5 0.919102 0.198980 0.050104 0.102968
