0 0.535357 0.125714 0.020714 0.017143
0 0.494643 0.037619 0.012143 0.020000
0 0.507500 0.008095 0.015000 0.016190
5 0.524286 0.841905 0.034286 0.100952
5 0.743214 0.873810 0.043571 0.084762
9 0.503571 0.144286 0.011429 0.027619
9 0.493571 0.247143 0.015714 0.044762
9 0.512143 0.296667 0.012857 0.021905
9 0.577143 0.327619 0.014286 0.024762
9 0.502143 0.383810 0.014286 0.024762
9 0.507143 0.173333 0.005714 0.011429
6 0.521071 0.114286 0.010714 0.019048
4 0.532857 0.099048 0.005714 0.007619
4 0.535357 0.110952 0.005000 0.008571
4 0.487143 0.135714 0.007143 0.008571
4 0.499286 0.193333 0.007143 0.013333
6 0.527143 0.142857 0.008571 0.015238
6 0.482857 0.200476 0.007143 0.014286
0 0.530714 0.211905 0.005714 0.012381
0 0.553571 0.159048 0.021429 0.020952
6 0.566429 0.116667 0.024286 0.027619
0 0.520357 0.061429 0.029286 0.052381
1 0.724286 0.700476 0.008571 0.027619
5 0.684643 0.591905 0.026429 0.048571
4 0.775000 0.627619 0.035714 0.053333
4 0.752857 0.572381 0.028571 0.047619
2 0.421786 0.847143 0.007857 0.018095
3 0.421429 0.857619 0.004286 0.027619
1 0.468929 0.286667 0.005000 0.011429
0 0.137500 0.195714 0.029286 0.023810
1 0.158214 0.201429 0.005000 0.014286
1 0.189286 0.180000 0.002857 0.007619
1 0.217500 0.209524 0.003571 0.007619
1 0.206786 0.206190 0.003571 0.010476
1 0.194286 0.196667 0.004286 0.010476
1 0.165714 0.189524 0.002857 0.007619
