10 0.337857 0.022381 0.005714 0.008571
2 0.338571 0.020000 0.002857 0.005714
2 0.303929 0.431905 0.003571 0.004762
10 0.303571 0.435238 0.004286 0.013333
4 0.293571 0.556667 0.014286 0.040952
10 0.296786 0.678095 0.005000 0.013333
2 0.296786 0.674286 0.003571 0.005714
10 0.145714 0.660952 0.007143 0.009524
10 0.187143 0.671429 0.007143 0.007619
10 0.498929 0.910000 0.013571 0.014286
2 0.495000 0.906667 0.005714 0.005714
4 0.377857 0.801905 0.025714 0.036190
4 0.417143 0.230000 0.027143 0.031429
4 0.459643 0.128571 0.030714 0.017143
4 0.386786 0.088571 0.030714 0.022857
1 0.419643 0.252381 0.003571 0.009524
4 0.666786 0.073333 0.025000 0.020952
4 0.613929 0.151905 0.030714 0.020000
4 0.716429 0.090476 0.027143 0.020952
4 0.722857 0.145714 0.032857 0.017143
1 0.677500 0.034762 0.002143 0.006667
1 0.704643 0.004286 0.005000 0.008571
1 0.739643 0.009048 0.002143 0.004762
1 0.707500 0.463333 0.003571 0.012381
5 0.659286 0.943810 0.025714 0.017143
4 0.728214 0.915238 0.026429 0.032381
4 0.678214 0.985238 0.027857 0.029524
10 0.624286 0.946667 0.008571 0.011429
10 0.640714 0.983810 0.008571 0.011429
2 0.623214 0.944286 0.005000 0.004762
2 0.639643 0.980952 0.005000 0.005714
4 0.790000 0.832857 0.025714 0.037143
4 0.856786 0.734286 0.023571 0.040000
4 0.878929 0.613810 0.013571 0.042857
4 0.883929 0.490000 0.012143 0.042857
4 0.849286 0.120476 0.025714 0.018095
4 0.905714 0.013810 0.027143 0.027619
4 0.927500 0.157619 0.022143 0.039048
4 0.892143 0.379048 0.010000 0.038095
4 0.962143 0.325714 0.028571 0.017143
10 0.915000 0.553810 0.005714 0.020000
2 0.914643 0.548571 0.003571 0.007619
1 0.988214 0.687143 0.005000 0.006667
10 0.954643 0.880952 0.007857 0.013333
2 0.954643 0.879524 0.003571 0.008571
10 0.995000 0.052381 0.008571 0.020952
1 0.878571 0.102381 0.008571 0.010476
