4 0.465000 0.460025 0.024286 0.024112
4 0.589643 0.449873 0.027857 0.026650
4 0.575000 0.442893 0.022857 0.022843
9 0.595000 0.410533 0.060000 0.052030
4 0.676071 0.434010 0.025000 0.020305
6 0.664643 0.395305 0.053571 0.049492
4 0.620714 0.380711 0.025714 0.020305
4 0.710357 0.359772 0.025000 0.021574
4 0.746429 0.340736 0.025714 0.021574
4 0.490357 0.317893 0.013571 0.024112
6 0.440357 0.269036 0.015000 0.038071
4 0.457500 0.207487 0.009286 0.016497
4 0.450000 0.183376 0.010000 0.019036
0 0.437143 0.138325 0.012857 0.027919
4 0.418571 0.154188 0.010000 0.019036
4 0.428929 0.107234 0.009286 0.016497
6 0.429286 0.081218 0.014286 0.025381
4 0.363929 0.431472 0.025000 0.020305
6 0.319643 0.407995 0.043571 0.034264
