4 0.603500 0.928333 0.065000 0.143333
5 0.579750 0.770667 0.063500 0.130667
5 0.420250 0.747333 0.042500 0.105333
5 0.408500 0.921333 0.053000 0.152000
4 0.557000 0.665000 0.051000 0.099333
4 0.433750 0.647667 0.059500 0.091333
4 0.426250 0.556667 0.033500 0.061333
4 0.426750 0.491333 0.029500 0.058667
4 0.432000 0.443667 0.025000 0.046000
4 0.464250 0.487000 0.029500 0.048667
4 0.493000 0.544000 0.034000 0.060000
4 0.525250 0.508000 0.033500 0.061333
7 0.522750 0.576333 0.018500 0.034000
2 0.526500 0.563333 0.012000 0.025333
5 0.785000 0.427667 0.054000 0.044667
5 0.829250 0.445667 0.029500 0.047333
2 0.733000 0.432667 0.009000 0.020000
2 0.778000 0.471333 0.010000 0.022667
2 0.783500 0.479000 0.011000 0.024667
2 0.794500 0.478667 0.009000 0.022667
2 0.791250 0.472667 0.009500 0.020000
7 0.842250 0.509333 0.023500 0.040000
10 0.831000 0.481000 0.029000 0.020667
10 0.833250 0.487333 0.028500 0.018667
10 0.740500 0.400000 0.024000 0.020000
3 0.716750 0.397333 0.017500 0.016000
10 0.792250 0.408000 0.014500 0.020000
10 0.712750 0.403667 0.015500 0.018000
7 0.842750 0.552667 0.021500 0.041333
1 0.982500 0.558333 0.018000 0.039333
1 0.987000 0.474667 0.013000 0.036000
1 0.956000 0.456000 0.012000 0.029333
1 0.985250 0.660667 0.018500 0.045333
1 0.993500 0.679667 0.012000 0.040667
1 0.995250 0.475333 0.008500 0.033333
1 0.979500 0.439000 0.011000 0.028667
1 0.993750 0.400667 0.011500 0.025333
2 0.995250 0.422667 0.008500 0.021333
10 0.996500 0.430000 0.005000 0.010667
10 0.969000 0.374333 0.022000 0.016667
2 0.939750 0.367333 0.011500 0.020000
1 0.950500 0.363000 0.011000 0.027333
1 0.945500 0.357333 0.008000 0.021333
1 0.950750 0.352667 0.008500 0.024000
0 0.904000 0.345667 0.039000 0.022000
0 0.894250 0.360667 0.024500 0.006667
1 0.928000 0.352667 0.009000 0.024000
1 0.934250 0.341333 0.006500 0.018667
1 0.933000 0.346333 0.006000 0.018000
1 0.935500 0.352333 0.006000 0.015333
1 0.911250 0.365667 0.006500 0.018000
1 0.864500 0.346667 0.008000 0.020000
1 0.845250 0.340000 0.007500 0.021333
4 0.819000 0.345000 0.044000 0.024667
4 0.750000 0.337667 0.051000 0.030000
1 0.763250 0.330667 0.005500 0.022667
1 0.733750 0.325333 0.006500 0.020000
7 0.728000 0.338333 0.027000 0.028667
5 0.532750 0.392667 0.027500 0.038667
4 0.503250 0.401000 0.025500 0.040667
1 0.521000 0.375667 0.009000 0.022000
1 0.501750 0.378000 0.007500 0.017333
1 0.506750 0.379667 0.004500 0.018000
2 0.486250 0.420667 0.008500 0.022667
3 0.486500 0.429333 0.007000 0.021333
4 0.455750 0.397667 0.030500 0.035333
4 0.422750 0.401333 0.023500 0.033333
5 0.477250 0.368667 0.035500 0.044000
4 0.490750 0.352000 0.039500 0.025333
5 0.514500 0.334667 0.020000 0.029333
5 0.439000 0.363333 0.042000 0.030667
1 0.456500 0.353000 0.007000 0.020667
1 0.465750 0.344000 0.006500 0.021333
1 0.443250 0.344000 0.006500 0.020000
1 0.416500 0.333333 0.006000 0.020000
4 0.447000 0.312333 0.024000 0.023333
4 0.423250 0.325333 0.016500 0.024000
4 0.394500 0.356000 0.033000 0.034667
4 0.345750 0.396333 0.051500 0.034000
4 0.323250 0.355667 0.044500 0.024667
4 0.305250 0.374000 0.044500 0.030667
5 0.348500 0.340667 0.040000 0.030667
4 0.366000 0.330333 0.035000 0.026000
4 0.388500 0.317000 0.036000 0.024667
5 0.399000 0.304000 0.034000 0.028000
4 0.427000 0.300667 0.015000 0.020000
5 0.429750 0.279000 0.013500 0.022000
5 0.403750 0.288000 0.026500 0.021333
5 0.351750 0.308667 0.022500 0.025333
4 0.315750 0.330667 0.035500 0.024000
5 0.290500 0.340000 0.030000 0.026667
4 0.325500 0.302667 0.030000 0.024000
7 0.331500 0.319333 0.019000 0.018667
2 0.335500 0.318000 0.009000 0.014667
1 0.437750 0.245000 0.004500 0.015333
1 0.561500 0.281000 0.005000 0.018000
1 0.568000 0.279667 0.005000 0.018000
5 0.583500 0.287000 0.018000 0.027333
6 0.598750 0.287000 0.020500 0.027333
5 0.624250 0.288333 0.028500 0.026000
0 0.582750 0.254000 0.074500 0.024000
0 0.606500 0.269667 0.066000 0.004667
1 0.671750 0.356667 0.004500 0.018667
1 0.655000 0.326667 0.005000 0.021333
1 0.652750 0.322333 0.004500 0.022000
1 0.660250 0.319667 0.006500 0.019333
1 0.672250 0.322667 0.005500 0.018667
1 0.701000 0.307000 0.006000 0.022000
1 0.722750 0.315333 0.004500 0.020000
1 0.716250 0.290000 0.003500 0.018667
1 0.685000 0.300000 0.007000 0.014667
1 0.679250 0.302667 0.004500 0.017333
1 0.693750 0.299667 0.003500 0.016667
1 0.724250 0.267333 0.004500 0.016000
1 0.728000 0.258667 0.004000 0.014667
1 0.732500 0.257667 0.004000 0.014000
1 0.740000 0.252333 0.004000 0.012667
1 0.754000 0.240000 0.005000 0.014667
1 0.762750 0.241333 0.004500 0.014667
1 0.751250 0.257333 0.004500 0.014667
1 0.747750 0.259333 0.003500 0.016000
1 0.752500 0.263000 0.003000 0.014000
1 0.716500 0.252667 0.003000 0.014667
1 0.714000 0.252000 0.004000 0.014667
1 0.713250 0.247667 0.003500 0.015333
1 0.726500 0.252333 0.004000 0.014000
1 0.709000 0.295000 0.007000 0.019333
1 0.736750 0.262000 0.002500 0.009333
1 0.732750 0.264000 0.004500 0.014667
1 0.729250 0.271667 0.003500 0.016667
1 0.725750 0.272000 0.004500 0.017333
1 0.744000 0.259667 0.004000 0.016667
1 0.745250 0.246000 0.005500 0.018667
1 0.756750 0.242667 0.003500 0.013333
1 0.751000 0.247000 0.004000 0.014000
1 0.722000 0.258667 0.004000 0.016000
1 0.749250 0.265000 0.004500 0.014000
2 0.925750 0.331000 0.006500 0.011333
0 0.916000 0.328333 0.010000 0.008667
10 0.925250 0.336000 0.006500 0.012000
1 0.921000 0.317000 0.007000 0.020667
2 0.922500 0.295000 0.010000 0.011333
2 0.931250 0.295667 0.006500 0.011333
1 0.912250 0.300000 0.005500 0.017333
2 0.920250 0.271000 0.005500 0.010000
1 0.912500 0.270667 0.005000 0.014667
1 0.899500 0.265000 0.006000 0.015333
1 0.834000 0.252333 0.005000 0.015333
5 0.866000 0.292667 0.046000 0.021333
5 0.870500 0.276667 0.034000 0.017333
5 0.830000 0.277667 0.034000 0.020667
6 0.835000 0.287000 0.015000 0.022000
5 0.813250 0.268333 0.026500 0.019333
5 0.868250 0.286000 0.038500 0.016000
5 0.795000 0.289333 0.034000 0.020000
9 0.842250 0.197000 0.065500 0.028667
5 0.772750 0.262667 0.033500 0.018667
5 0.789750 0.259000 0.023500 0.014000
5 0.783250 0.247667 0.024500 0.016667
5 0.771500 0.244333 0.022000 0.018000
5 0.787250 0.230333 0.017500 0.019333
5 0.794500 0.222667 0.009000 0.016000
5 0.732750 0.220667 0.020500 0.014667
5 0.718250 0.241000 0.029500 0.016667
4 0.781000 0.211667 0.018000 0.016667
4 0.796000 0.212333 0.016000 0.016667
4 0.746750 0.204667 0.023500 0.012000
4 0.706000 0.200667 0.025000 0.013333
4 0.700000 0.181667 0.018000 0.010000
4 0.797750 0.189333 0.023500 0.012000
9 0.756750 0.190333 0.055500 0.024667
4 0.757000 0.218667 0.013000 0.014667
6 0.736000 0.215000 0.028000 0.020667
4 0.704000 0.216667 0.016000 0.016000
6 0.827500 0.225000 0.033000 0.027333
7 0.661500 0.942333 0.043000 0.098000
0 0.381250 0.148333 0.016500 0.015333
0 0.407250 0.144667 0.011500 0.014667
0 0.478000 0.137333 0.044000 0.006667
4 0.607500 0.145667 0.013000 0.008667
1 0.724500 0.190667 0.004000 0.012000
3 0.723750 0.192667 0.006500 0.006667
8 0.147500 0.835333 0.072000 0.070667
0 0.121250 0.727333 0.023500 0.025333
0 0.065000 0.758000 0.070000 0.024000
