5 0.504643 0.094286 0.030714 0.097143
5 0.508214 0.305238 0.023571 0.079048
5 0.512500 0.698095 0.026429 0.081905
5 0.286786 0.215714 0.032143 0.082857
4 0.510000 0.435238 0.028571 0.081905
4 0.513929 0.553810 0.032143 0.090476
4 0.287143 0.362857 0.032857 0.087619
4 0.259286 0.789048 0.058571 0.067619
4 0.518214 0.982381 0.029286 0.035238
1 0.293929 0.935238 0.010714 0.019048
1 0.365000 0.777143 0.011429 0.024762
1 0.290000 0.966667 0.012857 0.020952
1 0.301429 0.962381 0.007143 0.023810
1 0.309643 0.962857 0.010714 0.024762
1 0.321071 0.954762 0.016429 0.016190
1 0.560357 0.333810 0.007857 0.020000
1 0.542143 0.287143 0.008571 0.016190
1 0.553571 0.283810 0.005714 0.017143
3 0.586071 0.319048 0.009286 0.030476
10 0.228214 0.229524 0.023571 0.017143
10 0.223929 0.430000 0.026429 0.012381
