4 0.424322 0.929499 0.024008 0.094620
4 0.604906 0.950835 0.036534 0.096475
4 0.465031 0.963822 0.027140 0.070501
4 0.620042 0.786642 0.026096 0.072356
4 0.874739 0.818646 0.062630 0.051020
4 0.428497 0.730519 0.024008 0.073284
4 0.426670 0.580705 0.017223 0.059369
4 0.455637 0.591373 0.018789 0.052876
4 0.519572 0.563544 0.020355 0.041744
4 0.498695 0.454545 0.018267 0.037106
4 0.426148 0.424397 0.013048 0.041744
4 0.457724 0.353432 0.011482 0.029685
4 0.472860 0.274583 0.010438 0.020408
4 0.496347 0.272727 0.012526 0.022263
4 0.475209 0.200835 0.010960 0.017625
6 0.455637 0.166048 0.010438 0.022263
4 0.469207 0.163265 0.008351 0.016698
4 0.422234 0.092764 0.007307 0.012987
4 0.456942 0.100186 0.006785 0.012987
5 0.451461 0.076994 0.007307 0.012987
4 0.442067 0.044063 0.006263 0.010204
9 0.402662 0.039425 0.008873 0.025046
4 0.419102 0.020408 0.006263 0.011132
1 0.150052 0.193414 0.003653 0.012059
4 0.448591 0.029685 0.006785 0.011132
5 0.497912 0.084416 0.006263 0.014842
4 0.537839 0.229128 0.010960 0.018553
4 0.604645 0.344156 0.031837 0.022263
5 0.603079 0.321429 0.022443 0.021336
5 0.589248 0.282931 0.030271 0.024119
5 0.577505 0.260668 0.021399 0.020408
4 0.575157 0.245826 0.022965 0.014842
4 0.551670 0.198516 0.022965 0.014842
4 0.550626 0.187384 0.021921 0.012987
4 0.544102 0.161410 0.016180 0.014842
5 0.549582 0.164657 0.015658 0.015770
5 0.545668 0.181354 0.017223 0.013915
4 0.519050 0.150742 0.008873 0.013915
4 0.533403 0.133117 0.015658 0.010204
4 0.532359 0.129406 0.016701 0.010204
4 0.525574 0.117811 0.016701 0.011132
4 0.544363 0.117811 0.016701 0.012987
5 0.509395 0.076994 0.013570 0.011132
5 0.682150 0.462430 0.031315 0.026902
4 0.652923 0.391929 0.029228 0.025046
1 0.645355 0.436920 0.005741 0.018553
2 0.664666 0.603432 0.004697 0.017625
2 0.633612 0.534787 0.004175 0.015770
2 0.584812 0.422542 0.004697 0.012059
2 0.553236 0.335343 0.002088 0.010204
4 0.483559 0.024583 0.005741 0.010204
4 0.476514 0.004174 0.005219 0.008349
0 0.484342 0.013451 0.016701 0.008349
2 0.503132 0.143785 0.002088 0.007421
10 0.502610 0.148887 0.002088 0.004638
10 0.492432 0.077922 0.001566 0.005566
2 0.491910 0.073284 0.001566 0.005566
1 0.486952 0.070501 0.002088 0.009276
2 0.542537 0.422078 0.003653 0.012987
3 0.541493 0.429963 0.004697 0.015770
3 0.584551 0.430427 0.004175 0.011132
10 0.599426 0.441558 0.005741 0.022263
10 0.632568 0.543135 0.008351 0.013915
10 0.568633 0.153525 0.007829 0.010204
2 0.289927 0.872449 0.006785 0.023191
2 0.304019 0.911874 0.010960 0.025974
2 0.328549 0.550557 0.005741 0.010204
2 0.359081 0.535714 0.007307 0.021336
2 0.368215 0.540353 0.006785 0.023191
10 0.328810 0.561224 0.007307 0.014842
10 0.358038 0.542208 0.005219 0.017625
10 0.367693 0.547310 0.005741 0.012987
10 0.288883 0.889610 0.008873 0.027829
10 0.302453 0.933673 0.009916 0.030612
4 0.084290 0.984230 0.071503 0.029685
2 0.362213 0.293135 0.003132 0.011132
2 0.380219 0.128942 0.002610 0.007421
2 0.382568 0.125232 0.002088 0.005566
10 0.382307 0.130798 0.002610 0.007421
10 0.379697 0.133581 0.002610 0.005566
10 0.361952 0.301484 0.003653 0.009276
2 0.790449 0.661410 0.005741 0.011132
2 0.854645 0.664193 0.006785 0.022263
10 0.854123 0.670686 0.015136 0.020408
10 0.788100 0.670223 0.017745 0.015770
2 0.822025 0.664193 0.005219 0.018553
10 0.819415 0.671150 0.017745 0.013915
