4 0.472143 0.912381 0.018571 0.032381
4 0.437857 0.801905 0.017143 0.024762
0 0.181786 0.033333 0.036429 0.059048
6 0.215000 0.138095 0.007143 0.015238
6 0.199643 0.236667 0.009286 0.016190
6 0.163214 0.232381 0.010714 0.024762
6 0.178571 0.077619 0.008571 0.020000
5 0.202857 0.085714 0.004286 0.007619
5 0.218571 0.173810 0.004286 0.008571
5 0.211429 0.199524 0.004286 0.008571
4 0.207857 0.300476 0.005714 0.010476
4 0.184286 0.189048 0.007143 0.008571
4 0.205714 0.269048 0.005714 0.010476
4 0.206429 0.219524 0.005714 0.008571
4 0.215357 0.152381 0.005000 0.007619
4 0.290000 0.257619 0.005714 0.010476
4 0.287500 0.250952 0.006429 0.010476
0 0.211429 0.254762 0.005714 0.010476
0 0.247143 0.365714 0.010000 0.011429
4 0.668929 0.986667 0.026429 0.024762
4 0.605000 0.969048 0.027143 0.025714
4 0.624643 0.989524 0.033571 0.019048
4 0.986786 0.835714 0.020714 0.021905
6 0.874643 0.886667 0.035000 0.020952
0 0.751429 0.524762 0.011429 0.019048
4 0.826071 0.547143 0.016429 0.012381
6 0.651786 0.365714 0.016429 0.017143
6 0.568214 0.337619 0.012143 0.020000
5 0.494643 0.273810 0.006429 0.010476
3 0.363571 0.642857 0.005714 0.013333
3 0.451429 0.969524 0.010000 0.013333
0 0.474286 0.148095 0.010000 0.033333
4 0.167857 0.389524 0.007143 0.013333
0 0.156071 0.413333 0.005000 0.011429
0 0.158929 0.356190 0.005000 0.017143
4 0.167143 0.331905 0.005714 0.014286
4 0.541429 0.653810 0.011429 0.023810
4 0.533571 0.677143 0.010000 0.022857
4 0.643214 0.303333 0.012143 0.008571
1 0.266071 0.301905 0.002143 0.005714
1 0.265000 0.290952 0.001429 0.004762
1 0.258929 0.272381 0.002143 0.005714
1 0.256786 0.272381 0.002143 0.005714
1 0.261786 0.263810 0.002143 0.005714
1 0.260000 0.255238 0.001429 0.005714
1 0.252143 0.249048 0.001429 0.004762
0 0.268214 0.228095 0.007857 0.012381
