4 0.470000 0.745558 0.018571 0.054569
4 0.415000 0.812817 0.021429 0.059645
4 0.477500 0.564086 0.016429 0.039340
4 0.496071 0.557741 0.015000 0.041878
4 0.468929 0.504442 0.015000 0.034264
4 0.462143 0.657360 0.015714 0.045685
4 0.448929 0.609772 0.015000 0.041878
4 0.439286 0.817893 0.021429 0.059645
4 0.399286 0.896574 0.022857 0.067259
4 0.501071 0.507614 0.013571 0.032995
4 0.513214 0.234772 0.010714 0.022843
4 0.508571 0.267132 0.010000 0.024112
4 0.529286 0.248731 0.012857 0.025381
4 0.510357 0.444162 0.012143 0.030457
4 0.460357 0.807107 0.017857 0.053299
4 0.452857 0.869924 0.020000 0.054569
4 0.527857 0.273477 0.011429 0.024112
4 0.485714 0.408629 0.012857 0.030457
5 0.477143 0.460660 0.012857 0.030457
5 0.440714 0.656091 0.015714 0.040609
5 0.425714 0.749365 0.021429 0.054569
5 0.461429 0.539340 0.015714 0.038071
5 0.489286 0.476523 0.014286 0.041878
5 0.484286 0.627538 0.014286 0.041878
5 0.478929 0.676396 0.017857 0.045685
5 0.440357 0.952411 0.020714 0.064721
4 0.414643 0.973350 0.020714 0.050761
4 0.386786 0.980330 0.023571 0.036802
5 0.530000 0.220178 0.010000 0.021574
4 0.505357 0.474619 0.012143 0.035533
4 0.497143 0.338832 0.010000 0.027919
4 0.030357 0.399112 0.020714 0.034264
9 0.092500 0.304569 0.032143 0.050761
9 0.153214 0.218274 0.026429 0.043147
9 0.009643 0.435279 0.019286 0.058376
9 0.184286 0.190990 0.034286 0.067259
9 0.212857 0.173223 0.021429 0.041878
5 0.238214 0.082487 0.020714 0.017766
4 0.536786 0.122462 0.007857 0.016497
5 0.537500 0.086294 0.010714 0.022843
5 0.558214 0.164340 0.010714 0.026650
4 0.568214 0.136421 0.009286 0.016497
1 0.562500 0.130711 0.003571 0.012690
1 0.625000 0.782360 0.007143 0.026650
1 0.667500 0.685914 0.003571 0.011421
1 0.706429 0.667513 0.004286 0.012690
1 0.693929 0.606599 0.003571 0.015228
1 0.648214 0.687817 0.005000 0.010152
1 0.647143 0.682107 0.002857 0.011421
1 0.656071 0.684010 0.003571 0.012690
1 0.660000 0.679569 0.002857 0.013959
1 0.662857 0.679569 0.002857 0.013959
1 0.652500 0.671954 0.003571 0.013959
1 0.657143 0.673858 0.004286 0.015228
1 0.661071 0.670051 0.003571 0.015228
1 0.657143 0.664975 0.004286 0.015228
1 0.790357 0.825508 0.006429 0.016497
1 0.868571 0.968909 0.004286 0.021574
1 0.857857 0.928299 0.004286 0.021574
1 0.869286 0.925127 0.005714 0.022843
1 0.853571 0.905457 0.004286 0.021574
1 0.859286 0.899112 0.004286 0.021574
1 0.860000 0.888325 0.005714 0.017766
1 0.865714 0.895939 0.004286 0.017766
1 0.878571 0.913071 0.004286 0.024112
1 0.891071 0.970178 0.005000 0.026650
1 0.887143 0.932741 0.005714 0.025381
1 0.870000 0.848350 0.010000 0.016497
1 0.845357 0.782995 0.006429 0.025381
1 0.874286 0.877538 0.007143 0.021574
1 0.894286 0.951777 0.007143 0.022843
1 0.880000 0.895939 0.007143 0.017766
