1 0.120000 0.476190 0.050000 0.120000
1 0.213571 0.360000 0.034286 0.074286
1 0.336429 0.319048 0.017143 0.055238
1 0.376429 0.330952 0.031429 0.080952
1 0.415357 0.336667 0.026429 0.073333
1 0.457500 0.303333 0.020714 0.069524
1 0.497500 0.507619 0.036429 0.140952
1 0.530357 0.366190 0.035000 0.060000
1 0.487143 0.402381 0.030000 0.100000
1 0.474286 0.391905 0.030000 0.090476
1 0.144286 0.460476 0.052857 0.124762
1 0.286429 0.588571 0.067143 0.150476
1 0.318214 0.595238 0.039286 0.123810
1 0.023214 0.516667 0.046429 0.136190
1 0.066429 0.660952 0.067143 0.156190
1 0.243929 0.655714 0.062143 0.178095
1 0.332500 0.680476 0.050714 0.151429
1 0.419643 0.666667 0.059286 0.158095
1 0.536429 0.667143 0.048571 0.159048
1 0.658214 0.642857 0.055000 0.160000
1 0.704286 0.679524 0.048571 0.159048
1 0.798571 0.663810 0.051429 0.173333
1 0.864643 0.658571 0.069286 0.172381
1 0.920714 0.664286 0.048571 0.140000
1 0.973929 0.647143 0.052143 0.187619
1 0.956429 0.916190 0.045714 0.123810
1 0.938214 0.382381 0.049286 0.084762
2 0.691071 0.369524 0.036429 0.074286
2 0.665714 0.369048 0.040000 0.061905
2 0.725714 0.348095 0.028571 0.054286
1 0.461429 0.271905 0.011429 0.052381
1 0.035714 0.495714 0.035714 0.088571
2 0.243571 0.594762 0.038571 0.084762
