0 0.471786 0.098095 0.025000 0.045714
0 0.483214 0.050952 0.022143 0.042857
6 0.457857 0.338095 0.020000 0.047619
6 0.704286 0.767143 0.081429 0.063810
4 0.693571 0.637619 0.022857 0.052381
4 0.467500 0.410000 0.012143 0.023810
6 0.652143 0.505238 0.042857 0.035238
6 0.692857 0.371905 0.018571 0.031429
0 0.440000 0.277143 0.005714 0.015238
6 0.455357 0.165238 0.007857 0.021905
4 0.678571 0.363333 0.010000 0.018095
7 0.668571 0.357143 0.008571 0.017143
1 0.427857 0.954286 0.010000 0.034286
6 0.806071 0.155238 0.013571 0.020952
4 0.485000 0.304762 0.008571 0.013333
6 0.537500 0.090000 0.012143 0.006667
0 0.534643 0.110952 0.016429 0.021905
1 0.531429 0.228571 0.001429 0.007619
