5 0.326983 0.024583 0.027662 0.049165
5 0.290710 0.184137 0.036534 0.076994
7 0.316545 0.185529 0.017223 0.055659
1 0.332985 0.179963 0.009395 0.042672
7 0.370303 0.129406 0.014092 0.054731
10 0.570459 0.191558 0.010438 0.043599
4 0.400313 0.360390 0.082463 0.075139
5 0.412839 0.295455 0.069937 0.073284
4 0.388570 0.468924 0.087161 0.071429
6 0.506785 0.454545 0.092902 0.077922
1 0.284186 0.821429 0.017223 0.047310
4 0.401618 0.706865 0.043319 0.157699
5 0.557150 0.759740 0.041232 0.146568
4 0.705637 0.741651 0.054280 0.162338
4 0.770094 0.738404 0.071503 0.163265
4 0.860647 0.739796 0.061587 0.164193
5 0.924582 0.741651 0.075678 0.154917
4 0.973643 0.775974 0.051670 0.164193
7 0.977818 0.493506 0.043319 0.044527
7 0.983299 0.420686 0.032359 0.039889
5 0.820198 0.404453 0.104906 0.079777
3 0.979123 0.578850 0.028184 0.051948
1 0.221033 0.912338 0.022443 0.039889
3 0.133351 0.952226 0.036013 0.071429
1 0.160491 0.976809 0.027662 0.037106
