1 0.257143 0.624286 0.020000 0.048571
1 0.350357 0.457143 0.015000 0.030476
1 0.446786 0.611429 0.013571 0.041905
4 0.476786 0.876667 0.109286 0.145714
4 0.379643 0.674286 0.052143 0.081905
4 0.461071 0.664286 0.067857 0.069524
4 0.417857 0.447619 0.057143 0.040000
4 0.403929 0.438571 0.057857 0.037143
4 0.324643 0.473810 0.036429 0.039048
4 0.340000 0.408571 0.027143 0.028571
4 0.319286 0.381429 0.020000 0.023810
4 0.302500 0.364286 0.022143 0.029524
4 0.146429 0.266667 0.010000 0.013333
2 0.151429 0.245238 0.002857 0.006667
2 0.142500 0.248095 0.003571 0.006667
2 0.118571 0.245714 0.002857 0.005714
10 0.118571 0.247143 0.004286 0.004762
10 0.142857 0.250000 0.004286 0.006667
10 0.151786 0.247143 0.003571 0.004762
1 0.195357 0.300000 0.007857 0.015238
0 0.211786 0.312381 0.012143 0.022857
2 0.158214 0.242857 0.002143 0.005714
3 0.158214 0.244286 0.002143 0.004762
0 0.119643 0.225714 0.023571 0.013333
