4 0.217641 0.182746 0.013570 0.011132
6 0.225209 0.157699 0.010960 0.029685
6 0.202505 0.206865 0.019833 0.016698
2 0.234342 0.173933 0.003132 0.006494
2 0.226253 0.205009 0.002610 0.007421
2 0.214770 0.242579 0.003653 0.006494
10 0.234603 0.176252 0.002610 0.005566
10 0.225992 0.207328 0.003132 0.006494
10 0.215031 0.244898 0.003132 0.009276
1 0.163883 0.240260 0.002088 0.007421
5 0.138570 0.351577 0.023486 0.024119
5 0.131785 0.358071 0.026618 0.022263
4 0.126566 0.365492 0.032881 0.024119
6 0.119781 0.390074 0.050626 0.032468
7 0.132829 0.434601 0.008873 0.023191
10 0.085334 0.434601 0.013048 0.017625
4 0.213466 0.422542 0.017745 0.028757
8 0.135438 0.493970 0.017223 0.039889
5 0.215031 0.504638 0.030271 0.040816
5 0.249739 0.495826 0.029749 0.052876
10 0.224948 0.409555 0.005219 0.017625
4 0.055324 0.516234 0.045929 0.034323
8 0.046451 0.552876 0.019833 0.046382
10 0.268789 0.410019 0.006263 0.020408
1 0.025835 0.695733 0.014092 0.038961
1 0.155793 0.711039 0.008873 0.030612
1 0.161013 0.704545 0.009916 0.034323
8 0.129958 0.856679 0.038622 0.084416
10 0.131785 0.952226 0.029749 0.038033
2 0.221816 0.919295 0.015658 0.040816
10 0.221294 0.930891 0.013570 0.049165
8 0.303758 0.870130 0.033403 0.090909
10 0.367693 0.928571 0.025574 0.033395
10 0.490084 0.928571 0.031315 0.035250
7 0.477557 0.950371 0.048017 0.049165
7 0.493737 0.967069 0.048017 0.064007
1 0.385177 0.931818 0.009395 0.036178
1 0.445720 0.820501 0.010438 0.039889
7 0.452244 0.833488 0.039144 0.073284
4 0.406837 0.813080 0.078810 0.054731
1 0.469990 0.734694 0.007829 0.037106
5 0.394572 0.715677 0.053236 0.049165
6 0.360647 0.669759 0.081420 0.072356
6 0.261221 0.730519 0.025574 0.071429
2 0.268528 0.543135 0.008873 0.021336
10 0.269050 0.548237 0.016180 0.020408
7 0.291493 0.483766 0.017223 0.036178
8 0.313674 0.457792 0.014614 0.030612
10 0.334029 0.448980 0.009395 0.024119
1 0.374478 0.523655 0.006785 0.032468
7 0.356733 0.445269 0.023486 0.022263
10 0.349165 0.457792 0.011482 0.017625
9 0.444415 0.518089 0.064196 0.064007
6 0.490084 0.485622 0.048017 0.049165
10 0.445198 0.436456 0.011482 0.012059
10 0.448069 0.448052 0.016180 0.016698
2 0.462683 0.455009 0.005741 0.012059
1 0.457463 0.425788 0.005741 0.024119
1 0.445459 0.421614 0.005741 0.023191
10 0.465292 0.441095 0.009916 0.019481
2 0.480950 0.433673 0.005741 0.015770
2 0.475992 0.426716 0.007307 0.018553
10 0.489562 0.426252 0.010438 0.017625
10 0.498173 0.422078 0.009916 0.022263
10 0.495042 0.442022 0.009916 0.015770
1 0.504697 0.429499 0.005219 0.024119
3 0.500000 0.447124 0.013570 0.016698
1 0.507046 0.427644 0.003653 0.024119
2 0.514614 0.434137 0.005219 0.020408
10 0.512526 0.420223 0.010438 0.018553
7 0.514614 0.445269 0.012526 0.027829
10 0.522704 0.443878 0.010960 0.021336
10 0.532098 0.418367 0.006785 0.014842
3 0.536273 0.410946 0.009916 0.012987
10 0.550365 0.443414 0.014092 0.018553
10 0.562891 0.429963 0.008873 0.021336
7 0.570198 0.424397 0.015136 0.021336
7 0.583246 0.423933 0.012004 0.018553
8 0.599426 0.422542 0.017223 0.028757
4 0.550104 0.469852 0.040710 0.038033
4 0.590814 0.467532 0.032359 0.033395
4 0.579071 0.557514 0.050626 0.035250
8 0.609603 0.421614 0.018789 0.030612
8 0.620303 0.420223 0.017223 0.024119
8 0.643006 0.416976 0.019833 0.028757
7 0.635438 0.421150 0.014092 0.022263
8 0.638048 0.446660 0.021399 0.026902
4 0.668319 0.424397 0.031837 0.032468
4 0.711117 0.396568 0.026618 0.026902
10 0.701461 0.380334 0.010438 0.011132
5 0.635438 0.535250 0.037056 0.040816
1 0.748695 0.511596 0.005741 0.025046
5 0.756524 0.488404 0.042276 0.038033
2 0.761743 0.416976 0.007829 0.021336
7 0.763309 0.422542 0.019311 0.017625
6 0.790188 0.394249 0.036534 0.038961
10 0.735647 0.365955 0.006785 0.015770
6 0.841858 0.418367 0.116910 0.089054
4 0.932672 0.634508 0.056367 0.063080
4 0.966075 0.591373 0.044885 0.043599
7 0.987996 0.670223 0.022965 0.039889
10 0.934238 0.768553 0.027140 0.028757
10 0.845772 0.362709 0.016180 0.022263
1 0.708768 0.912801 0.008351 0.031540
1 0.704071 0.898887 0.012526 0.042672
7 0.637265 0.984230 0.051148 0.029685
