1 0.187500 0.943810 0.045000 0.080000
1 0.660357 0.654762 0.030714 0.054286
1 0.222500 0.720952 0.052143 0.062857
4 0.460000 0.741905 0.188571 0.140952
4 0.124643 0.641905 0.077857 0.182857
4 0.278214 0.558095 0.073571 0.137143
4 0.964286 0.682381 0.071429 0.119048
4 0.831071 0.717619 0.173571 0.136190
4 0.967857 0.311905 0.064286 0.132381
4 0.925357 0.324286 0.097857 0.136190
4 0.807143 0.306667 0.085714 0.129524
5 0.747500 0.268095 0.083571 0.126667
5 0.488214 0.567619 0.165000 0.118095
5 0.444643 0.368571 0.125000 0.108571
5 0.396786 0.317143 0.110714 0.121905
5 0.265357 0.393333 0.073571 0.165714
1 0.581786 0.443810 0.016429 0.055238
1 0.527857 0.277143 0.015714 0.059048
1 0.487857 0.229524 0.010000 0.053333
1 0.504643 0.219524 0.012143 0.050476
1 0.691071 0.155714 0.015000 0.050476
4 0.541786 0.170952 0.082143 0.098095
4 0.497500 0.160476 0.083571 0.094286
4 0.467143 0.132857 0.082857 0.073333
4 0.203571 0.174286 0.061429 0.074286
5 0.293929 0.197619 0.057857 0.109524
4 0.307857 0.125238 0.044286 0.063810
4 0.318929 0.042857 0.037857 0.062857
4 0.029286 0.361905 0.057143 0.129524
4 0.055714 0.248571 0.082857 0.106667
4 0.104643 0.158571 0.062143 0.082857
4 0.136786 0.083810 0.055000 0.074286
4 0.224643 0.020952 0.043571 0.040000
4 0.333929 0.012857 0.030714 0.025714
1 0.228571 0.236190 0.010000 0.034286
1 0.233571 0.253333 0.007143 0.036190
