4 0.623929 0.935279 0.045000 0.106599
4 0.494286 0.573604 0.021429 0.045685
4 0.447857 0.416244 0.015714 0.035533
4 0.397143 0.297589 0.011429 0.024112
5 0.441429 0.340736 0.012857 0.031726
5 0.598929 0.838832 0.039286 0.096447
5 0.577500 0.762056 0.033571 0.087563
5 0.554643 0.693528 0.029286 0.074873
5 0.535357 0.633883 0.026429 0.062183
5 0.522143 0.589467 0.025714 0.062183
5 0.508929 0.550127 0.022143 0.052030
4 0.501071 0.517766 0.013571 0.032995
0 0.485000 0.461929 0.037143 0.091371
1 0.393929 0.428934 0.005000 0.020305
1 0.546786 0.486675 0.005000 0.024112
1 0.533214 0.502538 0.005000 0.022843
1 0.529643 0.501904 0.005000 0.026650
1 0.623214 0.789340 0.006429 0.032995
1 0.614286 0.786168 0.007143 0.031726
1 0.475357 0.350254 0.005000 0.015228
4 0.467143 0.413071 0.014286 0.026650
1 0.476786 0.407360 0.005000 0.022843
1 0.389286 0.376904 0.004286 0.020305
1 0.468214 0.339467 0.003571 0.016497
1 0.464643 0.325508 0.003571 0.016497
1 0.466429 0.343909 0.002857 0.012690
1 0.461786 0.329315 0.003571 0.013959
1 0.462500 0.322970 0.005000 0.016497
1 0.458929 0.313452 0.003571 0.017766
1 0.455357 0.313452 0.003571 0.015228
1 0.396786 0.336929 0.003571 0.016497
1 0.383571 0.285533 0.002857 0.015228
1 0.392500 0.220178 0.003571 0.011421
1 0.399286 0.217640 0.002857 0.008883
1 0.431429 0.307107 0.002857 0.010152
10 0.432500 0.312817 0.005000 0.011421
6 0.427143 0.291878 0.012857 0.032995
1 0.454286 0.286802 0.002857 0.015228
5 0.401071 0.196066 0.017857 0.016497
4 0.377500 0.197970 0.017857 0.010152
1 0.414643 0.470178 0.005000 0.019036
5 0.646429 0.983503 0.034286 0.030457
