4 0.692500 0.500476 0.076429 0.084762
4 0.528214 0.436667 0.087857 0.044762
4 0.597857 0.357619 0.080000 0.046667
4 0.703214 0.367619 0.075000 0.045714
4 0.357143 0.370952 0.074286 0.044762
4 0.078929 0.425238 0.107857 0.050476
4 0.489286 0.305714 0.068571 0.049524
4 0.510714 0.201429 0.027143 0.042857
4 0.857143 0.361429 0.075714 0.044762
4 0.100000 0.300000 0.085714 0.040000
4 0.110357 0.380000 0.103571 0.053333
4 0.869643 0.338095 0.065000 0.038095
9 0.390000 0.180476 0.047143 0.122857
9 0.470357 0.173810 0.040714 0.113333
4 0.432857 0.105714 0.018571 0.036190
9 0.433571 0.040476 0.024286 0.063810
4 0.568571 0.071905 0.021429 0.031429
1 0.743929 0.227143 0.012143 0.029524
1 0.650714 0.295714 0.014286 0.031429
1 0.624643 0.284286 0.010714 0.031429
1 0.826786 0.536190 0.020714 0.045714
1 0.861429 0.562381 0.024286 0.039048
1 0.886786 0.701905 0.022143 0.041905
1 0.457857 0.575238 0.017143 0.038095
6 0.250000 0.425714 0.141429 0.068571
2 0.526071 0.590476 0.019286 0.043810
2 0.140357 0.511905 0.019286 0.042857
3 0.527857 0.600476 0.040000 0.029524
10 0.142857 0.518095 0.042857 0.034286
10 0.857857 0.621905 0.028571 0.049524
2 0.856429 0.613810 0.021429 0.029524
2 0.862143 0.621905 0.022857 0.032381
1 0.451786 0.279524 0.009286 0.033333
1 0.418571 0.249048 0.014286 0.033333
1 0.267500 0.259524 0.012143 0.040952
1 0.271071 0.197619 0.010714 0.033333
1 0.297143 0.125238 0.011429 0.027619
1 0.311786 0.140952 0.009286 0.026667
1 0.215357 0.243333 0.015000 0.031429
1 0.282143 0.124286 0.011429 0.029524
4 0.333929 0.140000 0.025000 0.030476
4 0.337143 0.113810 0.021429 0.027619
1 0.336786 0.069048 0.005000 0.023810
10 0.423214 0.158571 0.010714 0.029524
2 0.423929 0.153333 0.009286 0.020952
7 0.325714 0.193333 0.030000 0.034286
3 0.268571 0.150000 0.011429 0.021905
10 0.206786 0.277619 0.016429 0.033333
1 0.010357 0.280952 0.015000 0.028571
10 0.034286 0.321905 0.034286 0.022857
2 0.459286 0.246667 0.008571 0.026667
3 0.461429 0.252381 0.025714 0.020952
1 0.988214 0.585714 0.023571 0.036190
4 0.721071 0.162857 0.036429 0.043810
4 0.746429 0.122857 0.040000 0.024762
4 0.966786 0.216190 0.055000 0.028571
4 0.885714 0.143810 0.034286 0.019048
4 0.926429 0.266190 0.050000 0.027619
4 0.906786 0.244762 0.050714 0.024762
5 0.933929 0.180000 0.047857 0.026667
5 0.878929 0.212381 0.043571 0.036190
4 0.813571 0.080000 0.037143 0.024762
0 0.835357 0.168571 0.053571 0.051429
0 0.791071 0.127143 0.037857 0.040952
0 0.856071 0.110952 0.037857 0.040952
6 0.948929 0.284286 0.065000 0.040952
