4 0.358500 0.523667 0.066000 0.036667
5 0.448250 0.523333 0.057500 0.038667
4 0.659000 0.534667 0.063000 0.038667
4 0.823000 0.537667 0.057000 0.036667
4 0.874250 0.405000 0.084500 0.040667
4 0.669000 0.431667 0.083000 0.035333
0 0.672250 0.500333 0.028500 0.020667
3 0.707250 0.562000 0.020500 0.018667
3 0.202750 0.832667 0.015500 0.038667
3 0.301750 0.558667 0.012500 0.025333
3 0.243250 0.538667 0.026500 0.020000
3 0.250250 0.526000 0.020500 0.013333
1 0.240250 0.531667 0.010500 0.016667
1 0.245250 0.521333 0.012500 0.018667
0 0.218250 0.176667 0.028500 0.032000
0 0.421750 0.184667 0.024500 0.022667
0 0.684500 0.148000 0.016000 0.022667
0 0.718500 0.195667 0.023000 0.024667
0 0.756500 0.202667 0.027000 0.032000
4 0.573750 0.174667 0.052500 0.032000
4 0.662000 0.175000 0.050000 0.027333
4 0.664500 0.111333 0.023000 0.050667
4 0.780500 0.111667 0.049000 0.028667
4 0.780500 0.088000 0.050000 0.026667
0 0.431750 0.143667 0.011500 0.040667
10 0.733000 0.062000 0.016000 0.018667
1 0.037000 0.129667 0.011000 0.026000
4 0.009000 0.147000 0.018000 0.026000
