1 0.419286 0.099048 0.005714 0.015238
2 0.425357 0.088571 0.003571 0.013333
3 0.425714 0.091905 0.005714 0.008571
1 0.460714 0.352381 0.007143 0.022857
1 0.466429 0.356667 0.005714 0.023810
1 0.458571 0.404762 0.010000 0.028571
1 0.443214 0.405238 0.009286 0.027619
1 0.428571 0.401429 0.010000 0.027619
1 0.431786 0.454286 0.009286 0.028571
1 0.374643 0.475714 0.009286 0.031429
1 0.337857 0.489048 0.011429 0.027619
1 0.421786 0.456667 0.010714 0.027619
1 0.416429 0.450000 0.008571 0.027619
1 0.405000 0.452857 0.010000 0.027619
1 0.397857 0.449524 0.010000 0.026667
1 0.392857 0.442857 0.008571 0.028571
1 0.378214 0.441429 0.009286 0.029524
1 0.375357 0.437619 0.009286 0.029524
1 0.357857 0.420952 0.008571 0.026667
1 0.342857 0.445238 0.012857 0.029524
1 0.341429 0.439048 0.010000 0.028571
2 0.313929 0.488571 0.015000 0.028571
3 0.313929 0.493810 0.020714 0.025714
1 0.245000 0.599048 0.012857 0.030476
1 0.105714 0.988095 0.030000 0.023810
1 0.182500 0.961905 0.023571 0.030476
1 0.294286 0.924286 0.020000 0.040952
1 0.315714 0.930476 0.020000 0.028571
1 0.313571 0.952381 0.022857 0.034286
1 0.478214 0.911905 0.013571 0.035238
1 0.482857 0.970000 0.012857 0.035238
1 0.495714 0.930952 0.021429 0.037143
1 0.521429 0.963333 0.012857 0.050476
1 0.203929 0.482381 0.016429 0.027619
1 0.631429 0.809524 0.015714 0.032381
1 0.732857 0.623810 0.015714 0.032381
1 0.741071 0.674286 0.015000 0.036190
1 0.766429 0.670000 0.017143 0.033333
1 0.774643 0.682381 0.015000 0.035238
1 0.713214 0.766190 0.015000 0.035238
1 0.705357 0.754762 0.017857 0.033333
1 0.750714 0.751429 0.021429 0.034286
1 0.730714 0.734762 0.017143 0.035238
1 0.726429 0.724762 0.017143 0.028571
