7 0.477500 0.499524 0.026429 0.021905
4 0.423571 0.856667 0.024286 0.080952
4 0.475714 0.844762 0.024286 0.078095
10 0.419286 0.767619 0.012857 0.030476
10 0.432857 0.697619 0.010000 0.021905
10 0.469643 0.689524 0.007857 0.022857
10 0.490000 0.681905 0.008571 0.020952
10 0.508214 0.679524 0.009286 0.021905
10 0.520714 0.603333 0.014286 0.018095
10 0.553929 0.592857 0.013571 0.018095
10 0.673571 0.510000 0.012857 0.016190
10 0.677143 0.486667 0.017143 0.015238
10 0.472857 0.085714 0.004286 0.009524
3 0.787500 0.574286 0.015000 0.017143
9 0.460357 0.152381 0.013571 0.040000
5 0.612143 0.201429 0.020000 0.016190
4 0.484286 0.047619 0.005714 0.007619
4 0.572857 0.045714 0.004286 0.007619
4 0.526071 0.034762 0.009286 0.006667
0 0.482500 0.023810 0.013571 0.024762
2 0.418571 0.765238 0.007143 0.020000
2 0.433571 0.695238 0.007143 0.013333
2 0.468929 0.689524 0.005000 0.015238
2 0.490357 0.681429 0.005000 0.016190
2 0.508214 0.678571 0.005000 0.016190
2 0.552143 0.593333 0.004286 0.015238
2 0.556429 0.592857 0.004286 0.016190
2 0.521429 0.601905 0.005714 0.013333
2 0.678214 0.486190 0.005000 0.012381
2 0.675357 0.509048 0.005000 0.012381
2 0.788929 0.572381 0.006429 0.013333
1 0.578571 0.621905 0.005714 0.013333
1 0.567857 0.630476 0.005714 0.015238
1 0.333929 0.658571 0.007857 0.018095
