4 0.803214 0.980330 0.022143 0.036802
4 0.864286 0.882614 0.027143 0.059645
4 0.738929 0.838832 0.023571 0.043147
5 0.911429 0.680203 0.027143 0.050761
4 0.428571 0.823604 0.014286 0.048223
4 0.513214 0.532360 0.025000 0.026650
5 0.536071 0.491751 0.025000 0.029188
4 0.623214 0.450508 0.020714 0.025381
4 0.687500 0.471447 0.023571 0.026650
4 0.762500 0.383249 0.022143 0.025381
4 0.641429 0.351523 0.022857 0.025381
4 0.626786 0.338832 0.023571 0.022843
9 0.665000 0.288071 0.055714 0.053299
1 0.591071 0.253807 0.003571 0.007614
1 0.571071 0.261421 0.003571 0.012690
6 0.453571 0.390863 0.031429 0.035533
1 0.450357 0.372462 0.005000 0.011421
5 0.349643 0.609772 0.027857 0.029188
4 0.356071 0.583756 0.026429 0.030457
4 0.308571 0.583122 0.024286 0.026650
4 0.270000 0.558376 0.022857 0.025381
6 0.301429 0.536802 0.040000 0.043147
5 0.302500 0.464467 0.027857 0.027919
5 0.150357 0.411802 0.015000 0.039340
4 0.419643 0.029822 0.010714 0.029188
