0 0.460714 0.160952 0.025714 0.041905
0 0.467143 0.116190 0.015714 0.038095
0 0.482143 0.156667 0.012857 0.031429
4 0.485714 0.201429 0.005714 0.006667
4 0.480714 0.205714 0.007143 0.007619
4 0.441071 0.215714 0.007857 0.010476
4 0.453214 0.242381 0.007857 0.010476
4 0.442857 0.242381 0.007143 0.010476
4 0.473214 0.255714 0.010714 0.016190
0 0.469286 0.228095 0.018571 0.037143
4 0.492500 0.238571 0.007857 0.010476
4 0.495714 0.286190 0.012857 0.012381
4 0.510714 0.284286 0.012857 0.010476
4 0.522857 0.278095 0.008571 0.011429
4 0.510000 0.275238 0.008571 0.011429
4 0.492143 0.278571 0.015714 0.012381
4 0.446429 0.426190 0.017143 0.027619
4 0.444286 0.457619 0.018571 0.031429
4 0.443571 0.494762 0.017143 0.033333
4 0.471429 0.509524 0.021429 0.038095
4 0.501071 0.491905 0.022143 0.039048
4 0.507500 0.542857 0.023571 0.047619
4 0.473571 0.559048 0.025714 0.049524
4 0.439643 0.541429 0.020714 0.044762
4 0.431786 0.585714 0.023571 0.049524
4 0.475714 0.620000 0.025714 0.057143
4 0.515000 0.593810 0.027143 0.050476
4 0.521071 0.676190 0.029286 0.070476
4 0.475000 0.684762 0.031429 0.072381
4 0.430357 0.670952 0.029286 0.063810
2 0.265000 0.880000 0.020000 0.040000
2 0.365714 0.568571 0.007143 0.011429
2 0.352143 0.589524 0.007143 0.015238
10 0.366071 0.579524 0.006429 0.018095
10 0.351786 0.602857 0.007857 0.019048
10 0.261071 0.892857 0.013571 0.029524
1 0.295357 0.591429 0.010714 0.026667
2 0.333929 0.618095 0.007857 0.013333
2 0.344286 0.620000 0.007143 0.017143
2 0.355357 0.621429 0.007857 0.014286
10 0.356429 0.635238 0.010000 0.022857
10 0.333214 0.630952 0.007857 0.016190
10 0.343571 0.631905 0.008571 0.012381
0 0.333571 0.677619 0.040000 0.056190
0 0.324643 0.723333 0.037857 0.027619
0 0.321071 0.761905 0.043571 0.040000
0 0.320000 0.796667 0.024286 0.025714
2 0.292143 0.781429 0.012857 0.020000
2 0.340000 0.809524 0.010000 0.019048
2 0.315357 0.816190 0.012143 0.019048
2 0.235714 0.864286 0.012857 0.035238
10 0.315000 0.836190 0.014286 0.032381
10 0.340357 0.827143 0.013571 0.021905
10 0.292857 0.798095 0.008571 0.024762
10 0.235714 0.870952 0.027143 0.035238
1 0.162143 0.884762 0.022857 0.040000
0 0.352500 0.852381 0.015000 0.040000
2 0.353929 0.821905 0.009286 0.019048
10 0.217143 0.764762 0.025714 0.051429
4 0.429286 0.304286 0.024286 0.018095
1 0.904286 0.748571 0.008571 0.028571
1 0.916071 0.752381 0.012143 0.036190
2 0.985000 0.837143 0.020000 0.028571
10 0.979643 0.844762 0.025000 0.019048
1 0.390000 0.227619 0.002857 0.009524
1 0.397857 0.216190 0.002857 0.007619
