4 0.850357 0.736190 0.082143 0.129524
4 0.418929 0.633810 0.086429 0.084762
4 0.410000 0.592381 0.074286 0.064762
4 0.356786 0.581429 0.086429 0.067619
4 0.367500 0.552381 0.072143 0.066667
4 0.526429 0.560476 0.084286 0.073333
4 0.507857 0.541429 0.071429 0.058095
4 0.562143 0.472857 0.050000 0.039048
4 0.572857 0.501429 0.042857 0.042857
4 0.722857 0.393810 0.028571 0.021905
4 0.768929 0.379048 0.022143 0.017143
4 0.824286 0.362857 0.018571 0.019048
4 0.828929 0.349048 0.017857 0.018095
4 0.893929 0.341429 0.016429 0.014286
4 0.855357 0.330476 0.013571 0.011429
4 0.864643 0.340952 0.016429 0.015238
4 0.783929 0.362381 0.020714 0.020000
4 0.795000 0.350476 0.018571 0.017143
4 0.623929 0.362381 0.026429 0.016190
