4 0.095714 0.507614 0.060000 0.086294
4 0.388929 0.397208 0.065000 0.076142
4 0.510000 0.345178 0.065714 0.058376
6 0.642143 0.347081 0.124286 0.087563
4 0.762857 0.371827 0.058571 0.053299
1 0.901429 0.245558 0.012857 0.039340
1 0.895714 0.237944 0.014286 0.036802
1 0.892143 0.229061 0.011429 0.034264
4 0.949643 0.151015 0.043571 0.063452
1 0.730357 0.054569 0.009286 0.038071
1 0.812500 0.013325 0.009286 0.026650
1 0.747143 0.230964 0.012857 0.035533
1 0.655357 0.177030 0.012143 0.031726
1 0.550357 0.146574 0.009286 0.036802
1 0.460000 0.158629 0.008571 0.038071
1 0.365000 0.135787 0.011429 0.032995
1 0.365714 0.123731 0.010000 0.031726
1 0.307500 0.122462 0.009286 0.034264
1 0.258571 0.104061 0.011429 0.035533
4 0.064286 0.295685 0.074286 0.060914
4 0.090000 0.260787 0.077143 0.059645
4 0.022143 0.244289 0.044286 0.054569
