4 0.257857 0.369524 0.110000 0.089524
4 0.333571 0.205238 0.041429 0.088571
4 0.432857 0.290000 0.045714 0.120952
3 0.254643 0.240000 0.032143 0.030476
10 0.254643 0.219048 0.026429 0.015238
10 0.268571 0.204286 0.021429 0.029524
3 0.357500 0.144762 0.033571 0.028571
1 0.314643 0.142857 0.015000 0.045714
1 0.339643 0.097143 0.012143 0.038095
1 0.343929 0.059524 0.013571 0.037143
4 0.486071 0.382381 0.056429 0.132381
4 0.404643 0.100000 0.037857 0.076190
4 0.455000 0.132857 0.035714 0.079048
1 0.478571 0.149048 0.015714 0.039048
1 0.495000 0.145714 0.017143 0.045714
1 0.483214 0.122857 0.010714 0.043810
4 0.457500 0.065238 0.030714 0.056190
4 0.418214 0.054286 0.035000 0.059048
4 0.459643 0.024286 0.030714 0.048571
4 0.423571 0.012857 0.031429 0.025714
4 0.319286 0.498571 0.067143 0.166667
4 0.433929 0.525238 0.063571 0.181905
1 0.378929 0.506667 0.023571 0.057143
5 0.125714 0.774762 0.170000 0.141905
4 0.149286 0.660000 0.172857 0.108571
4 0.180714 0.566667 0.164286 0.091429
1 0.250000 0.809524 0.027143 0.045714
1 0.229286 0.792857 0.021429 0.060000
4 0.292857 0.905238 0.122857 0.187619
6 0.503929 0.774286 0.097857 0.365714
9 0.653929 0.024286 0.056429 0.048571
4 0.681429 0.110476 0.047143 0.066667
4 0.753571 0.075714 0.051429 0.056190
4 0.727500 0.030476 0.036429 0.047619
4 0.745357 0.149524 0.050714 0.064762
4 0.785000 0.130000 0.057143 0.058095
4 0.814286 0.200000 0.065714 0.076190
4 0.863214 0.294286 0.079286 0.087619
1 0.722143 0.215714 0.015714 0.044762
1 0.907500 0.436667 0.026429 0.061905
4 0.938214 0.446190 0.096429 0.120952
