4 0.385699 0.661410 0.045929 0.072356
2 0.389092 0.712894 0.007829 0.019481
4 0.461900 0.403989 0.034447 0.051020
4 0.382568 0.446197 0.046973 0.035250
4 0.382046 0.410019 0.043841 0.037106
4 0.538883 0.241651 0.020355 0.052876
5 0.496868 0.122913 0.022965 0.036178
4 0.520355 0.076067 0.035491 0.033395
4 0.554802 0.038961 0.025052 0.022263
4 0.319415 0.306586 0.038622 0.043599
4 0.055846 0.181818 0.026096 0.038961
4 0.119781 0.141466 0.025574 0.038033
4 0.156576 0.120594 0.024008 0.037106
4 0.198591 0.096475 0.024530 0.033395
4 0.148225 0.016234 0.031315 0.026902
4 0.160491 0.007421 0.030793 0.014842
4 0.029749 0.046846 0.034447 0.026902
4 0.042015 0.033859 0.030793 0.028757
4 0.059499 0.011132 0.033403 0.022263
4 0.398225 0.986085 0.039666 0.025974
