4 0.027500 0.578095 0.055000 0.040000
4 0.109286 0.565238 0.028571 0.016190
5 0.382143 0.529048 0.037143 0.031429
4 0.502857 0.609524 0.050000 0.038095
4 0.461429 0.641905 0.034286 0.040000
4 0.511786 0.720952 0.025000 0.053333
4 0.502857 0.831905 0.032857 0.065714
4 0.475000 0.955238 0.035714 0.087619
4 0.681429 0.851905 0.034286 0.077143
4 0.644643 0.780952 0.035000 0.072381
4 0.678214 0.739048 0.027857 0.049524
4 0.598571 0.648095 0.025714 0.046667
4 0.663929 0.654286 0.026429 0.041905
4 0.661429 0.620000 0.025714 0.038095
4 0.655357 0.585238 0.023571 0.035238
4 0.667143 0.556190 0.021429 0.032381
4 0.652143 0.354286 0.017143 0.022857
