2 0.190357 0.932857 0.002143 0.008571
1 0.249286 0.741905 0.004286 0.015238
3 0.301786 0.648571 0.015000 0.032381
1 0.304286 0.456667 0.008571 0.025714
4 0.352857 0.278571 0.021429 0.031429
4 0.346429 0.312857 0.024286 0.037143
1 0.386429 0.373333 0.007143 0.022857
1 0.367857 0.401905 0.008571 0.024762
10 0.348929 0.445238 0.012143 0.027619
3 0.323929 0.469524 0.010714 0.019048
10 0.322143 0.515714 0.017143 0.027619
4 0.472143 0.490952 0.025714 0.060000
4 0.472500 0.411429 0.023571 0.055238
10 0.509643 0.400952 0.009286 0.024762
4 0.466429 0.068571 0.011429 0.024762
4 0.464643 0.043333 0.010714 0.020000
4 0.464286 0.020952 0.011429 0.017143
4 0.482857 0.022857 0.011429 0.019048
4 0.520714 0.010952 0.020000 0.016190
4 0.531786 0.039048 0.009286 0.013333
4 0.534643 0.052381 0.010714 0.013333
4 0.537500 0.069048 0.012143 0.016190
4 0.556786 0.172857 0.017857 0.023810
4 0.563571 0.197143 0.017143 0.022857
4 0.542143 0.665238 0.032857 0.088571
10 0.545000 0.086190 0.020000 0.016190
4 0.550357 0.112857 0.020714 0.035238
10 0.664286 0.176190 0.010000 0.015238
10 0.747857 0.883333 0.014286 0.035238
