4 0.501071 0.774286 0.046429 0.116190
4 0.294643 0.742381 0.047857 0.128571
4 0.325357 0.562381 0.056429 0.094286
4 0.399286 0.457619 0.047143 0.060000
4 0.605714 0.383333 0.030000 0.033333
4 0.673214 0.307619 0.023571 0.030476
4 0.734286 0.169524 0.030000 0.017143
5 0.462500 0.376190 0.040714 0.047619
1 0.128929 0.383333 0.009286 0.025714
1 0.289643 0.475714 0.007857 0.029524
1 0.275000 0.473333 0.011429 0.036190
10 0.148929 0.696667 0.039286 0.077143
10 0.122857 0.564286 0.031429 0.056190
2 0.126071 0.548571 0.017857 0.026667
2 0.155714 0.673810 0.024286 0.031429
1 0.112143 0.456667 0.011429 0.040952
1 0.588929 0.150000 0.003571 0.014286
1 0.577143 0.147619 0.004286 0.013333
4 0.558929 0.205238 0.023571 0.023810
4 0.487143 0.226667 0.024286 0.017143
1 0.740000 0.930000 0.018571 0.073333
10 0.620000 0.746190 0.014286 0.046667
10 0.596786 0.743810 0.016429 0.038095
3 0.773571 0.395714 0.008571 0.029524
3 0.760714 0.394286 0.010000 0.026667
4 0.707857 0.245238 0.030000 0.027619
4 0.778571 0.116667 0.014286 0.012381
4 0.703214 0.051429 0.013571 0.009524
4 0.759286 0.040000 0.010000 0.009524
9 0.619286 0.094762 0.024286 0.016190
4 0.661786 0.102381 0.017857 0.016190
4 0.684643 0.100952 0.015000 0.017143
4 0.717500 0.066667 0.012143 0.011429
4 0.729286 0.072857 0.010000 0.010476
4 0.742500 0.055238 0.010714 0.009524
4 0.766429 0.030000 0.007143 0.008571
4 0.781786 0.010476 0.009286 0.011429
4 0.779286 0.018571 0.010000 0.008571
1 0.763929 0.016190 0.003571 0.005714
10 0.722857 0.050476 0.007143 0.007619
10 0.753214 0.022857 0.007857 0.007619
4 0.769286 0.100952 0.014286 0.019048
10 0.616429 0.155238 0.007143 0.013333
4 0.801429 0.082381 0.015714 0.014286
4 0.843214 0.083810 0.013571 0.015238
4 0.855000 0.080952 0.014286 0.013333
4 0.812143 0.048095 0.014286 0.008571
4 0.830000 0.010476 0.011429 0.009524
1 0.833571 0.116667 0.004286 0.014286
1 0.828214 0.115238 0.003571 0.013333
2 0.753571 0.022381 0.004286 0.006667
2 0.724286 0.050000 0.005714 0.006667
2 0.622857 0.732381 0.010000 0.017143
2 0.599643 0.734762 0.010714 0.016190
2 0.773929 0.389524 0.005000 0.013333
2 0.760714 0.388095 0.004286 0.010476
2 0.617500 0.151905 0.003571 0.006667
