9 0.486250 0.030000 0.027500 0.060000
2 0.569000 0.085333 0.009000 0.014667
10 0.569000 0.088000 0.007000 0.017333
5 0.591000 0.149000 0.021000 0.035333
4 0.329000 0.091333 0.020000 0.036000
4 0.324500 0.120667 0.019000 0.032000
4 0.320000 0.152667 0.022000 0.038667
4 0.315250 0.202667 0.020500 0.045333
4 0.309250 0.240000 0.022500 0.046667
1 0.334000 0.190333 0.007000 0.028667
2 0.339250 0.238000 0.006500 0.017333
3 0.340250 0.243667 0.007500 0.019333
2 0.335750 0.283667 0.007500 0.019333
10 0.336500 0.290333 0.011000 0.022000
4 0.298000 0.310333 0.026000 0.054000
5 0.293500 0.351000 0.026000 0.056667
5 0.280000 0.419667 0.031000 0.082000
1 0.298750 0.461000 0.007500 0.022000
1 0.305000 0.463333 0.009000 0.028000
5 0.271750 0.525000 0.033500 0.086000
4 0.240750 0.752667 0.047500 0.117333
4 0.222750 0.895000 0.054500 0.116667
4 0.558500 0.969000 0.047000 0.062000
4 0.798750 0.853667 0.064500 0.108667
4 0.746250 0.706333 0.054500 0.102000
4 0.714000 0.587667 0.044000 0.083333
1 0.781750 0.581667 0.011500 0.031333
4 0.692000 0.500667 0.034000 0.054667
4 0.792000 0.449000 0.043000 0.060667
4 0.817500 0.430333 0.050000 0.064667
4 0.893750 0.327333 0.036500 0.044000
4 0.929750 0.328667 0.031500 0.046667
4 0.818000 0.332333 0.036000 0.047333
4 0.636500 0.308333 0.028000 0.043333
4 0.622750 0.262333 0.029500 0.042000
1 0.693750 0.371667 0.012500 0.028667
