4 0.433194 0.275510 0.056367 0.050093
4 0.428236 0.227273 0.056889 0.048237
4 0.420929 0.184601 0.055846 0.051948
5 0.411795 0.137291 0.048017 0.046382
4 0.413622 0.102505 0.054802 0.039889
4 0.405793 0.028757 0.050626 0.037106
10 0.507568 0.023191 0.019311 0.020408
4 0.503392 0.114564 0.026618 0.078850
4 0.446503 0.319109 0.054802 0.053803
4 0.527662 0.269017 0.030271 0.085343
5 0.452505 0.410946 0.051148 0.053803
4 0.581942 0.251855 0.030271 0.091837
4 0.554541 0.436456 0.033925 0.099258
4 0.463205 0.532004 0.063152 0.062152
4 0.476775 0.602041 0.067328 0.064935
4 0.486430 0.662338 0.063674 0.066790
4 0.581681 0.626160 0.039144 0.109462
5 0.485647 0.754638 0.056889 0.064007
4 0.500783 0.826531 0.060021 0.064935
4 0.506002 0.893785 0.079854 0.069573
4 0.514353 0.968460 0.078810 0.061224
4 0.700678 0.861781 0.046451 0.131725
5 0.626044 0.869666 0.040188 0.119666
9 0.662317 0.627087 0.101253 0.285714
4 0.611691 0.420223 0.035491 0.102041
6 0.551931 0.101113 0.033925 0.098330
10 0.730950 0.326994 0.010960 0.036178
1 0.729645 0.480519 0.011482 0.025974
1 0.772182 0.609462 0.009916 0.024119
1 0.793841 0.619202 0.011482 0.030612
10 0.962161 0.346939 0.013048 0.035250
4 0.413361 0.067718 0.052192 0.046382
