5 0.353000 0.981667 0.115000 0.036667
5 0.399750 0.785333 0.172500 0.168000
4 0.477750 0.706000 0.035500 0.032000
4 0.531750 0.686333 0.051500 0.052667
4 0.575750 0.691667 0.051500 0.060667
4 0.662250 0.724333 0.052500 0.048667
6 0.738250 0.603667 0.064500 0.062000
4 0.774000 0.615333 0.038000 0.041333
4 0.687000 0.582333 0.031000 0.031333
4 0.717000 0.566333 0.019000 0.026000
6 0.751500 0.533000 0.057000 0.056667
4 0.836250 0.538000 0.018500 0.018667
9 0.832000 0.507000 0.038000 0.038000
4 0.925250 0.512333 0.035500 0.019333
4 0.965250 0.516000 0.034500 0.016000
6 0.872250 0.462667 0.016500 0.022667
6 0.891000 0.467667 0.026000 0.022000
9 0.913750 0.451000 0.019500 0.022000
4 0.897000 0.450000 0.019000 0.014667
4 0.938500 0.454333 0.010000 0.011333
4 0.939250 0.430667 0.010500 0.009333
4 0.934250 0.439667 0.007500 0.008667
4 0.927500 0.443667 0.008000 0.010000
1 0.967000 0.461667 0.006000 0.016667
0 0.992250 0.407667 0.015500 0.007333
