4 0.051071 0.152857 0.102143 0.067619
1 0.290000 0.063333 0.014286 0.029524
1 0.270357 0.059048 0.013571 0.036190
1 0.277500 0.051429 0.019286 0.045714
4 0.245000 0.181429 0.108571 0.100000
1 0.188571 0.281905 0.032857 0.051429
1 0.139286 0.331429 0.030000 0.034286
1 0.121071 0.337619 0.027857 0.035238
4 0.385000 0.298571 0.054286 0.160952
7 0.179286 0.796190 0.050000 0.120000
4 0.180357 0.960476 0.080714 0.079048
9 0.468571 0.299524 0.075714 0.267619
4 0.572500 0.427143 0.059286 0.178095
1 0.812500 0.015238 0.015000 0.030476
1 0.784286 0.028095 0.018571 0.044762
1 0.920357 0.030000 0.023571 0.052381
4 0.864286 0.139048 0.081429 0.062857
10 0.749286 0.209524 0.038571 0.028571
2 0.751071 0.203333 0.012143 0.042857
5 0.981071 0.342857 0.037857 0.068571
4 0.807500 0.543810 0.066429 0.127619
4 0.849643 0.803810 0.156429 0.173333
