4 0.292000 0.670667 0.095000 0.118667
4 0.373500 0.620333 0.099000 0.088667
4 0.253000 0.558667 0.094000 0.078667
4 0.252500 0.478000 0.086000 0.066667
4 0.386250 0.546667 0.096500 0.054667
4 0.494500 0.588000 0.096000 0.072000
4 0.477000 0.840667 0.107000 0.172000
4 0.637000 0.875333 0.105000 0.186667
4 0.094500 0.706333 0.134000 0.080667
4 0.096000 0.430333 0.083000 0.051333
4 0.336000 0.488000 0.042000 0.080000
4 0.380000 0.430333 0.040000 0.070000
4 0.326750 0.391000 0.037500 0.059333
4 0.870250 0.492333 0.074500 0.092667
4 0.055250 0.859667 0.110500 0.182000
4 0.182000 0.939333 0.149000 0.121333
4 0.418250 0.915000 0.084500 0.170000
5 0.165000 0.452333 0.056000 0.067333
4 0.028250 0.408667 0.056500 0.046667
4 0.025000 0.465667 0.050000 0.051333
4 0.078250 0.559667 0.093500 0.071333
5 0.025000 0.658000 0.050000 0.068000
5 0.163250 0.609333 0.106500 0.081333
5 0.563000 0.662667 0.107000 0.076000
5 0.703500 0.814667 0.114000 0.172000
5 0.322000 0.316667 0.030000 0.052000
5 0.271750 0.424333 0.077500 0.055333
5 0.265750 0.357333 0.068500 0.048000
5 0.553000 0.508667 0.060000 0.088000
5 0.677750 0.566667 0.087500 0.089333
5 0.842500 0.157000 0.025000 0.035333
5 0.860750 0.161667 0.024500 0.035333
5 0.875500 0.203333 0.046000 0.032000
5 0.899500 0.192333 0.045000 0.031333
5 0.947000 0.212000 0.044000 0.032000
5 0.979500 0.232333 0.041000 0.038000
4 0.970500 0.430333 0.059000 0.059333
5 0.839000 0.118667 0.030000 0.034667
5 0.929000 0.072000 0.030000 0.024000
4 0.749500 0.039667 0.030000 0.016667
4 0.657000 0.026333 0.025000 0.014000
4 0.722500 0.030667 0.025000 0.014667
4 0.787250 0.034333 0.030500 0.015333
4 0.828750 0.036000 0.030500 0.016000
4 0.871250 0.040000 0.033500 0.017333
4 0.946750 0.044000 0.033500 0.017333
4 0.827000 0.057333 0.033000 0.018667
4 0.772000 0.065333 0.033000 0.018667
4 0.745500 0.068333 0.033000 0.019333
4 0.821250 0.081000 0.030500 0.026000
4 0.869000 0.073667 0.035000 0.016667
4 0.928500 0.081333 0.036000 0.020000
6 0.893750 0.108667 0.053500 0.040000
5 0.838000 0.103667 0.019000 0.027333
4 0.778500 0.096333 0.015000 0.022000
5 0.747000 0.077333 0.033000 0.018667
5 0.750000 0.081667 0.032000 0.018000
6 0.751500 0.092000 0.045000 0.026667
5 0.749000 0.103667 0.036000 0.019333
4 0.745750 0.116000 0.033500 0.018667
4 0.837500 0.137333 0.034000 0.029333
5 0.621000 0.309333 0.028000 0.052000
6 0.650750 0.305667 0.028500 0.062000
5 0.695250 0.302000 0.056500 0.045333
5 0.764000 0.317333 0.062000 0.044000
5 0.752000 0.152000 0.042000 0.026667
5 0.728500 0.180333 0.042000 0.028667
3 0.711750 0.226000 0.011500 0.018667
10 0.688750 0.256333 0.008500 0.024667
10 0.660750 0.253333 0.007500 0.024000
10 0.653000 0.250333 0.007000 0.023333
10 0.644000 0.248667 0.007000 0.024000
10 0.633750 0.247333 0.009500 0.022667
10 0.621750 0.246000 0.009500 0.022667
10 0.614250 0.246000 0.009500 0.022667
10 0.600750 0.245333 0.009500 0.022667
3 0.585000 0.250000 0.010000 0.025333
10 0.569000 0.251000 0.015000 0.026000
10 0.548000 0.228333 0.016000 0.016667
10 0.564250 0.227333 0.010500 0.021333
10 0.579250 0.227333 0.014500 0.021333
7 0.600000 0.209000 0.016000 0.032667
7 0.619500 0.223667 0.023000 0.026000
1 0.592250 0.231333 0.007500 0.029333
1 0.645000 0.236000 0.008000 0.022667
1 0.654750 0.252667 0.011500 0.024000
1 0.644000 0.251667 0.008000 0.030000
1 0.797000 0.112000 0.007000 0.021333
1 0.806000 0.131000 0.008000 0.023333
1 0.820750 0.146333 0.009500 0.020667
1 0.884000 0.164667 0.011000 0.022667
1 0.856500 0.224333 0.009000 0.023333
1 0.849500 0.218000 0.010000 0.026667
1 0.853000 0.362667 0.013000 0.033333
1 0.903750 0.384000 0.014500 0.037333
1 0.498500 0.530667 0.015000 0.037333
1 0.634250 0.611000 0.014500 0.042000
1 0.597250 0.605000 0.012500 0.035333
1 0.531250 0.615000 0.009500 0.040667
1 0.521750 0.622000 0.010500 0.038667
1 0.531500 0.817000 0.024000 0.042000
1 0.523500 0.798667 0.018000 0.038667
10 0.528750 0.828000 0.029500 0.065333
10 0.799500 0.454000 0.025000 0.025333
1 0.830500 0.419000 0.015000 0.027333
1 0.813250 0.404000 0.020500 0.033333
1 0.843750 0.367333 0.008500 0.022667
1 0.854250 0.334000 0.014500 0.034667
1 0.813250 0.272333 0.012500 0.031333
1 0.896500 0.341667 0.016000 0.038000
1 0.856750 0.309667 0.013500 0.026000
3 0.858000 0.319667 0.013000 0.022000
1 0.826250 0.285667 0.009500 0.031333
1 0.836000 0.324000 0.011000 0.030667
10 0.832500 0.337667 0.015000 0.024667
2 0.805250 0.352333 0.012500 0.022000
10 0.566500 0.204000 0.010000 0.024000
10 0.838500 0.233000 0.011000 0.022000
10 0.811250 0.221000 0.010500 0.022000
1 0.872250 0.249000 0.012500 0.030000
1 0.838250 0.228000 0.012500 0.024000
1 0.811500 0.215000 0.009000 0.026000
1 0.787750 0.157333 0.006500 0.022667
1 0.797000 0.184000 0.007000 0.018667
1 0.807250 0.184000 0.005500 0.020000
1 0.797000 0.194000 0.006000 0.018667
1 0.802750 0.190333 0.005500 0.020667
5 0.056500 0.071667 0.031000 0.024667
9 0.016500 0.067000 0.033000 0.036667
1 0.199000 0.693000 0.024000 0.044667
7 0.150000 0.519333 0.057000 0.048000
7 0.081250 0.504667 0.045500 0.044000
1 0.159750 0.517333 0.019500 0.032000
1 0.088250 0.503333 0.019500 0.032000
2 0.074500 0.504667 0.015000 0.018667
2 0.071250 0.492333 0.013500 0.019333
2 0.065250 0.499333 0.013500 0.018667
1 0.226000 0.438000 0.014000 0.030667
1 0.245750 0.443000 0.011500 0.026000
1 0.268500 0.443667 0.012000 0.034000
1 0.299000 0.457000 0.015000 0.035333
1 0.308000 0.491333 0.014000 0.033333
