4 0.602500 0.559010 0.060714 0.095178
4 0.757857 0.434645 0.070000 0.059645
1 0.846786 0.770939 0.020714 0.044416
4 0.809643 0.090736 0.046429 0.046954
1 0.601429 0.176396 0.010000 0.035533
1 0.595714 0.150381 0.007143 0.031726
1 0.656786 0.139594 0.009286 0.032995
1 0.665714 0.133249 0.008571 0.030457
1 0.496429 0.481599 0.010000 0.039340
1 0.456786 0.507614 0.010714 0.035533
1 0.447857 0.506345 0.007143 0.040609
1 0.316429 0.592005 0.011429 0.046954
1 0.318929 0.581218 0.012143 0.045685
1 0.230714 0.428299 0.012857 0.041878
1 0.231786 0.382614 0.012143 0.039340
4 0.287143 0.178934 0.057143 0.050761
5 0.370714 0.205584 0.057143 0.065990
4 0.457500 0.241117 0.053571 0.050761
1 0.381429 0.131345 0.007143 0.029188
