6 0.517143 0.963832 0.040000 0.069797
4 0.537500 0.967005 0.019286 0.045685
4 0.523214 0.900381 0.019286 0.044416
4 0.491429 0.909898 0.021429 0.050761
4 0.477143 0.856599 0.018571 0.048223
9 0.520000 0.826142 0.024286 0.053299
4 0.480000 0.825508 0.022857 0.046954
4 0.493214 0.810914 0.020714 0.043147
4 0.502857 0.782360 0.022857 0.041878
4 0.487143 0.740482 0.021429 0.039340
4 0.466786 0.740482 0.022143 0.041878
4 0.468214 0.701142 0.020714 0.036802
4 0.453214 0.667513 0.020714 0.038071
5 0.435714 0.630076 0.021429 0.039340
4 0.419286 0.599619 0.021429 0.039340
9 0.409286 0.615482 0.048571 0.096447
4 0.388214 0.642766 0.020714 0.036802
4 0.407500 0.672589 0.020714 0.032995
4 0.440714 0.506345 0.021429 0.027919
4 0.370714 0.493020 0.020000 0.034264
4 0.353571 0.458756 0.017143 0.029188
4 0.340000 0.429569 0.017143 0.029188
6 0.261071 0.254442 0.025000 0.046954
4 0.245714 0.206218 0.014286 0.026650
5 0.213929 0.031091 0.019286 0.026650
4 0.648571 0.415609 0.015714 0.029188
4 0.636429 0.383883 0.014286 0.034264
4 0.595000 0.323604 0.014286 0.027919
4 0.585357 0.218909 0.013571 0.026650
4 0.594286 0.244924 0.014286 0.030457
4 0.603214 0.275381 0.013571 0.025381
4 0.611071 0.300127 0.013571 0.031726
5 0.577500 0.185279 0.010714 0.032995
5 0.585714 0.131980 0.018571 0.025381
4 0.602500 0.131980 0.016429 0.020305
0 0.642857 0.091371 0.061429 0.088832
0 0.725000 0.038071 0.098571 0.068528
