5 0.215714 0.580952 0.027143 0.057143
1 0.156071 0.570476 0.012143 0.011429
2 0.161786 0.933810 0.012143 0.012381
1 0.161071 0.945238 0.007857 0.008571
1 0.212857 0.993333 0.010000 0.013333
1 0.245000 0.967619 0.007143 0.011429
1 0.254643 0.965714 0.010714 0.009524
1 0.270000 0.979048 0.007143 0.013333
1 0.287500 0.802381 0.006429 0.012381
10 0.374643 0.820000 0.019286 0.015238
4 0.373929 0.759524 0.046429 0.037143
1 0.326786 0.757619 0.006429 0.006667
2 0.427143 0.772381 0.007143 0.009524
5 0.363571 0.721905 0.040000 0.030476
1 0.610357 0.746667 0.007857 0.011429
1 0.573929 0.639048 0.006429 0.007619
1 0.570714 0.605238 0.007143 0.010476
1 0.579286 0.611429 0.005714 0.007619
1 0.563214 0.586190 0.006429 0.008571
1 0.568571 0.574762 0.007143 0.012381
0 0.525714 0.569524 0.015714 0.032381
10 0.518571 0.540476 0.008571 0.023810
10 0.541071 0.530952 0.009286 0.027619
1 0.513571 0.407143 0.007143 0.018095
1 0.495000 0.330476 0.004286 0.009524
1 0.495357 0.319048 0.006429 0.011429
1 0.474643 0.239048 0.006429 0.013333
1 0.462500 0.162381 0.006429 0.012381
1 0.445357 0.080952 0.006429 0.017143
0 0.473929 0.189524 0.019286 0.038095
5 0.443929 0.161429 0.027857 0.061905
