4 0.612143 0.530476 0.057143 0.049524
4 0.526071 0.398095 0.062143 0.038095
1 0.537143 0.491905 0.010000 0.012381
1 0.548214 0.487619 0.007857 0.007619
1 0.461429 0.430952 0.010000 0.010476
1 0.467143 0.425714 0.008571 0.013333
4 0.505714 0.350952 0.062857 0.040952
3 0.470357 0.337619 0.012143 0.025714
4 0.490357 0.302381 0.063571 0.044762
10 0.482500 0.260952 0.019286 0.019048
10 0.425357 0.234286 0.016429 0.024762
7 0.446786 0.227619 0.030714 0.036190
5 0.428214 0.203810 0.057857 0.057143
4 0.406071 0.170000 0.059286 0.061905
10 0.315357 0.166190 0.020714 0.025714
2 0.311786 0.160952 0.013571 0.011429
4 0.387500 0.132857 0.062143 0.060000
8 0.367143 0.087619 0.048571 0.049524
8 0.340714 0.030476 0.054286 0.053333
4 0.306071 0.015714 0.053571 0.031429
10 0.156786 0.018571 0.016429 0.037143
2 0.156786 0.012857 0.012143 0.021905
