1 0.597143 0.624365 0.007143 0.025381
1 0.583929 0.466371 0.003571 0.013959
1 0.583214 0.431472 0.005000 0.012690
1 0.577143 0.413071 0.002857 0.013959
1 0.582857 0.413071 0.004286 0.013959
1 0.569643 0.378807 0.003571 0.016497
5 0.503214 0.418782 0.009286 0.038071
4 0.521429 0.377538 0.010000 0.034264
4 0.463571 0.397843 0.010000 0.029188
4 0.465000 0.356599 0.010000 0.027919
4 0.469643 0.319797 0.010714 0.025381
4 0.471786 0.290609 0.010714 0.025381
4 0.471786 0.264594 0.009286 0.021574
4 0.525714 0.137690 0.012857 0.024112
4 0.734643 0.486041 0.023571 0.025381
5 0.734643 0.458122 0.025000 0.022843
4 0.731429 0.443528 0.022857 0.016497
4 0.723571 0.400381 0.025714 0.026650
4 0.721071 0.388959 0.022143 0.019036
4 0.717857 0.375635 0.022857 0.020305
4 0.717143 0.367386 0.024286 0.019036
4 0.712500 0.333756 0.023571 0.020305
4 0.711786 0.321701 0.022143 0.019036
4 0.758929 0.342640 0.026429 0.022843
4 0.757500 0.331853 0.023571 0.019036
4 0.758214 0.321701 0.026429 0.016497
4 0.754643 0.304569 0.026429 0.020305
4 0.680000 0.231599 0.011429 0.029188
4 0.690714 0.230330 0.010000 0.034264
4 0.700357 0.231599 0.009286 0.034264
4 0.717857 0.231599 0.011429 0.034264
4 0.727143 0.236041 0.012857 0.030457
4 0.745357 0.236041 0.012143 0.025381
4 0.754286 0.230330 0.011429 0.029188
4 0.720714 0.159898 0.018571 0.015228
4 0.746786 0.165609 0.019286 0.019036
4 0.765000 0.157360 0.015714 0.015228
5 0.792857 0.152919 0.021429 0.024112
