1 0.383929 0.140952 0.010714 0.024762
1 0.309643 0.093333 0.009286 0.024762
1 0.317500 0.091905 0.007857 0.025714
1 0.586429 0.024286 0.010000 0.020000
4 0.553571 0.032381 0.057143 0.057143
5 0.620000 0.042381 0.035714 0.069524
5 0.545000 0.016667 0.058571 0.033333
6 0.277500 0.035714 0.082143 0.071429
4 0.283571 0.075714 0.061429 0.060000
1 0.220357 0.029048 0.015000 0.031429
10 0.223929 0.100476 0.026429 0.021905
10 0.213214 0.080952 0.025000 0.020952
10 0.207143 0.047619 0.025714 0.017143
10 0.199286 0.030476 0.015714 0.026667
4 0.600714 0.464762 0.071429 0.049524
10 0.613571 0.525714 0.027143 0.028571
1 0.660000 0.524762 0.010000 0.013333
6 0.586071 0.561905 0.076429 0.068571
10 0.604286 0.783333 0.028571 0.018095
10 0.604286 0.807143 0.027143 0.018095
10 0.605000 0.830000 0.027143 0.023810
10 0.572857 0.884286 0.031429 0.018095
6 0.605714 0.928095 0.044286 0.143810
1 0.572857 0.962381 0.008571 0.018095
1 0.564643 0.976190 0.013571 0.015238
1 0.463929 0.727619 0.010714 0.022857
6 0.416071 0.751905 0.062143 0.294286
1 0.421429 0.599524 0.011429 0.008571
10 0.384643 0.394286 0.025000 0.015238
6 0.311786 0.483810 0.039286 0.102857
4 0.264286 0.499524 0.030000 0.092381
4 0.226786 0.500000 0.032143 0.091429
4 0.189643 0.500476 0.035000 0.090476
4 0.151071 0.538095 0.033571 0.089524
4 0.110714 0.545714 0.041429 0.095238
4 0.076071 0.539048 0.037857 0.091429
