4 0.090714 0.798858 0.027143 0.067259
6 0.385357 0.962563 0.032143 0.072335
4 0.418571 0.940355 0.025714 0.065990
4 0.523929 0.812183 0.029286 0.073604
5 0.885357 0.796320 0.037857 0.067259
5 0.745000 0.586929 0.032857 0.054569
6 0.608214 0.771574 0.033571 0.065990
9 0.792500 0.425127 0.097857 0.109137
4 0.490714 0.676396 0.027143 0.055838
5 0.460000 0.574873 0.032857 0.058376
5 0.285357 0.667513 0.027857 0.065990
5 0.305357 0.651650 0.027857 0.067259
4 0.261071 0.681472 0.027857 0.063452
4 0.371071 0.447970 0.029286 0.058376
4 0.381429 0.355964 0.032857 0.054569
4 0.436071 0.404822 0.029286 0.058376
4 0.406429 0.426396 0.025714 0.048223
5 0.259643 0.478426 0.039286 0.035533
5 0.247143 0.439086 0.037143 0.038071
5 0.230000 0.394670 0.041429 0.038071
5 0.217143 0.357868 0.035714 0.035533
5 0.191786 0.277919 0.039286 0.035533
4 0.205714 0.321701 0.037143 0.036802
10 0.193214 0.255711 0.017857 0.021574
10 0.181786 0.231599 0.017857 0.021574
10 0.177500 0.209391 0.015000 0.025381
6 0.191786 0.506345 0.059286 0.152284
6 0.142500 0.353426 0.049286 0.115482
6 0.323214 0.315990 0.067857 0.126904
5 0.982143 0.171954 0.035714 0.041878
5 0.468929 0.156091 0.032143 0.053299
5 0.309643 0.192893 0.032143 0.050761
5 0.258214 0.130711 0.030714 0.050761
4 0.260357 0.204949 0.029286 0.052030
9 0.354643 0.165609 0.049286 0.087563
4 0.152857 0.137056 0.031429 0.053299
4 0.141786 0.112310 0.032143 0.052030
4 0.097143 0.023477 0.031429 0.044416
5 0.130000 0.090102 0.037143 0.055838
4 0.114643 0.036168 0.027857 0.044416
