4 0.392500 0.550476 0.077857 0.074286
4 0.247857 0.410000 0.050000 0.044762
4 0.080000 0.500476 0.050000 0.073333
4 0.258571 0.646667 0.075714 0.100952
4 0.190000 0.435714 0.048571 0.056190
4 0.150714 0.391429 0.041429 0.043810
4 0.093571 0.299048 0.031429 0.028571
5 0.108929 0.354762 0.045000 0.061905
4 0.084286 0.336667 0.030000 0.029524
9 0.046786 0.297143 0.069286 0.081905
4 0.047143 0.259048 0.028571 0.030476
4 0.041786 0.662857 0.082143 0.120000
4 0.743214 0.392857 0.059286 0.054286
4 0.696071 0.381905 0.059286 0.051429
4 0.802857 0.350000 0.054286 0.050476
4 0.859286 0.320476 0.047143 0.037143
4 0.916429 0.320952 0.044286 0.040000
4 0.968571 0.230952 0.037143 0.027619
4 0.773929 0.340952 0.055000 0.043810
4 0.638214 0.307619 0.045000 0.032381
4 0.574286 0.340000 0.060000 0.034286
4 0.653571 0.318095 0.045714 0.040000
4 0.726071 0.278095 0.036429 0.030476
4 0.615000 0.300952 0.045714 0.032381
4 0.598214 0.292381 0.045000 0.032381
4 0.703929 0.268095 0.036429 0.031429
4 0.686786 0.262381 0.036429 0.031429
5 0.448929 0.329048 0.045000 0.048571
10 0.080357 0.960952 0.039286 0.070476
10 0.515357 0.514286 0.025000 0.024762
10 0.427143 0.480952 0.021429 0.024762
10 0.362500 0.403333 0.017857 0.014286
10 0.563571 0.387143 0.020000 0.018095
10 0.590714 0.386190 0.020000 0.018095
4 0.894286 0.259048 0.025714 0.034286
2 0.514286 0.504762 0.017143 0.026667
2 0.425714 0.473810 0.017143 0.027619
2 0.080000 0.940952 0.031429 0.049524
2 0.362857 0.396190 0.011429 0.019048
1 0.413929 0.413333 0.009286 0.028571
3 0.411429 0.415714 0.024286 0.016190
1 0.386071 0.382381 0.010714 0.029524
1 0.366071 0.351429 0.009286 0.026667
2 0.563571 0.379048 0.011429 0.020952
2 0.568214 0.379524 0.009286 0.020000
2 0.587500 0.377619 0.009286 0.020000
2 0.591786 0.376667 0.009286 0.020000
10 0.613214 0.365238 0.016429 0.012381
2 0.612857 0.357619 0.008571 0.020000
2 0.616786 0.356667 0.007857 0.018095
1 0.653929 0.277619 0.007857 0.025714
1 0.621429 0.263810 0.005714 0.024762
1 0.614286 0.264286 0.007143 0.021905
0 0.778571 0.242857 0.041429 0.030476
1 0.965357 0.193810 0.009286 0.018095
1 0.984643 0.186667 0.007857 0.022857
1 0.681429 0.480000 0.011429 0.036190
1 0.757143 0.516667 0.007143 0.031429
1 0.761071 0.505238 0.009286 0.031429
2 0.917500 0.652857 0.019286 0.037143
2 0.929286 0.652381 0.020000 0.034286
10 0.930357 0.661429 0.052143 0.035238
4 0.425714 0.962381 0.082857 0.075238
