2 0.176071 0.866667 0.030714 0.057143
2 0.312500 0.784286 0.027857 0.046667
2 0.395357 0.707619 0.020714 0.045714
2 0.454286 0.681429 0.021429 0.048571
2 0.333214 0.680476 0.020714 0.044762
2 0.284286 0.675238 0.020000 0.043810
2 0.253571 0.630000 0.015714 0.039048
10 0.284286 0.690000 0.014286 0.042857
10 0.332857 0.698095 0.020000 0.043810
10 0.392500 0.737143 0.015000 0.041905
10 0.312143 0.820000 0.015714 0.051429
10 0.448214 0.704762 0.013571 0.038095
10 0.178571 0.914286 0.022857 0.064762
10 0.253214 0.640000 0.015000 0.034286
2 0.306071 0.620476 0.013571 0.044762
10 0.310714 0.624762 0.014286 0.038095
2 0.039643 0.615238 0.012143 0.034286
0 0.032500 0.652381 0.055000 0.030476
4 0.043214 0.592857 0.086429 0.029524
4 0.049286 0.577143 0.077143 0.040000
10 0.237143 0.528571 0.022857 0.015238
0 0.274643 0.504762 0.059286 0.028571
2 0.305357 0.479048 0.005000 0.009524
10 0.305000 0.486190 0.007143 0.014286
0 0.294286 0.477143 0.008571 0.020952
0 0.275357 0.473810 0.016429 0.023810
0 0.297500 0.385714 0.017857 0.011429
0 0.293929 0.409048 0.010714 0.008571
0 0.317143 0.405714 0.007143 0.013333
4 0.365000 0.478095 0.024286 0.022857
4 0.478214 0.593810 0.033571 0.050476
4 0.520000 0.552381 0.051429 0.040000
4 0.587857 0.526667 0.048571 0.032381
4 0.524286 0.518571 0.052857 0.037143
4 0.488571 0.506190 0.054286 0.025714
4 0.503214 0.481429 0.046429 0.025714
4 0.591429 0.492381 0.052857 0.026667
4 0.577857 0.478095 0.042857 0.019048
4 0.631071 0.496667 0.049286 0.027619
4 0.675000 0.501429 0.051429 0.029524
4 0.673929 0.476190 0.045000 0.024762
4 0.650000 0.468571 0.042857 0.026667
4 0.720714 0.459524 0.042857 0.023810
4 0.660357 0.622857 0.082143 0.055238
4 0.707500 0.606667 0.076429 0.057143
4 0.763214 0.480000 0.045000 0.024762
4 0.748571 0.472381 0.040000 0.020952
4 0.769643 0.459048 0.042143 0.024762
4 0.822500 0.460000 0.042143 0.024762
4 0.863929 0.461905 0.040714 0.022857
4 0.803929 0.450000 0.033571 0.021905
9 0.931786 0.432381 0.083571 0.045714
4 0.890714 0.443333 0.018571 0.012381
4 0.986786 0.431429 0.026429 0.017143
4 0.818571 0.722381 0.138571 0.086667
2 0.897500 0.577619 0.013571 0.029524
2 0.835000 0.553810 0.011429 0.023810
10 0.833571 0.568095 0.025714 0.027619
10 0.891786 0.591429 0.032143 0.028571
1 0.766429 0.525238 0.008571 0.029524
4 0.957857 0.830000 0.084286 0.101905
0 0.435357 0.495238 0.017857 0.019048
