6 0.246071 0.955584 0.039286 0.086294
5 0.314286 0.972716 0.030000 0.052030
10 0.330000 0.926396 0.017143 0.025381
10 0.338929 0.905457 0.007857 0.034264
4 0.357500 0.796320 0.042143 0.034264
4 0.359643 0.755711 0.040714 0.034264
5 0.361786 0.714467 0.043571 0.035533
4 0.376071 0.634518 0.032143 0.032995
4 0.370714 0.593274 0.041429 0.034264
4 0.373214 0.512056 0.042143 0.034264
5 0.376429 0.472081 0.040000 0.032995
5 0.378571 0.432107 0.035714 0.031726
6 0.332857 0.192893 0.040000 0.177665
6 0.359643 0.240482 0.040714 0.158629
6 0.386071 0.255711 0.027857 0.118020
6 0.373214 0.090102 0.030714 0.126904
4 0.387857 0.020305 0.021429 0.040609
5 0.445714 0.025381 0.015714 0.050761
4 0.471071 0.107234 0.016429 0.072335
4 0.468929 0.298223 0.016429 0.073604
9 0.437857 0.427030 0.031429 0.181472
5 0.467500 0.478426 0.017857 0.071066
5 0.461786 0.680838 0.016429 0.077411
5 0.460000 0.814721 0.015714 0.071066
4 0.425000 0.762056 0.017143 0.077411
4 0.426786 0.949239 0.016429 0.081218
4 0.460000 0.948604 0.018571 0.079949
1 0.864643 0.706218 0.007857 0.016497
1 0.867857 0.691624 0.008571 0.010152
1 0.876071 0.695431 0.007857 0.010152
4 0.793929 0.420051 0.020714 0.065990
1 0.871786 0.152284 0.009286 0.017766
1 0.842143 0.035533 0.007143 0.015228
1 0.835357 0.010787 0.005000 0.013959
1 0.852143 0.025381 0.008571 0.012690
1 0.861429 0.008249 0.007143 0.013959
1 0.850000 0.006980 0.007143 0.011421
9 0.581786 0.272843 0.026429 0.200508
