4 0.232143 0.532381 0.038571 0.026667
4 0.271786 0.460476 0.035000 0.021905
4 0.278214 0.442857 0.036429 0.017143
4 0.285714 0.425714 0.040000 0.022857
4 0.281429 0.407143 0.032857 0.018095
4 0.291786 0.395238 0.030714 0.015238
4 0.320000 0.319524 0.025714 0.018095
4 0.306786 0.274286 0.013571 0.015238
4 0.484286 0.564762 0.018571 0.041905
4 0.560357 0.329048 0.012143 0.020000
4 0.544286 0.286190 0.011429 0.016190
4 0.546786 0.274286 0.019286 0.015238
9 0.383214 0.197619 0.016429 0.031429
9 0.488214 0.105238 0.010714 0.020000
6 0.538214 0.154762 0.020714 0.016190
6 0.514286 0.141429 0.010000 0.018095
6 0.509286 0.093810 0.010000 0.020000
4 0.553571 0.182857 0.015714 0.011429
4 0.553929 0.179524 0.013571 0.010476
4 0.577500 0.160000 0.013571 0.009524
4 0.575000 0.155714 0.015714 0.008571
4 0.573929 0.153333 0.015000 0.009524
4 0.568571 0.134762 0.012857 0.008571
4 0.566786 0.129524 0.013571 0.009524
4 0.561786 0.119524 0.013571 0.008571
4 0.567500 0.137619 0.012143 0.008571
4 0.584643 0.123333 0.006429 0.008571
4 0.594286 0.142857 0.005714 0.009524
4 0.578929 0.110476 0.006429 0.007619
4 0.540714 0.068095 0.008571 0.006667
4 0.539286 0.063810 0.008571 0.007619
1 0.492143 0.132857 0.002857 0.008571
1 0.505714 0.132857 0.002857 0.010476
4 0.507857 0.155714 0.008571 0.010476
4 0.472500 0.071905 0.003571 0.006667
10 0.497143 0.166667 0.002857 0.007619
10 0.483571 0.189524 0.008571 0.007619
1 0.472143 0.181429 0.004286 0.008571
10 0.489286 0.153333 0.002857 0.009524
10 0.573571 0.350000 0.010000 0.010476
10 0.574643 0.326190 0.010714 0.010476
10 0.600000 0.432857 0.012857 0.014286
10 0.584643 0.358095 0.005000 0.015238
6 0.561786 0.515238 0.017857 0.040000
10 0.628929 0.566190 0.016429 0.016190
10 0.615357 0.521429 0.012143 0.016190
10 0.616429 0.512381 0.012857 0.013333
4 0.634643 0.599048 0.032143 0.026667
6 0.504643 0.481905 0.022143 0.051429
6 0.479643 0.765714 0.033571 0.102857
10 0.528571 0.798095 0.007143 0.030476
10 0.529286 0.972857 0.011429 0.037143
2 0.528929 0.969524 0.007857 0.022857
2 0.528214 0.797619 0.006429 0.016190
10 0.261071 0.372381 0.010714 0.011429
10 0.261786 0.366667 0.007857 0.009524
10 0.264643 0.336667 0.010714 0.012381
1 0.553214 0.301905 0.006429 0.011429
2 0.483929 0.188095 0.005000 0.008571
6 0.481786 0.065714 0.006429 0.013333
