4 0.298571 0.188571 0.028571 0.030476
4 0.316786 0.025238 0.052143 0.031429
4 0.401786 0.067143 0.037857 0.033333
4 0.446786 0.096190 0.049286 0.051429
8 0.518571 0.307143 0.021429 0.029524
2 0.510714 0.290952 0.008571 0.018095
4 0.743571 0.374762 0.074286 0.077143
6 0.928929 0.207143 0.055000 0.082857
4 0.798214 0.471905 0.076429 0.109524
10 0.543929 0.527143 0.019286 0.040952
2 0.541071 0.522857 0.010714 0.020952
9 0.438214 0.782381 0.307857 0.431429
5 0.513929 0.926667 0.129286 0.146667
1 0.318929 0.821429 0.019286 0.029524
1 0.368929 0.760000 0.016429 0.032381
1 0.398571 0.706190 0.022857 0.035238
1 0.325357 0.635238 0.019286 0.036190
1 0.393929 0.676667 0.013571 0.035238
1 0.348214 0.751905 0.017857 0.031429
1 0.343929 0.729048 0.017857 0.023810
1 0.330714 0.743810 0.010000 0.015238
1 0.332143 0.704286 0.014286 0.033333
1 0.303929 0.725238 0.015000 0.027619
