4 0.534250 0.703667 0.037500 0.055333
4 0.929500 0.653667 0.058000 0.039333
4 0.892250 0.619333 0.057500 0.038667
4 0.707750 0.615333 0.054500 0.033333
4 0.699750 0.485000 0.029500 0.019333
4 0.675750 0.478000 0.034500 0.018667
5 0.669750 0.466000 0.029500 0.020000
4 0.637750 0.461000 0.033500 0.018000
4 0.168750 0.551667 0.031500 0.028667
0 0.006000 0.523000 0.012000 0.019333
4 0.083000 0.442000 0.020000 0.020000
2 0.105000 0.431667 0.005000 0.012667
2 0.093000 0.426667 0.004000 0.009333
2 0.090500 0.426000 0.005000 0.012000
2 0.087000 0.426667 0.005000 0.016000
10 0.104750 0.434000 0.005500 0.010667
4 0.147500 0.414333 0.015000 0.014000
4 0.168000 0.400000 0.015000 0.014667
4 0.189000 0.394333 0.013000 0.014000
4 0.178500 0.371000 0.011000 0.010000
2 0.215000 0.324333 0.002000 0.004667
1 0.170000 0.341000 0.003000 0.007333
6 0.175250 0.346667 0.019500 0.012000
4 0.200750 0.365667 0.009500 0.010000
4 0.214500 0.368000 0.010000 0.009333
5 0.209000 0.353333 0.009000 0.010667
4 0.187250 0.342000 0.014500 0.009333
4 0.189250 0.336000 0.014500 0.008000
2 0.450500 0.467000 0.006000 0.011333
4 0.437500 0.472333 0.034000 0.018000
1 0.444750 0.457667 0.005500 0.016667
1 0.443000 0.444667 0.006000 0.016000
2 0.430250 0.420667 0.005500 0.008000
1 0.431000 0.439000 0.002000 0.010000
4 0.428500 0.460333 0.030000 0.018000
4 0.424000 0.448333 0.029000 0.019333
4 0.543500 0.453333 0.032000 0.018667
4 0.511250 0.425333 0.026500 0.014667
4 0.528500 0.443000 0.027000 0.016667
4 0.602750 0.432000 0.024500 0.016000
4 0.581000 0.416000 0.028000 0.013333
4 0.570250 0.400333 0.022500 0.011333
4 0.570250 0.396333 0.023500 0.011333
1 0.555500 0.393667 0.003000 0.012667
4 0.588250 0.392667 0.019500 0.012000
4 0.584250 0.388333 0.020500 0.012667
4 0.578000 0.385333 0.022000 0.012000
1 0.577750 0.374667 0.003500 0.009333
2 0.580750 0.352333 0.002500 0.008667
10 0.579750 0.353667 0.003500 0.006000
4 0.559500 0.353667 0.010000 0.008667
4 0.538250 0.374333 0.020500 0.010000
1 0.434000 0.363000 0.002000 0.010000
8 0.309750 0.400667 0.013500 0.012000
2 0.310750 0.392333 0.004500 0.007333
1 0.374000 0.384667 0.004000 0.010667
2 0.394750 0.390333 0.002500 0.006000
2 0.416250 0.378000 0.003500 0.008000
1 0.411500 0.377000 0.003000 0.007333
1 0.408250 0.377000 0.001500 0.008667
1 0.406750 0.377000 0.002500 0.008667
4 0.550750 0.338333 0.014500 0.007333
1 0.538000 0.338333 0.002000 0.007333
6 0.517250 0.337667 0.018500 0.012667
4 0.508000 0.354667 0.010000 0.008000
4 0.464000 0.349667 0.017000 0.008667
4 0.442750 0.351333 0.016500 0.008000
4 0.423500 0.352333 0.017000 0.007333
4 0.398500 0.353667 0.018000 0.008667
5 0.315250 0.339000 0.009500 0.008667
4 0.233250 0.389667 0.011500 0.011333
4 0.254750 0.374000 0.008500 0.009333
4 0.241500 0.373667 0.010000 0.010000
4 0.235750 0.367000 0.009500 0.010000
4 0.250750 0.363000 0.009500 0.010000
4 0.260500 0.352667 0.008000 0.009333
4 0.308750 0.328333 0.006500 0.007333
4 0.297500 0.327667 0.006000 0.008667
0 0.318250 0.284667 0.004500 0.017333
0 0.289750 0.267333 0.006500 0.008000
4 0.250750 0.312667 0.005500 0.005333
4 0.259000 0.305333 0.005000 0.005333
4 0.265500 0.297000 0.004000 0.004667
4 0.273000 0.296000 0.004000 0.004000
4 0.301500 0.281333 0.006000 0.002667
4 0.295500 0.281667 0.004000 0.003333
4 0.286250 0.276667 0.002500 0.002667
4 0.280250 0.272333 0.005500 0.003333
0 0.275000 0.276000 0.005000 0.000000
4 0.278750 0.280667 0.002500 0.002667
4 0.277000 0.286000 0.003000 0.004000
0 0.265250 0.288333 0.008500 0.006000
4 0.273250 0.280333 0.002500 0.003333
4 0.239500 0.308667 0.005000 0.005333
2 0.254750 0.301667 0.001500 0.003333
10 0.254500 0.303333 0.002000 0.004000
2 0.249750 0.308333 0.001500 0.004667
10 0.249750 0.309000 0.002500 0.004667
10 0.246750 0.308333 0.001500 0.003333
2 0.246750 0.307667 0.001500 0.003333
4 0.246500 0.306667 0.005000 0.005333
4 0.251000 0.300333 0.006000 0.004667
4 0.252000 0.297667 0.005000 0.004667
4 0.255250 0.295333 0.004500 0.004000
5 0.257750 0.292667 0.004500 0.005333
