5 0.204854 0.381725 0.054802 0.039889
10 0.171973 0.276438 0.013048 0.042672
4 0.267745 0.377087 0.066806 0.054731
10 0.343163 0.320501 0.008873 0.045455
10 0.337161 0.273655 0.008351 0.038961
4 0.386482 0.371985 0.063152 0.053803
10 0.513048 0.283859 0.009395 0.042672
10 0.519311 0.234694 0.008351 0.037106
1 0.519833 0.382653 0.008351 0.013915
8 0.548800 0.345547 0.045407 0.026902
10 0.649791 0.232839 0.010438 0.042672
10 0.718424 0.328386 0.028706 0.022263
1 0.796451 0.328850 0.014614 0.025046
2 0.802453 0.334879 0.015136 0.024119
4 0.963727 0.332096 0.071503 0.055659
2 0.824896 0.315399 0.005741 0.014842
2 0.816545 0.313544 0.012004 0.018553
2 0.820459 0.331169 0.009395 0.014842
2 0.812109 0.342301 0.009395 0.020408
2 0.811848 0.300093 0.012004 0.013915
2 0.804541 0.312152 0.008873 0.015770
