1 0.434500 0.790667 0.018000 0.061333
1 0.430250 0.747333 0.018500 0.046667
1 0.435250 0.724000 0.010500 0.052000
2 0.401500 0.690667 0.021000 0.045333
2 0.357500 0.663000 0.026000 0.042000
1 0.494750 0.491000 0.007500 0.030000
1 0.448750 0.555667 0.010500 0.035333
1 0.474750 0.564333 0.011500 0.039333
1 0.480500 0.560667 0.017000 0.037333
1 0.476000 0.558000 0.014000 0.034667
4 0.970000 0.473333 0.057000 0.025333
4 0.970500 0.462667 0.058000 0.026667
4 0.902250 0.434333 0.043500 0.022000
4 0.807750 0.497667 0.044500 0.031333
4 0.816750 0.461667 0.053500 0.023333
6 0.798500 0.427333 0.054000 0.034667
1 0.749500 0.416667 0.004000 0.017333
4 0.747000 0.460667 0.053000 0.024000
1 0.798750 0.461000 0.012500 0.027333
1 0.796250 0.461667 0.009500 0.024667
0 0.763500 0.371000 0.039000 0.018000
1 0.598500 0.507667 0.008000 0.034000
4 0.644000 0.460333 0.051000 0.024667
4 0.578750 0.460667 0.050500 0.024000
4 0.521250 0.460667 0.048500 0.024000
7 0.497000 0.444000 0.028000 0.013333
1 0.457750 0.377667 0.003500 0.012667
1 0.470250 0.378333 0.003500 0.011333
4 0.308250 0.441333 0.042500 0.020000
4 0.251250 0.453333 0.046500 0.022667
4 0.208750 0.411000 0.026500 0.019333
0 0.441250 0.334333 0.016500 0.010000
1 0.408500 0.357000 0.003000 0.008667
1 0.412250 0.357000 0.002500 0.008667
3 0.074750 0.407000 0.005500 0.011333
6 0.038500 0.405667 0.045000 0.023333
4 0.119250 0.419667 0.026500 0.019333
4 0.103500 0.396333 0.021000 0.015333
4 0.097250 0.387000 0.024500 0.012667
2 0.103750 0.403667 0.006500 0.011333
2 0.107250 0.404333 0.005500 0.010000
2 0.111000 0.406667 0.007000 0.012000
10 0.111750 0.410000 0.008500 0.009333
10 0.108500 0.409000 0.010000 0.010000
10 0.106250 0.407000 0.009500 0.010000
4 0.142500 0.379667 0.020000 0.010000
4 0.140500 0.387000 0.021000 0.011333
5 0.315250 0.404000 0.013500 0.020000
0 0.186000 0.364667 0.004000 0.006667
4 0.191000 0.375333 0.025000 0.012000
4 0.270000 0.362333 0.016000 0.008667
4 0.283250 0.359000 0.014500 0.008667
4 0.376750 0.329667 0.008500 0.004667
