4 0.863500 0.934333 0.083000 0.126000
4 0.780000 0.631000 0.058000 0.106000
4 0.589750 0.584667 0.041500 0.088000
4 0.464250 0.581333 0.039500 0.109333
4 0.636500 0.497333 0.041000 0.080000
4 0.751250 0.528333 0.047500 0.088667
5 0.727250 0.426333 0.049500 0.080667
4 0.687250 0.283667 0.030500 0.051333
4 0.560000 0.294000 0.029000 0.057333
4 0.146000 0.943667 0.065000 0.112667
4 0.192000 0.785667 0.063000 0.136667
4 0.228750 0.637333 0.053500 0.114667
4 0.246500 0.512667 0.043000 0.084000
4 0.276500 0.350000 0.032000 0.066667
1 0.229500 0.416000 0.013000 0.034667
1 0.215750 0.422333 0.012500 0.030000
5 0.282000 0.273667 0.032000 0.072667
4 0.330500 0.238667 0.028000 0.053333
4 0.413500 0.218333 0.028000 0.058000
1 0.278750 0.223667 0.011500 0.028667
4 0.315750 0.161667 0.023500 0.038000
4 0.328000 0.108667 0.029000 0.038667
4 0.672750 0.236667 0.029500 0.042667
4 0.658250 0.179000 0.027500 0.046000
4 0.648000 0.137333 0.025000 0.037333
4 0.631500 0.081000 0.020000 0.028667
0 0.303000 0.209000 0.033000 0.055333
1 0.327250 0.052000 0.004500 0.021333
1 0.321750 0.048333 0.006500 0.019333
4 0.353750 0.023667 0.018500 0.030000
1 0.367750 0.027667 0.005500 0.022000
4 0.413500 0.071000 0.018000 0.031333
4 0.626750 0.012000 0.019500 0.024000
4 0.536500 0.013000 0.018000 0.026000
1 0.747500 0.663000 0.015000 0.036667
1 0.758250 0.666667 0.010500 0.029333
1 0.714000 0.476667 0.012000 0.033333
