4 0.963571 0.813810 0.072857 0.050476
4 0.961429 0.776667 0.077143 0.033333
4 0.953571 0.751905 0.092857 0.039048
4 0.875000 0.716667 0.078571 0.039048
1 0.780714 0.588095 0.005714 0.016190
4 0.662143 0.592857 0.017143 0.018095
4 0.642857 0.591429 0.017143 0.017143
4 0.626071 0.600952 0.019286 0.017143
4 0.615357 0.588571 0.019286 0.015238
0 0.798571 0.515238 0.038571 0.022857
4 0.384643 0.566190 0.023571 0.010476
4 0.398929 0.563810 0.020714 0.011429
5 0.055714 0.531905 0.010000 0.008571
4 0.066429 0.518095 0.018571 0.007619
9 0.018571 0.517619 0.025714 0.010476
4 0.019643 0.520476 0.010714 0.006667
5 0.011429 0.521429 0.011429 0.006667
4 0.007500 0.524762 0.007857 0.007619
4 0.035357 0.513810 0.010714 0.006667
