4 0.424643 0.771429 0.132143 0.089524
4 0.431071 0.547143 0.046429 0.094286
4 0.370357 0.556190 0.052143 0.087619
4 0.698571 0.417619 0.045714 0.048571
4 0.404643 0.254286 0.042143 0.026667
4 0.232143 0.676190 0.131429 0.078095
4 0.065714 0.691429 0.131429 0.081905
4 0.225357 0.548571 0.070714 0.102857
4 0.094643 0.553333 0.116429 0.095238
4 0.302857 0.547143 0.074286 0.100000
4 0.075714 0.443810 0.078571 0.059048
4 0.164286 0.442381 0.074286 0.071429
4 0.224286 0.426667 0.062857 0.064762
4 0.271071 0.400952 0.077857 0.064762
4 0.298929 0.390000 0.059286 0.046667
4 0.330000 0.374286 0.064286 0.047619
4 0.363214 0.366190 0.053571 0.042857
4 0.383571 0.353333 0.052857 0.041905
4 0.411429 0.343333 0.060000 0.042857
4 0.412857 0.325238 0.051429 0.042857
4 0.562857 0.410952 0.040000 0.042857
4 0.555000 0.369524 0.034286 0.032381
4 0.524643 0.310476 0.027857 0.034286
9 0.641071 0.329048 0.070714 0.103810
0 0.380714 0.051905 0.005714 0.021905
0 0.387857 0.080000 0.008571 0.028571
0 0.397143 0.117143 0.017143 0.041905
0 0.376429 0.109524 0.010000 0.040000
0 0.374643 0.073810 0.005000 0.010476
0 0.434286 0.125714 0.014286 0.030476
0 0.447500 0.072857 0.023571 0.023810
4 0.448571 0.092381 0.007143 0.007619
4 0.478571 0.092381 0.005714 0.007619
5 0.407500 0.149048 0.020714 0.016190
4 0.407500 0.202857 0.035000 0.019048
4 0.399286 0.188571 0.028571 0.015238
4 0.392143 0.182381 0.030000 0.018095
4 0.391071 0.177143 0.030714 0.019048
4 0.402857 0.167619 0.027143 0.015238
1 0.375000 0.158095 0.004286 0.015238
1 0.367857 0.160476 0.004286 0.016190
1 0.371071 0.162381 0.003571 0.014286
1 0.370000 0.153810 0.005714 0.016190
10 0.390357 0.280000 0.019286 0.017143
3 0.382500 0.305238 0.013571 0.021905
3 0.380357 0.213333 0.013571 0.011429
3 0.376429 0.202857 0.010000 0.011429
4 0.503929 0.123333 0.009286 0.008571
4 0.501786 0.109524 0.007857 0.009524
4 0.481786 0.102857 0.007857 0.007619
4 0.490714 0.102857 0.005714 0.009524
4 0.577500 0.155238 0.019286 0.015238
9 0.542857 0.140000 0.022857 0.032381
5 0.594643 0.131905 0.009286 0.014286
4 0.598214 0.289524 0.022143 0.032381
1 0.723571 0.247619 0.004286 0.017143
1 0.761071 0.269048 0.007857 0.023810
4 0.896786 0.194286 0.026429 0.020952
2 0.952857 0.444286 0.011429 0.025714
7 0.957857 0.454286 0.042857 0.034286
6 0.962143 0.414286 0.054286 0.051429
1 0.982500 0.448095 0.009286 0.035238
1 0.994286 0.452857 0.011429 0.029524
1 0.347500 0.771429 0.020714 0.057143
