10 0.252088 0.879870 0.027140 0.034323
5 0.469729 0.262987 0.018789 0.036178
5 0.531576 0.247681 0.026618 0.025974
4 0.491649 0.367811 0.041754 0.026902
10 0.432933 0.375696 0.009916 0.020408
7 0.501044 0.399814 0.026096 0.029685
7 0.502610 0.461039 0.034447 0.035250
5 0.487735 0.491187 0.040188 0.041744
4 0.480689 0.523191 0.048017 0.042672
4 0.474426 0.557978 0.050104 0.041744
4 0.470511 0.591837 0.056889 0.046382
4 0.444676 0.668831 0.059499 0.048237
10 0.520355 0.738404 0.019833 0.027829
1 0.547756 0.687384 0.008873 0.037106
1 0.543058 0.675325 0.010960 0.035250
2 0.534186 0.699443 0.017223 0.033395
10 0.340031 0.653989 0.020355 0.035250
1 0.289144 0.782004 0.012526 0.024119
10 0.842119 0.739796 0.024530 0.028757
4 0.772965 0.692022 0.066806 0.048237
7 0.784447 0.638683 0.040710 0.038033
10 0.782359 0.607607 0.028184 0.025974
4 0.669624 0.557514 0.027140 0.059369
6 0.651357 0.202690 0.016701 0.039889
5 0.665971 0.147032 0.019833 0.019481
4 0.660230 0.140074 0.017745 0.016698
4 0.659969 0.134045 0.021399 0.015770
4 0.659969 0.129870 0.022443 0.014842
4 0.656837 0.106215 0.016180 0.019481
8 0.570459 0.691558 0.016701 0.054731
2 0.584290 0.553340 0.007829 0.026902
10 0.584812 0.559833 0.006785 0.032468
2 0.640136 0.508813 0.005741 0.017625
2 0.640136 0.503247 0.007829 0.023191
10 0.639875 0.506030 0.008351 0.023191
2 0.629958 0.301484 0.004175 0.016698
10 0.629436 0.304731 0.005219 0.017625
8 0.567850 0.215677 0.008351 0.025046
8 0.579593 0.184601 0.009916 0.029685
7 0.599948 0.165121 0.010960 0.024119
2 0.600992 0.166048 0.003653 0.009276
2 0.597599 0.165584 0.004175 0.012059
10 0.693111 0.190167 0.005219 0.012987
10 0.687630 0.186920 0.004697 0.012059
4 0.586378 0.114100 0.009916 0.016698
10 0.577244 0.081633 0.003132 0.007421
2 0.577244 0.077922 0.003132 0.009276
1 0.601775 0.049629 0.002088 0.006494
1 0.598904 0.048701 0.002610 0.008349
3 0.599687 0.049165 0.002088 0.005566
10 0.581681 0.032468 0.002610 0.005566
2 0.581942 0.030148 0.002088 0.004638
2 0.582724 0.009740 0.001566 0.004638
3 0.582463 0.011596 0.002088 0.004638
1 0.754958 0.211503 0.005741 0.018553
1 0.786273 0.286642 0.005741 0.022263
6 0.905532 0.240724 0.038622 0.045455
10 0.096033 0.968924 0.031315 0.030612
