4 0.625357 0.593333 0.060714 0.043810
4 0.866071 0.710952 0.089286 0.042857
4 0.391786 0.571429 0.037857 0.040000
4 0.338929 0.540000 0.030714 0.038095
4 0.361786 0.533810 0.026429 0.035238
4 0.342500 0.500476 0.026429 0.029524
4 0.294643 0.473810 0.020714 0.031429
4 0.304286 0.445714 0.022857 0.020952
4 0.360357 0.486190 0.025000 0.029524
4 0.341786 0.465714 0.020714 0.022857
4 0.318214 0.402857 0.017857 0.026667
4 0.241071 0.317143 0.022143 0.015238
9 0.404286 0.531429 0.068571 0.080000
4 0.433929 0.526667 0.026429 0.034286
0 0.295357 0.629524 0.017857 0.028571
0 0.269643 0.619524 0.013571 0.031429
0 0.312143 0.607143 0.024286 0.052381
0 0.331786 0.593333 0.016429 0.028571
1 0.251786 0.643333 0.013571 0.035238
