4 0.486786 0.875000 0.012143 0.052030
9 0.473571 0.554569 0.017143 0.119289
9 0.415357 0.386421 0.013571 0.062183
5 0.432857 0.337563 0.011429 0.043147
5 0.462143 0.192893 0.011429 0.048223
4 0.388214 0.188452 0.022143 0.021574
1 0.388214 0.399112 0.005000 0.008883
1 0.493214 0.442893 0.005000 0.010152
1 0.509643 0.299492 0.005000 0.012690
1 0.512143 0.276015 0.004286 0.008883
1 0.515357 0.256980 0.003571 0.008883
0 0.497857 0.292513 0.015714 0.079949
1 0.526786 0.194162 0.003571 0.010152
1 0.530357 0.218909 0.005000 0.008883
10 0.580714 0.100254 0.007143 0.027919
0 0.641786 0.088832 0.083571 0.040609
5 0.756786 0.104061 0.027857 0.027919
6 0.846786 0.131345 0.025000 0.057107
5 0.865357 0.132614 0.016429 0.044416
