1 0.568929 0.763810 0.033571 0.072381
1 0.622500 0.697143 0.040714 0.060952
1 0.603214 0.654762 0.035000 0.054286
1 0.592143 0.493810 0.031429 0.063810
1 0.862143 0.484286 0.058571 0.063810
1 0.930357 0.723333 0.070714 0.065714
1 0.948929 0.764762 0.059286 0.057143
1 0.867143 0.546190 0.037143 0.058095
4 0.778214 0.568571 0.197857 0.179048
1 0.802500 0.236190 0.037857 0.085714
1 0.761786 0.172857 0.037857 0.079048
1 0.902143 0.180952 0.035714 0.083810
1 0.861071 0.111429 0.040714 0.087619
4 0.885714 0.052381 0.115714 0.102857
3 0.663929 0.182381 0.043571 0.075238
3 0.755357 0.016667 0.059286 0.033333
4 0.050000 0.208571 0.100000 0.198095
