6 0.292500 0.736675 0.096429 0.107868
6 0.418929 0.706218 0.095000 0.097716
6 0.584643 0.694162 0.159286 0.093909
5 0.706786 0.675761 0.075000 0.072335
6 0.668214 0.510152 0.113571 0.104061
4 0.722857 0.447335 0.032857 0.077411
4 0.664643 0.250635 0.035000 0.074873
4 0.698929 0.136421 0.026429 0.046954
9 0.929643 0.664975 0.050714 0.164975
1 0.977857 0.701777 0.018571 0.032995
4 0.299286 0.540609 0.075714 0.068528
1 0.432857 0.294416 0.014286 0.043147
2 0.595000 0.303934 0.011429 0.036802
1 0.099643 0.336929 0.015000 0.036802
