4 0.605357 0.609137 0.067857 0.106599
5 0.578571 0.382614 0.031429 0.095178
5 0.642500 0.774746 0.046429 0.171320
6 0.539643 0.185914 0.039286 0.100254
6 0.553929 0.283629 0.032143 0.107868
5 0.647857 0.956853 0.044286 0.083756
1 0.134643 0.597081 0.013571 0.049492
1 0.160000 0.451777 0.011429 0.050761
1 0.158214 0.357868 0.010714 0.038071
1 0.168929 0.354061 0.012143 0.040609
1 0.176429 0.359137 0.008571 0.030457
1 0.223571 0.196066 0.010000 0.031726
1 0.263929 0.121193 0.006429 0.031726
1 0.261071 0.103426 0.006429 0.026650
1 0.261429 0.091371 0.005714 0.025381
1 0.266786 0.100254 0.006429 0.038071
