4 0.422857 0.060476 0.050000 0.037143
10 0.318571 0.054762 0.007143 0.025714
4 0.429286 0.172857 0.051429 0.035238
4 0.425357 0.209524 0.052143 0.036190
1 0.402143 0.240952 0.005714 0.017143
4 0.425000 0.267619 0.050000 0.036190
4 0.312500 0.307143 0.027857 0.067619
4 0.428929 0.315238 0.052143 0.034286
1 0.329643 0.322857 0.006429 0.011429
4 0.423929 0.352857 0.047857 0.033333
4 0.423929 0.389524 0.050714 0.028571
4 0.427500 0.427143 0.055000 0.031429
4 0.418571 0.471429 0.055714 0.032381
5 0.416071 0.514762 0.052143 0.031429
5 0.418571 0.551429 0.044286 0.024762
5 0.469643 0.593810 0.052143 0.031429
1 0.455357 0.568571 0.009286 0.011429
4 0.405357 0.590000 0.052143 0.033333
4 0.307857 0.447143 0.041429 0.048571
1 0.327857 0.473333 0.007143 0.013333
8 0.293214 0.485238 0.042143 0.023810
8 0.323929 0.527619 0.012143 0.038095
1 0.307857 0.515238 0.008571 0.009524
1 0.302143 0.516190 0.010000 0.009524
1 0.288214 0.514762 0.010714 0.014286
1 0.284286 0.562857 0.010000 0.007619
1 0.284643 0.570952 0.006429 0.006667
1 0.342857 0.560476 0.008571 0.014286
8 0.293214 0.621429 0.035000 0.023810
1 0.323929 0.599524 0.007857 0.006667
10 0.292143 0.552857 0.017143 0.012381
2 0.292143 0.552857 0.007143 0.012381
2 0.297500 0.553810 0.007857 0.010476
2 0.308214 0.576667 0.010714 0.010476
10 0.307143 0.576667 0.018571 0.010476
1 0.287857 0.594762 0.008571 0.006667
1 0.284286 0.595714 0.010000 0.012381
2 0.301786 0.594762 0.007857 0.008571
1 0.311071 0.673333 0.010714 0.009524
1 0.357857 0.679048 0.007143 0.007619
4 0.390714 0.644286 0.054286 0.033333
2 0.306429 0.763810 0.010000 0.019048
1 0.313571 0.760476 0.007143 0.012381
4 0.090714 0.519048 0.048571 0.066667
4 0.016786 0.664762 0.033571 0.032381
7 0.767857 0.092857 0.021429 0.046667
1 0.758929 0.163333 0.009286 0.012381
2 0.705357 0.339048 0.007857 0.013333
6 0.622500 0.188095 0.065000 0.084762
6 0.780000 0.311429 0.025714 0.074286
10 0.995000 0.600000 0.008571 0.022857
2 0.996071 0.600952 0.007857 0.009524
8 0.837143 0.620000 0.024286 0.019048
1 0.846429 0.618095 0.008571 0.007619
1 0.779643 0.750000 0.010714 0.012381
8 0.701071 0.332857 0.016429 0.039048
1 0.747500 0.652857 0.015000 0.010476
6 0.739643 0.619048 0.077857 0.034286
4 0.704643 0.700476 0.049286 0.031429
4 0.670000 0.618571 0.050000 0.031429
4 0.609643 0.613333 0.050714 0.032381
5 0.581429 0.695238 0.048571 0.030476
4 0.515714 0.690476 0.057143 0.032381
4 0.449286 0.692381 0.052857 0.030476
4 0.424643 0.784762 0.053571 0.034286
4 0.424286 0.870952 0.057143 0.037143
5 0.426786 0.947143 0.046429 0.035238
5 0.421429 0.983333 0.047143 0.031429
1 0.387143 0.907143 0.008571 0.016190
1 0.390357 0.889048 0.006429 0.016190
1 0.372857 0.903810 0.005714 0.013333
8 0.382143 0.849048 0.017143 0.042857
8 0.351071 0.894286 0.013571 0.047619
2 0.349643 0.890476 0.007857 0.009524
1 0.400000 0.699048 0.005714 0.011429
4 0.296071 0.962381 0.059286 0.040952
1 0.257857 0.904286 0.011429 0.014286
10 0.287857 0.870952 0.012857 0.029524
10 0.286071 0.833810 0.010714 0.027619
1 0.314286 0.832381 0.005714 0.011429
1 0.318929 0.836190 0.007857 0.017143
1 0.261071 0.809524 0.010714 0.013333
