1 0.439643 0.454762 0.009286 0.016190
1 0.472143 0.575238 0.005714 0.017143
1 0.489286 0.527619 0.007143 0.017143
1 0.680714 0.415714 0.010000 0.014286
1 0.571071 0.390000 0.007857 0.016190
1 0.406071 0.438095 0.005000 0.015238
1 0.399286 0.444762 0.011429 0.013333
1 0.487857 0.470476 0.008571 0.015238
2 0.499643 0.472381 0.006429 0.020952
2 0.436786 0.505714 0.007857 0.017143
2 0.583929 0.530000 0.009286 0.016190
2 0.578929 0.627143 0.010714 0.014286
2 0.698571 0.454286 0.010000 0.019048
2 0.736429 0.447143 0.011429 0.016190
3 0.695714 0.460952 0.012857 0.015238
3 0.729643 0.455714 0.006429 0.018095
10 0.392857 0.503810 0.020000 0.024762
10 0.477500 0.530000 0.007857 0.021905
10 0.437500 0.502381 0.022143 0.008571
10 0.623571 0.513810 0.022857 0.014286
2 0.624643 0.511905 0.007857 0.020000
2 0.628929 0.512381 0.010714 0.015238
10 0.583571 0.530476 0.010000 0.028571
10 0.576786 0.628095 0.025000 0.023810
2 0.479286 0.527619 0.010000 0.013333
1 0.420000 0.438095 0.010000 0.015238
3 0.427143 0.437143 0.014286 0.017143
1 0.747500 0.325238 0.007857 0.018095
1 0.760357 0.324286 0.012143 0.016190
1 0.857500 0.569048 0.012143 0.020000
2 0.922857 0.621429 0.015714 0.014286
10 0.920714 0.626667 0.021429 0.013333
10 0.773929 0.708095 0.025000 0.014286
2 0.775357 0.706667 0.010714 0.019048
6 0.761786 0.595714 0.059286 0.092381
1 0.789286 0.141905 0.007143 0.015238
2 0.794286 0.156190 0.007143 0.011429
10 0.792500 0.162381 0.009286 0.016190
2 0.815714 0.064762 0.007143 0.009524
2 0.813571 0.068571 0.005714 0.011429
10 0.812500 0.070952 0.010714 0.012381
4 0.515357 0.033333 0.025000 0.034286
2 0.229286 0.282857 0.008571 0.011429
2 0.243571 0.156667 0.005714 0.016190
