1 0.026786 0.477157 0.003571 0.015228
1 0.028929 0.476523 0.006429 0.016497
4 0.062500 0.566624 0.026429 0.041878
4 0.228214 0.530457 0.040714 0.020305
4 0.093571 0.769036 0.040000 0.048223
4 0.142857 0.946066 0.045714 0.054569
4 0.446786 0.875635 0.032143 0.058376
5 0.497143 0.956853 0.030000 0.060914
4 0.808214 0.597716 0.022143 0.038071
4 0.957857 0.383249 0.017143 0.027919
10 0.996071 0.336294 0.005000 0.017766
2 0.996429 0.333756 0.005714 0.012690
6 0.855000 0.481599 0.032857 0.052030
6 0.875357 0.359137 0.025000 0.040609
4 0.968929 0.241117 0.016429 0.020305
4 0.930714 0.240482 0.012857 0.016497
5 0.937857 0.258249 0.017143 0.024112
5 0.925357 0.284264 0.015000 0.022843
4 0.908929 0.272208 0.016429 0.021574
9 0.877500 0.291878 0.056429 0.063452
5 0.840714 0.370558 0.018571 0.022843
4 0.815714 0.248096 0.018571 0.019036
10 0.774286 0.258249 0.007143 0.011421
2 0.775000 0.257614 0.004286 0.010152
9 0.752143 0.346447 0.051429 0.073604
9 0.631071 0.451142 0.057857 0.085025
5 0.563571 0.381345 0.024286 0.026650
4 0.494643 0.422589 0.025000 0.022843
4 0.406429 0.473985 0.028571 0.029188
1 0.545714 0.504442 0.004286 0.013959
1 0.694286 0.375635 0.002857 0.012690
1 0.708571 0.362944 0.004286 0.012690
1 0.716429 0.355330 0.002857 0.010152
1 0.667143 0.405457 0.002857 0.011421
1 0.658214 0.413071 0.005000 0.016497
1 0.670000 0.402919 0.002857 0.011421
1 0.673571 0.402284 0.002857 0.015228
1 0.677500 0.401015 0.003571 0.015228
1 0.678571 0.398477 0.004286 0.017766
1 0.683214 0.394670 0.005000 0.015228
1 0.684643 0.388325 0.005000 0.012690
1 0.688214 0.385152 0.003571 0.013959
