4 0.317589 0.782468 0.039144 0.093692
4 0.412839 0.724954 0.039666 0.084416
4 0.394311 0.653525 0.037056 0.071429
4 0.769833 0.524583 0.039666 0.065863
4 0.707463 0.456865 0.029749 0.045455
4 0.617693 0.504638 0.028706 0.063080
4 0.581159 0.516234 0.021399 0.049165
4 0.557672 0.509740 0.023486 0.052876
4 0.522704 0.512987 0.028706 0.050093
4 0.490605 0.508813 0.034447 0.052876
5 0.462683 0.499536 0.041232 0.045455
4 0.438674 0.491651 0.042276 0.048237
6 0.780793 0.463822 0.038622 0.048237
4 0.769572 0.447124 0.036013 0.033395
7 0.835334 0.392393 0.024530 0.042672
1 0.807150 0.384045 0.009916 0.029685
4 0.410491 0.482839 0.044363 0.054731
4 0.394050 0.465677 0.035491 0.044527
5 0.347599 0.417440 0.031315 0.050093
4 0.231994 0.463358 0.050626 0.058442
4 0.237213 0.436456 0.047495 0.032468
4 0.331420 0.405844 0.036534 0.043599
4 0.321242 0.381725 0.037056 0.045455
4 0.318111 0.356215 0.034969 0.037106
4 0.311326 0.329314 0.027662 0.038961
4 0.220511 0.405844 0.043319 0.030612
4 0.220511 0.382653 0.038100 0.026902
4 0.218685 0.350186 0.041754 0.030612
4 0.208768 0.275510 0.032359 0.025974
4 0.202505 0.240260 0.032359 0.033395
4 0.266441 0.225881 0.032881 0.025046
4 0.299061 0.315399 0.031315 0.044527
4 0.281054 0.303340 0.032881 0.031540
4 0.275574 0.282931 0.034447 0.027829
5 0.275835 0.182282 0.025574 0.028757
1 0.239301 0.277365 0.005741 0.020408
10 0.292537 0.250928 0.010960 0.013915
10 0.278967 0.262059 0.012004 0.017625
1 0.207985 0.311688 0.004697 0.022263
3 0.201722 0.314935 0.013048 0.012059
4 0.193372 0.316790 0.003653 0.015770
0 0.268789 0.240260 0.016701 0.025974
0 0.305063 0.252783 0.009916 0.019481
4 0.205376 0.217532 0.029749 0.019481
1 0.520616 0.575603 0.006785 0.026902
6 0.085073 0.053803 0.019833 0.070501
4 0.115344 0.023191 0.011482 0.018553
5 0.157620 0.026438 0.017745 0.017625
4 0.139092 0.012987 0.010960 0.011132
5 0.123695 0.711503 0.024008 0.066790
