4 0.457857 0.764286 0.061429 0.082857
4 0.756786 0.924286 0.059286 0.134286
4 0.675714 0.648095 0.072857 0.061905
4 0.761786 0.704762 0.083571 0.057143
4 0.287500 0.619048 0.062143 0.041905
4 0.286786 0.585714 0.055000 0.040000
4 0.136786 0.608571 0.070714 0.040000
4 0.122143 0.575238 0.061429 0.043810
4 0.019286 0.593333 0.037143 0.032381
0 0.038214 0.560952 0.022143 0.020952
1 0.318929 0.894762 0.015000 0.025714
1 0.331429 0.822381 0.012857 0.027619
10 0.321071 0.906190 0.016429 0.054286
10 0.331786 0.830000 0.017857 0.040952
0 0.372143 0.774286 0.024286 0.038095
2 0.947143 0.799048 0.014286 0.038095
10 0.945357 0.801905 0.027857 0.017143
2 0.836071 0.776190 0.012143 0.022857
2 0.752143 0.747143 0.012857 0.035238
3 0.833929 0.787619 0.032143 0.019048
3 0.749643 0.753810 0.029286 0.016190
0 0.814643 0.754286 0.027857 0.032381
4 0.837857 0.673333 0.078571 0.047619
10 0.765000 0.621905 0.027143 0.019048
2 0.768929 0.615238 0.010714 0.020952
4 0.882857 0.730952 0.074286 0.046667
5 0.973571 0.693333 0.051429 0.045714
4 0.576071 0.482381 0.019286 0.039048
4 0.550714 0.466667 0.020000 0.036190
4 0.515714 0.468095 0.017143 0.037143
4 0.608571 0.472857 0.021429 0.039048
4 0.602500 0.434286 0.017857 0.030476
4 0.577500 0.439524 0.017857 0.035238
4 0.547143 0.426667 0.017143 0.032381
4 0.521071 0.421429 0.017857 0.033333
4 0.572143 0.399048 0.015714 0.030476
4 0.599643 0.405238 0.016429 0.027619
5 0.550357 0.399048 0.015000 0.028571
4 0.548571 0.378095 0.015714 0.024762
4 0.548214 0.354762 0.015000 0.021905
4 0.551429 0.335238 0.014286 0.020952
4 0.589643 0.347619 0.015000 0.022857
4 0.627143 0.345714 0.020000 0.019048
4 0.589286 0.243810 0.008571 0.009524
4 0.610000 0.246190 0.010000 0.008571
4 0.608929 0.239524 0.007857 0.008571
4 0.547143 0.192381 0.005714 0.007619
4 0.540000 0.217619 0.007143 0.010476
4 0.550000 0.215714 0.007143 0.010476
4 0.551429 0.178571 0.005714 0.008571
4 0.568214 0.216667 0.006429 0.008571
4 0.566429 0.211429 0.007143 0.007619
0 0.558214 0.204762 0.005000 0.032381
0 0.566071 0.201905 0.006429 0.011429
0 0.558571 0.112857 0.012857 0.039048
0 0.555714 0.158571 0.017143 0.029524
1 0.596429 0.212381 0.002857 0.007619
4 0.580714 0.175714 0.004286 0.006667
4 0.576071 0.170000 0.005000 0.006667
0 0.568929 0.167619 0.005000 0.011429
1 0.832143 0.520476 0.012857 0.021905
1 0.841071 0.526190 0.007857 0.016190
1 0.849643 0.526190 0.006429 0.018095
1 0.860000 0.508095 0.007143 0.018095
1 0.868929 0.510000 0.006429 0.020000
2 0.848571 0.555714 0.005714 0.018095
2 0.854643 0.557619 0.005000 0.020000
10 0.849286 0.566190 0.024286 0.018095
2 0.921786 0.561905 0.006429 0.020952
2 0.928214 0.560952 0.005000 0.015238
10 0.918214 0.570952 0.022143 0.016190
1 0.371071 0.547619 0.009286 0.022857
1 0.423571 0.548571 0.010000 0.026667
2 0.408929 0.521429 0.007857 0.016190
2 0.515357 0.528095 0.009286 0.018095
2 0.469286 0.509524 0.008571 0.024762
10 0.515000 0.537619 0.007143 0.016190
10 0.410357 0.532857 0.007857 0.018095
10 0.469643 0.515714 0.006429 0.016190
2 0.474286 0.554286 0.010000 0.028571
10 0.473571 0.559524 0.011429 0.016190
0 0.489643 0.512381 0.009286 0.026667
0 0.482857 0.459048 0.030000 0.053333
4 0.897500 0.970952 0.067857 0.058095
4 0.831071 0.970952 0.062143 0.058095
