4 0.420000 0.974286 0.225714 0.051429
4 0.592500 0.764286 0.103571 0.256190
4 0.430000 0.729524 0.188571 0.125714
4 0.419643 0.627143 0.156429 0.111429
5 0.555714 0.518095 0.072857 0.169524
4 0.426071 0.525238 0.166429 0.103810
5 0.425357 0.442857 0.146429 0.097143
4 0.428214 0.376190 0.130714 0.087619
4 0.528571 0.353810 0.060000 0.128571
6 0.577143 0.237619 0.085714 0.147619
1 0.571786 0.349524 0.016429 0.062857
1 0.530357 0.140000 0.013571 0.049524
2 0.605714 0.130476 0.015714 0.040000
10 0.605000 0.145238 0.020000 0.039048
2 0.296429 0.243333 0.017143 0.046667
10 0.302857 0.257619 0.017143 0.033333
1 0.328929 0.168095 0.013571 0.050476
2 0.328571 0.161905 0.008571 0.026667
1 0.342857 0.164762 0.014286 0.045714
1 0.410714 0.057143 0.011429 0.041905
1 0.387857 0.094762 0.011429 0.044762
2 0.352857 0.048571 0.017143 0.038095
4 0.310000 0.089048 0.081429 0.056190
1 0.500714 0.207143 0.015714 0.050476
3 0.524643 0.254286 0.026429 0.040000
5 0.478929 0.033333 0.035000 0.066667
0 0.531071 0.213810 0.023571 0.063810
4 0.121786 0.444286 0.159286 0.105714
5 0.157500 0.213333 0.112143 0.072381
4 0.194286 0.183333 0.091429 0.058095
4 0.912500 0.372381 0.072143 0.120000
5 0.857500 0.248571 0.099286 0.114286
1 0.868571 0.106667 0.017143 0.049524
1 0.841786 0.156667 0.022143 0.048571
1 0.787500 0.051429 0.017857 0.045714
2 0.741071 0.083810 0.012143 0.038095
2 0.741429 0.046190 0.011429 0.031429
3 0.739286 0.099048 0.011429 0.032381
3 0.739643 0.059048 0.009286 0.028571
1 0.769286 0.049048 0.015714 0.042857
1 0.769643 0.021905 0.013571 0.040000
5 0.971786 0.267143 0.056429 0.128571
4 0.052143 0.876667 0.104286 0.143810
4 0.695714 0.024286 0.042857 0.048571
