2 0.202766 0.720315 0.021399 0.036178
1 0.226775 0.695733 0.017223 0.068646
1 0.314196 0.633581 0.012526 0.053803
2 0.479123 0.533395 0.013570 0.044527
2 0.500522 0.525046 0.014614 0.046382
1 0.557672 0.468924 0.009916 0.047310
2 0.588466 0.474026 0.014092 0.038961
2 0.792797 0.394249 0.011482 0.029685
2 0.846033 0.365955 0.010438 0.026902
5 0.772704 0.078386 0.018267 0.019481
2 0.947808 0.345547 0.011482 0.025046
10 0.929019 0.295455 0.022965 0.026902
10 0.964770 0.263915 0.010960 0.023191
10 0.983559 0.256957 0.007829 0.024119
10 0.965814 0.239332 0.009916 0.020408
10 0.972077 0.254174 0.010960 0.018553
4 0.985647 0.142393 0.027662 0.023191
