1 0.114000 0.647333 0.024000 0.061333
1 0.465250 0.586333 0.019500 0.058000
1 0.489250 0.577333 0.017500 0.046667
1 0.485000 0.552667 0.015000 0.052000
4 0.595500 0.527333 0.086000 0.097333
4 0.655000 0.456333 0.064000 0.088667
4 0.764000 0.330333 0.049000 0.048667
1 0.830000 0.468333 0.017000 0.054000
4 0.864000 0.283333 0.039000 0.042667
4 0.817750 0.273000 0.034500 0.036667
4 0.848500 0.234667 0.029000 0.029333
4 0.863750 0.214667 0.030500 0.032000
4 0.878500 0.201333 0.023000 0.028000
4 0.957000 0.179333 0.024000 0.025333
4 0.897000 0.177000 0.025000 0.024667
4 0.908000 0.166000 0.019000 0.021333
4 0.916000 0.154667 0.019000 0.017333
4 0.924000 0.144667 0.022000 0.020000
4 0.929750 0.137000 0.017500 0.015333
4 0.936250 0.127000 0.019500 0.019333
4 0.944000 0.120000 0.014000 0.016000
4 0.949250 0.112667 0.017500 0.018667
4 0.957000 0.108333 0.012000 0.012667
4 0.748500 0.117333 0.024000 0.018667
9 0.790000 0.065333 0.023000 0.025333
0 0.979250 0.059333 0.041500 0.052000
