5 0.014286 0.304286 0.012857 0.021905
4 0.121429 0.350952 0.025714 0.014286
4 0.135357 0.331429 0.017857 0.011429
4 0.343214 0.350952 0.020714 0.014286
1 0.291071 0.339524 0.002143 0.006667
1 0.286071 0.339524 0.002143 0.006667
1 0.362143 0.341429 0.001429 0.008571
1 0.351786 0.342381 0.002143 0.006667
1 0.182143 0.353333 0.002857 0.005714
9 0.125357 0.314286 0.043571 0.024762
4 0.288571 0.446667 0.011429 0.024762
1 0.312500 0.447143 0.005000 0.016190
1 0.412500 0.375238 0.002143 0.007619
1 0.402143 0.932857 0.002857 0.008571
4 0.517857 0.717143 0.010000 0.036190
4 0.480000 0.510476 0.011429 0.032381
4 0.526429 0.505238 0.008571 0.025714
4 0.510357 0.540000 0.009286 0.028571
4 0.504286 0.328571 0.008571 0.026667
4 0.542857 0.101429 0.005714 0.014286
4 0.507143 0.144286 0.008571 0.020000
4 0.545000 0.011905 0.007143 0.010476
1 0.629286 0.022857 0.001429 0.005714
4 0.612500 0.057619 0.012143 0.010476
1 0.638571 0.141905 0.002857 0.011429
4 0.647500 0.168095 0.015000 0.010476
1 0.631786 0.202857 0.003571 0.009524
4 0.648214 0.213810 0.016429 0.016190
4 0.650000 0.243333 0.017143 0.014286
4 0.653214 0.269524 0.016429 0.013333
4 0.658929 0.298571 0.016429 0.012381
4 0.657500 0.311905 0.016429 0.012381
1 0.652857 0.334762 0.002857 0.012381
4 0.628571 0.715238 0.032857 0.022857
4 0.625357 0.639524 0.026429 0.016190
1 0.706786 0.593810 0.010714 0.023810
1 0.689286 0.378095 0.004286 0.007619
4 0.688571 0.484762 0.020000 0.017143
6 0.744286 0.484286 0.018571 0.018095
1 0.746429 0.462857 0.002857 0.007619
1 0.754643 0.456667 0.003571 0.010476
1 0.768571 0.456667 0.002857 0.010476
1 0.763929 0.456667 0.002143 0.006667
