4 0.500000 0.132189 0.025052 0.084416
4 0.466858 0.193878 0.058977 0.050093
4 0.537056 0.126160 0.025052 0.089054
4 0.569415 0.106679 0.031315 0.090909
5 0.613518 0.167440 0.023486 0.091837
6 0.606733 0.060761 0.027662 0.121521
4 0.561065 0.252783 0.026096 0.099258
5 0.468946 0.295918 0.056889 0.053803
7 0.458246 0.347403 0.050104 0.051020
5 0.459812 0.410482 0.062630 0.058442
5 0.462944 0.485622 0.062630 0.051020
4 0.560804 0.442022 0.027662 0.112245
5 0.631524 0.461039 0.027140 0.100186
4 0.450678 0.546846 0.066284 0.052876
4 0.453549 0.609926 0.067850 0.056586
4 0.456681 0.673933 0.063674 0.060297
10 0.459290 0.737941 0.030271 0.025046
4 0.446242 0.810297 0.075157 0.062152
4 0.449896 0.892857 0.077244 0.064007
4 0.445459 0.970779 0.076722 0.056586
4 0.640136 0.929035 0.037056 0.132653
7 0.579071 0.920223 0.022443 0.077922
8 0.619781 0.785714 0.040188 0.035250
10 0.589248 0.763915 0.015658 0.047310
7 0.614040 0.758813 0.033925 0.025974
4 0.566806 0.675788 0.034447 0.134508
4 0.639092 0.675788 0.034969 0.119666
10 0.595772 0.598794 0.028706 0.021336
10 0.628132 0.592301 0.021399 0.045455
10 0.591597 0.516698 0.020355 0.044527
4 0.650574 0.071892 0.032881 0.089981
10 0.699113 0.070037 0.014092 0.039889
10 0.725209 0.236085 0.012004 0.041744
10 0.770616 0.844620 0.033925 0.025046
3 0.772704 0.821892 0.025574 0.022263
10 0.772182 0.803803 0.026618 0.021336
10 0.766180 0.787106 0.022965 0.019481
10 0.757829 0.779221 0.027140 0.020408
10 0.767223 0.758813 0.024008 0.018553
3 0.765136 0.745362 0.026096 0.017625
10 0.763048 0.732839 0.029228 0.022263
10 0.764614 0.709647 0.026096 0.022263
10 0.757307 0.697124 0.029228 0.013915
10 0.752610 0.684137 0.031315 0.013915
10 0.752871 0.666048 0.030793 0.020408
10 0.759916 0.640074 0.026096 0.024119
10 0.753132 0.626623 0.026096 0.025046
10 0.756524 0.605751 0.026618 0.024119
10 0.753132 0.583952 0.028184 0.017625
10 0.751044 0.571429 0.025052 0.014842
10 0.795668 0.776902 0.012004 0.039889
10 0.782620 0.569573 0.019311 0.059369
10 0.781315 0.920686 0.026096 0.051020
10 0.453810 0.055659 0.022443 0.033395
10 0.456681 0.035250 0.022965 0.033395
