4 0.483214 0.613333 0.037857 0.078095
4 0.686786 0.761429 0.085000 0.065714
4 0.406786 0.465238 0.046429 0.058095
4 0.458214 0.394286 0.042143 0.051429
4 0.471786 0.330952 0.036429 0.040952
4 0.422857 0.390476 0.048571 0.057143
4 0.363214 0.468095 0.049286 0.056190
4 0.587500 0.224762 0.026429 0.032381
4 0.609286 0.190476 0.020000 0.028571
4 0.627143 0.136190 0.020000 0.022857
4 0.553571 0.263810 0.028571 0.041905
4 0.498929 0.331429 0.026429 0.032381
5 0.533929 0.284286 0.025000 0.037143
1 0.391071 0.287143 0.010714 0.025714
10 0.906429 0.597143 0.031429 0.024762
10 0.274286 0.463333 0.015714 0.035238
10 0.300714 0.479524 0.022857 0.023810
2 0.912143 0.588571 0.015714 0.024762
2 0.300714 0.469524 0.012857 0.022857
2 0.275000 0.452857 0.011429 0.029524
0 0.163571 0.544286 0.020000 0.042857
4 0.459643 0.930476 0.050714 0.133333
3 0.687500 0.905714 0.023571 0.045714
2 0.687857 0.888095 0.018571 0.035238
0 0.487857 0.209048 0.011429 0.029524
0 0.557143 0.123333 0.008571 0.021905
4 0.766429 0.042381 0.014286 0.014286
