4 0.129286 0.768571 0.022857 0.020952
4 0.224286 0.710000 0.024286 0.012381
4 0.229643 0.704762 0.020714 0.009524
4 0.255000 0.678095 0.021429 0.009524
4 0.265714 0.671429 0.024286 0.009524
4 0.265714 0.666667 0.022857 0.007619
4 0.267500 0.663333 0.022143 0.006667
4 0.271429 0.660000 0.017143 0.009524
4 0.275714 0.656667 0.015714 0.006667
9 0.279643 0.649048 0.023571 0.014286
1 0.261071 0.650000 0.002143 0.008571
1 0.259286 0.648095 0.001429 0.008571
4 0.256071 0.652381 0.006429 0.011429
4 0.279643 0.640476 0.017857 0.010476
4 0.284643 0.636190 0.013571 0.007619
4 0.285357 0.632857 0.010714 0.006667
4 0.286071 0.631429 0.012143 0.007619
4 0.297500 0.630952 0.016429 0.008571
4 0.293214 0.627619 0.010714 0.009524
4 0.303571 0.622381 0.005714 0.008571
4 0.313214 0.622381 0.005000 0.006667
6 0.293571 0.618571 0.005714 0.008571
4 0.365000 0.561905 0.002857 0.003810
4 0.358571 0.585238 0.004286 0.004762
4 0.349643 0.542857 0.002143 0.001905
4 0.351071 0.540952 0.002143 0.001905
4 0.362500 0.556190 0.002143 0.001905
4 0.363571 0.553333 0.002857 0.001905
6 0.362857 0.610952 0.007143 0.010476
4 0.382857 0.599048 0.005714 0.005714
4 0.390714 0.607619 0.005714 0.005714
5 0.366429 0.684762 0.007143 0.013333
4 0.425357 0.694762 0.010714 0.012381
4 0.442857 0.740476 0.015714 0.018095
4 0.476071 0.757143 0.016429 0.017143
4 0.450357 0.787619 0.017857 0.022857
4 0.345714 0.842857 0.015714 0.032381
4 0.489286 0.828095 0.021429 0.025714
8 0.372857 0.900952 0.021429 0.043810
4 0.487857 0.878095 0.022857 0.032381
4 0.518214 0.882857 0.026429 0.032381
6 0.468571 0.975714 0.034286 0.048571
6 0.357857 0.978095 0.032857 0.043810
1 0.178929 0.864762 0.005000 0.022857
3 0.648929 0.986190 0.017857 0.018095
3 0.628571 0.955714 0.017143 0.014286
3 0.623571 0.950476 0.014286 0.015238
4 0.448571 0.604762 0.005714 0.005714
9 0.452500 0.604762 0.007857 0.015238
4 0.461071 0.610000 0.009286 0.006667
4 0.465000 0.611429 0.011429 0.007619
4 0.473929 0.612381 0.015000 0.009524
4 0.492857 0.619048 0.008571 0.005714
4 0.499286 0.620000 0.010000 0.005714
4 0.506429 0.623333 0.011429 0.006667
5 0.515000 0.623810 0.014286 0.011429
5 0.491429 0.635238 0.011429 0.009524
4 0.498214 0.639524 0.009286 0.008571
4 0.504286 0.641905 0.014286 0.009524
4 0.498571 0.650952 0.011429 0.010476
9 0.479643 0.644286 0.020714 0.023810
4 0.532143 0.630000 0.011429 0.008571
4 0.542500 0.631905 0.010714 0.006667
4 0.549286 0.634762 0.014286 0.008571
4 0.524643 0.672857 0.012143 0.010476
5 0.546429 0.660476 0.020000 0.014286
5 0.552857 0.662857 0.018571 0.011429
4 0.553929 0.672381 0.015000 0.011429
4 0.561786 0.672857 0.015000 0.010476
4 0.569643 0.676190 0.013571 0.011429
4 0.576071 0.679048 0.010714 0.011429
4 0.582857 0.684286 0.014286 0.012381
4 0.593214 0.672857 0.019286 0.014286
4 0.592143 0.684286 0.015714 0.012381
4 0.604286 0.688095 0.017143 0.012381
4 0.623214 0.691429 0.016429 0.013333
4 0.635357 0.695714 0.013571 0.010476
6 0.648571 0.692857 0.020000 0.016190
4 0.720000 0.716667 0.018571 0.014286
4 0.737857 0.720000 0.018571 0.013333
4 0.753929 0.723810 0.020714 0.019048
4 0.731786 0.760952 0.025000 0.020952
4 0.711429 0.757143 0.022857 0.020952
9 0.695357 0.737143 0.035000 0.032381
4 0.669643 0.740476 0.022143 0.020000
4 0.655714 0.737619 0.022857 0.020000
4 0.641071 0.730000 0.020714 0.018095
4 0.623929 0.724762 0.022143 0.015238
4 0.775000 0.836190 0.030000 0.030476
4 0.803571 0.841905 0.025714 0.034286
4 0.659643 0.859524 0.046429 0.031429
4 0.679643 0.884286 0.042143 0.029524
4 0.700000 0.903810 0.047143 0.032381
4 0.722857 0.925238 0.044286 0.033333
4 0.740000 0.947619 0.048571 0.040000
4 0.781071 0.958571 0.046429 0.042857
4 0.780000 0.985238 0.051429 0.029524
5 0.964286 0.941429 0.070000 0.058095
5 0.991071 0.831429 0.017857 0.030476
5 0.958214 0.820952 0.022143 0.036190
5 0.927143 0.813333 0.024286 0.034286
5 0.894286 0.803333 0.024286 0.029524
5 0.856786 0.792381 0.022143 0.026667
