4 0.448571 0.338832 0.025714 0.068528
4 0.407857 0.364848 0.028571 0.069797
4 0.458929 0.712563 0.029286 0.107868
4 0.334286 0.963832 0.051429 0.069797
4 0.368571 0.835660 0.038571 0.130711
4 0.376786 0.714467 0.027857 0.101523
4 0.385714 0.626904 0.028571 0.086294
4 0.391786 0.500000 0.029286 0.104061
4 0.423929 0.496827 0.029286 0.097716
4 0.404286 0.428934 0.025714 0.071066
4 0.441071 0.408629 0.025000 0.088832
1 0.502857 0.241751 0.007143 0.026650
1 0.500357 0.235406 0.009286 0.024112
4 0.375357 0.307107 0.040714 0.040609
