4 0.243571 0.835714 0.078571 0.073333
4 0.587143 0.895714 0.054286 0.145714
4 0.494286 0.563810 0.037143 0.093333
10 0.506429 0.693810 0.018571 0.060000
2 0.506071 0.676190 0.012143 0.020952
4 0.597857 0.411429 0.032857 0.091429
4 0.516429 0.480952 0.042857 0.070476
4 0.532857 0.384762 0.040000 0.072381
4 0.551071 0.320476 0.042143 0.071429
4 0.573571 0.254762 0.031429 0.058095
4 0.625357 0.061905 0.022143 0.041905
4 0.616071 0.097619 0.022143 0.048571
4 0.586071 0.193810 0.033571 0.050476
4 0.601071 0.144286 0.029286 0.046667
4 0.693929 0.566667 0.042143 0.095238
4 0.695000 0.680952 0.052857 0.100952
4 0.712500 0.390476 0.036429 0.070476
4 0.631429 0.222857 0.042857 0.045714
4 0.723929 0.184762 0.020714 0.043810
4 0.636786 0.012381 0.016429 0.024762
1 0.745000 0.071429 0.005714 0.022857
10 0.729286 0.129524 0.024286 0.024762
10 0.728929 0.062381 0.019286 0.023810
0 0.767857 0.025714 0.062857 0.047619
0 0.767143 0.087619 0.022857 0.045714
9 0.441429 0.603333 0.080000 0.204762
4 0.672857 0.921905 0.061429 0.140952
1 0.825000 0.874762 0.015714 0.042857
