6 0.557143 0.677665 0.055714 0.170051
6 0.825357 0.597081 0.127857 0.303299
6 0.494286 0.287437 0.038571 0.118020
6 0.058214 0.394670 0.055000 0.063452
1 0.124286 0.331853 0.010000 0.026650
1 0.232857 0.194162 0.008571 0.027919
1 0.407143 0.430203 0.005714 0.030457
1 0.412143 0.430838 0.005714 0.029188
1 0.316429 0.444797 0.008571 0.031726
1 0.413571 0.327411 0.007143 0.030457
1 0.407857 0.309010 0.007143 0.026650
1 0.404643 0.312183 0.006429 0.025381
10 0.547143 0.149112 0.011429 0.031726
4 0.550357 0.334391 0.029286 0.064721
4 0.613929 0.395939 0.033571 0.078680
4 0.725000 0.314086 0.037143 0.074873
4 0.795357 0.361041 0.042143 0.090102
4 0.702143 0.449239 0.041429 0.114213
4 0.570714 0.064721 0.022857 0.045685
4 0.055000 0.439721 0.050000 0.041878
4 0.117500 0.391497 0.049286 0.046954
3 0.209643 0.821066 0.015000 0.035533
1 0.249643 0.978426 0.010714 0.035533
1 0.217500 0.986041 0.015000 0.025381
5 0.213214 0.553299 0.039286 0.091371
4 0.323214 0.168147 0.020714 0.036802
1 0.428571 0.040609 0.005714 0.017766
4 0.351429 0.063452 0.014286 0.027919
9 0.284643 0.140863 0.043571 0.088832
9 0.318929 0.044416 0.033571 0.073604
4 0.345000 0.021574 0.024286 0.022843
4 0.238929 0.059010 0.015000 0.024112
4 0.307500 0.022208 0.019286 0.019036
