10 0.255000 0.043782 0.005714 0.011421
9 0.091429 0.297589 0.057143 0.057107
4 0.123929 0.589467 0.027857 0.026650
4 0.121071 0.664340 0.012143 0.041878
4 0.106429 0.670685 0.012857 0.041878
5 0.091071 0.678934 0.012143 0.043147
4 0.063214 0.685914 0.012143 0.034264
4 0.049286 0.700508 0.014286 0.045685
4 0.018571 0.718909 0.014286 0.041878
5 0.005357 0.727792 0.010714 0.044416
10 0.160357 0.654822 0.013571 0.012690
10 0.168571 0.656726 0.005714 0.019036
6 0.140357 0.613579 0.035000 0.034264
4 0.195714 0.582487 0.022857 0.027919
4 0.264643 0.548223 0.025000 0.025381
5 0.190357 0.653553 0.025000 0.045685
4 0.211786 0.647208 0.023571 0.038071
5 0.230357 0.644036 0.022143 0.036802
5 0.249286 0.633883 0.025714 0.044416
5 0.270714 0.626269 0.024286 0.041878
5 0.290357 0.622462 0.022143 0.041878
4 0.236429 0.166878 0.021429 0.024112
4 0.267857 0.141497 0.020000 0.024112
4 0.293214 0.113579 0.017857 0.021574
4 0.317500 0.090102 0.019286 0.025381
1 0.229643 0.122462 0.005000 0.016497
5 0.345714 0.059645 0.021429 0.025381
4 0.369286 0.032995 0.017143 0.020305
4 0.389643 0.007614 0.017857 0.015228
0 0.350714 0.019036 0.002857 0.007614
5 0.147143 0.459391 0.024286 0.027919
5 0.292857 0.428934 0.025714 0.027919
5 0.289286 0.322335 0.022857 0.030457
4 0.353929 0.258249 0.020714 0.026650
4 0.242857 0.502538 0.025714 0.030457
4 0.358571 0.435279 0.025714 0.030457
4 0.402143 0.388325 0.022857 0.027919
9 0.396071 0.343274 0.057857 0.064721
6 0.422143 0.468909 0.038571 0.041878
5 0.461429 0.543782 0.014286 0.039340
5 0.367857 0.612310 0.027143 0.024112
5 0.367143 0.635152 0.024286 0.021574
4 0.363929 0.665609 0.026429 0.024112
4 0.401429 0.694797 0.025714 0.024112
6 0.200000 0.719543 0.051429 0.043147
6 0.274643 0.698604 0.070714 0.046954
6 0.496429 0.600254 0.030000 0.027919
4 0.497857 0.565990 0.022857 0.020305
9 0.731786 0.980330 0.080714 0.036802
9 0.753929 0.942893 0.055000 0.040609
5 0.544286 0.932741 0.025714 0.025381
5 0.581786 0.922589 0.027857 0.027919
4 0.616071 0.914340 0.029286 0.029188
4 0.918929 0.827411 0.023571 0.050761
9 0.898571 0.914340 0.037143 0.151015
4 0.935357 0.717640 0.030714 0.046954
4 0.840000 0.442893 0.018571 0.048223
4 0.737143 0.172589 0.015714 0.032995
5 0.789286 0.249365 0.017143 0.044416
5 0.990000 0.161168 0.020000 0.020305
9 0.930357 0.122462 0.039286 0.029188
5 0.931071 0.041244 0.022143 0.021574
4 0.886071 0.055838 0.023571 0.017766
5 0.817500 0.097081 0.023571 0.019036
9 0.733571 0.032995 0.032857 0.065990
4 0.698214 0.015863 0.013571 0.029188
9 0.695714 0.162437 0.042857 0.038071
5 0.652857 0.180203 0.022857 0.022843
5 0.596429 0.257614 0.022857 0.022843
4 0.584286 0.203680 0.022857 0.021574
4 0.543929 0.289340 0.022143 0.025381
5 0.448571 0.162437 0.021429 0.027919
