4 0.482143 0.298858 0.028571 0.046954
4 0.501071 0.257614 0.027857 0.048223
4 0.578571 0.166244 0.022857 0.030457
4 0.873571 0.897208 0.045714 0.157360
4 0.922500 0.426396 0.045000 0.078680
5 0.524286 0.210660 0.027143 0.038071
5 0.550357 0.163071 0.023571 0.031726
5 0.251071 0.649112 0.050714 0.074873
5 0.081071 0.904188 0.087857 0.133249
5 0.933214 0.364213 0.049286 0.083756
5 0.961786 0.442893 0.042143 0.093909
4 0.969286 0.381980 0.048571 0.073604
4 0.988214 0.357234 0.023571 0.046954
5 0.970714 0.042513 0.045714 0.039340
4 0.779643 0.041244 0.045000 0.034264
4 0.920357 0.041878 0.040714 0.038071
9 0.653214 0.034264 0.069286 0.050761
9 0.541071 0.028553 0.093571 0.057107
9 0.421071 0.035533 0.069286 0.043147
9 0.322857 0.038071 0.040000 0.048223
1 0.878571 0.446066 0.011429 0.041878
10 0.912857 0.625000 0.015714 0.044416
10 0.917857 0.591371 0.021429 0.048223
10 0.930000 0.581853 0.015714 0.044416
10 0.932143 0.707487 0.040000 0.041878
10 0.937857 0.751269 0.047143 0.030457
10 0.953929 0.784898 0.043571 0.039340
10 0.973929 0.847716 0.042143 0.040609
10 0.980714 0.879442 0.038571 0.032995
10 0.987143 0.931472 0.025714 0.032995
10 0.992143 0.972081 0.015714 0.050761
10 0.707500 0.042513 0.007857 0.024112
10 0.715714 0.044416 0.010000 0.022843
10 0.723214 0.045685 0.010714 0.030457
10 0.736071 0.043782 0.009286 0.031726
10 0.742143 0.041878 0.008571 0.027919
10 0.750357 0.043782 0.009286 0.026650
10 0.756429 0.041878 0.008571 0.030457
10 0.762143 0.045685 0.010000 0.030457
10 0.768929 0.043782 0.010714 0.031726
10 0.781429 0.042513 0.012857 0.029188
10 0.560000 0.196701 0.008571 0.020305
10 0.484643 0.155457 0.010714 0.021574
10 0.427143 0.236041 0.011429 0.027919
1 0.561786 0.194162 0.007857 0.020305
4 0.578571 0.420051 0.030000 0.050761
1 0.657143 0.374365 0.007143 0.022843
1 0.643571 0.535533 0.007143 0.030457
1 0.635714 0.499365 0.007143 0.019036
1 0.636786 0.545051 0.007857 0.026650
1 0.638214 0.479695 0.006429 0.025381
1 0.631786 0.484137 0.006429 0.029188
1 0.399286 0.368020 0.008571 0.020305
1 0.403929 0.370558 0.005000 0.017766
1 0.404286 0.349619 0.005714 0.024112
1 0.345000 0.409898 0.008571 0.032995
1 0.632857 0.053934 0.007143 0.026650
1 0.677143 0.059010 0.004286 0.021574
1 0.675714 0.051396 0.005714 0.021574
1 0.668214 0.060914 0.007857 0.022843
1 0.390000 0.109137 0.005714 0.025381
1 0.571429 0.731599 0.007143 0.036802
