4 0.104643 0.819524 0.150714 0.248571
5 0.190357 0.579048 0.079286 0.142857
4 0.373929 0.483810 0.053571 0.087619
5 0.254286 0.411429 0.060000 0.085714
4 0.509286 0.936190 0.130000 0.127619
4 0.886429 0.755714 0.227143 0.138095
4 0.827857 0.670000 0.192857 0.119048
4 0.678929 0.475238 0.129286 0.072381
4 0.626429 0.418571 0.105714 0.056190
4 0.575714 0.337619 0.078571 0.050476
4 0.520714 0.267619 0.047143 0.026667
4 0.511071 0.285238 0.043571 0.033333
4 0.542143 0.298095 0.068571 0.036190
4 0.388214 0.226667 0.023571 0.028571
4 0.415000 0.250476 0.030000 0.030476
4 0.385357 0.301905 0.035000 0.049524
