1 0.222500 0.077143 0.013571 0.032381
1 0.356071 0.154762 0.016429 0.042857
1 0.335000 0.020000 0.010000 0.034286
5 0.273571 0.031905 0.058571 0.039048
4 0.285714 0.180000 0.050000 0.072381
3 0.271786 0.237143 0.030714 0.032381
4 0.306786 0.282857 0.053571 0.091429
4 0.276429 0.372857 0.061429 0.082857
4 0.180357 0.434286 0.082143 0.125714
4 0.220000 0.327619 0.064286 0.106667
4 0.225000 0.522381 0.087143 0.145714
4 0.143571 0.734286 0.131429 0.220952
4 0.188929 0.880476 0.137857 0.235238
4 0.408929 0.015714 0.027857 0.031429
1 0.645357 0.017143 0.015000 0.034286
1 0.676071 0.009048 0.006429 0.018095
1 0.681429 0.009524 0.005714 0.019048
1 0.692857 0.011905 0.010000 0.021905
1 0.728214 0.014286 0.006429 0.026667
1 0.670357 0.131429 0.015000 0.041905
1 0.698929 0.100000 0.009286 0.036190
1 0.708214 0.097143 0.006429 0.020952
4 0.559643 0.262857 0.047857 0.085714
4 0.632500 0.280476 0.047857 0.077143
4 0.579643 0.394762 0.049286 0.094286
4 0.660714 0.427143 0.058571 0.105714
4 0.580714 0.567619 0.071429 0.148571
4 0.814286 0.100000 0.054286 0.041905
4 0.843929 0.021429 0.059286 0.037143
1 0.821071 0.271429 0.013571 0.038095
1 0.841429 0.270476 0.017143 0.051429
9 0.727143 0.200952 0.098571 0.169524
9 0.752500 0.731429 0.205000 0.529524
1 0.937857 0.580000 0.024286 0.062857
4 0.958571 0.513333 0.082857 0.089524
4 0.943929 0.900000 0.110714 0.200000
1 0.045000 0.613810 0.031429 0.069524
