1 0.113571 0.339048 0.020000 0.040000
1 0.282857 0.430000 0.014286 0.050476
1 0.492143 0.683333 0.028571 0.084762
1 0.583929 0.680000 0.027857 0.085714
1 0.616071 0.747143 0.032143 0.100000
1 0.639286 0.696190 0.024286 0.093333
1 0.662500 0.689048 0.032143 0.105714
1 0.880000 0.960476 0.051429 0.079048
10 0.388214 0.311905 0.016429 0.018095
2 0.551071 0.490476 0.022143 0.038095
1 0.560357 0.570476 0.016429 0.064762
1 0.580357 0.572381 0.019286 0.068571
1 0.613571 0.587619 0.017143 0.074286
1 0.602500 0.572857 0.013571 0.065714
1 0.591786 0.524762 0.020714 0.062857
1 0.576429 0.527619 0.012857 0.059048
1 0.553929 0.555238 0.017857 0.068571
1 0.558929 0.542857 0.016429 0.062857
3 0.544286 0.845714 0.067143 0.097143
1 0.533929 0.768571 0.025000 0.091429
2 0.554286 0.771429 0.034286 0.078095
1 0.600714 0.383333 0.014286 0.033333
3 0.653929 0.957619 0.066429 0.084762
