4 0.989286 0.551429 0.021429 0.028571
4 0.583929 0.591905 0.025000 0.044762
4 0.444643 0.135238 0.009286 0.011429
4 0.454643 0.113333 0.006429 0.009524
4 0.428214 0.092857 0.006429 0.008571
4 0.438929 0.078095 0.005000 0.009524
4 0.450357 0.038571 0.005000 0.010476
7 0.519286 0.426667 0.010000 0.024762
10 0.515357 0.388571 0.005000 0.015238
10 0.533214 0.382381 0.005000 0.014286
6 0.483214 0.205238 0.016429 0.031429
10 0.495357 0.250000 0.003571 0.012381
10 0.454286 0.154286 0.002857 0.009524
10 0.473214 0.158095 0.003571 0.009524
2 0.519643 0.425714 0.005000 0.015238
2 0.515714 0.386667 0.002857 0.011429
2 0.533214 0.380476 0.002143 0.010476
6 0.606429 0.077619 0.014286 0.027619
