4 0.047143 0.627619 0.068571 0.076190
4 0.267143 0.692857 0.038571 0.094286
4 0.315714 0.661429 0.054286 0.079048
4 0.344643 0.629524 0.055000 0.070476
4 0.388214 0.576190 0.049286 0.070476
1 0.005000 0.600476 0.005714 0.023810
1 0.312143 0.808095 0.014286 0.035238
1 0.339643 0.768095 0.010714 0.033333
1 0.007857 0.673333 0.005714 0.026667
1 0.018929 0.714762 0.007857 0.027619
1 0.008929 0.720952 0.007857 0.026667
4 0.025714 0.814286 0.050000 0.118095
4 0.056429 0.820952 0.062857 0.110476
4 0.110714 0.840476 0.048571 0.100000
4 0.319286 0.890952 0.054286 0.124762
4 0.272857 0.882857 0.048571 0.120000
4 0.220714 0.874762 0.060000 0.117143
4 0.179286 0.851905 0.050000 0.105714
4 0.144286 0.842857 0.052857 0.104762
4 0.412500 0.907619 0.043571 0.123810
4 0.367143 0.901905 0.041429 0.102857
4 0.532143 0.907619 0.074286 0.062857
4 0.522143 0.849524 0.074286 0.070476
1 0.569286 0.054286 0.002857 0.013333
1 0.560357 0.067619 0.003571 0.017143
1 0.578214 0.071905 0.003571 0.020000
4 0.570357 0.087619 0.016429 0.030476
4 0.558929 0.148095 0.015000 0.023810
4 0.550714 0.178571 0.017143 0.031429
1 0.565714 0.167619 0.002857 0.011429
1 0.578929 0.220952 0.003571 0.015238
10 0.528929 0.190000 0.005000 0.014286
4 0.527143 0.269048 0.037143 0.035238
5 0.512857 0.285238 0.018571 0.037143
1 0.451071 0.302381 0.005000 0.021905
1 0.459286 0.301429 0.004286 0.020000
1 0.565000 0.320000 0.005714 0.020952
1 0.557500 0.339524 0.006429 0.020000
1 0.545714 0.338095 0.005714 0.022857
2 0.545000 0.332857 0.002857 0.012381
10 0.455357 0.382381 0.016429 0.016190
10 0.448929 0.401429 0.020714 0.018095
10 0.434643 0.452857 0.017857 0.016190
10 0.471786 0.326190 0.010714 0.014286
1 0.485000 0.330952 0.002857 0.010476
1 0.480714 0.331905 0.002857 0.012381
10 0.484643 0.303810 0.012143 0.015238
10 0.411786 0.517619 0.017857 0.025714
10 0.656786 0.936667 0.015000 0.033333
1 0.661786 0.912381 0.007857 0.022857
1 0.631786 0.901905 0.010714 0.032381
4 0.539643 0.795238 0.076429 0.066667
4 0.543214 0.745714 0.077857 0.060952
4 0.547143 0.699524 0.057143 0.048571
4 0.564643 0.610952 0.056429 0.046667
4 0.570357 0.658095 0.063571 0.060952
4 0.572143 0.576667 0.062857 0.050476
4 0.578214 0.542857 0.053571 0.041905
4 0.577857 0.512381 0.055714 0.038095
4 0.585714 0.485238 0.055714 0.037143
4 0.585357 0.458095 0.055000 0.041905
4 0.588214 0.428095 0.056429 0.037143
4 0.598214 0.406190 0.045000 0.037143
4 0.598571 0.386190 0.045714 0.035238
4 0.601429 0.366190 0.047143 0.037143
4 0.605000 0.341429 0.045714 0.031429
4 0.607857 0.322381 0.051429 0.033333
4 0.613571 0.301905 0.044286 0.032381
4 0.618929 0.286190 0.042143 0.029524
5 0.623214 0.266667 0.036429 0.028571
1 0.603571 0.270000 0.004286 0.016190
4 0.625357 0.251429 0.040714 0.030476
4 0.630357 0.234762 0.039286 0.025714
4 0.630714 0.217619 0.037143 0.025714
4 0.635000 0.201905 0.038571 0.026667
4 0.637143 0.186190 0.037143 0.023810
4 0.637857 0.176190 0.032857 0.024762
4 0.637500 0.166190 0.032143 0.023810
4 0.641786 0.153333 0.039286 0.026667
4 0.642500 0.141429 0.035000 0.023810
4 0.641071 0.126667 0.032143 0.017143
5 0.646786 0.086667 0.030714 0.019048
4 0.645000 0.096190 0.028571 0.017143
4 0.647857 0.109524 0.031429 0.022857
4 0.611071 0.102381 0.013571 0.021905
4 0.587500 0.098571 0.015000 0.020000
4 0.659286 0.064286 0.022857 0.018095
4 0.665000 0.057619 0.024286 0.018095
4 0.667143 0.048095 0.027143 0.016190
4 0.664643 0.030476 0.025000 0.022857
4 0.663571 0.010952 0.020000 0.018095
4 0.671429 0.005714 0.025714 0.011429
1 0.597500 0.079524 0.002143 0.012381
1 0.589286 0.147619 0.004286 0.017143
1 0.595000 0.151429 0.004286 0.013333
1 0.585357 0.162857 0.003571 0.011429
1 0.609643 0.168571 0.003571 0.015238
1 0.603571 0.170476 0.004286 0.015238
1 0.605714 0.199524 0.004286 0.016190
1 0.601429 0.199524 0.004286 0.014286
10 0.597857 0.062857 0.010000 0.007619
0 0.583929 0.047619 0.019286 0.030476
0 0.606071 0.055238 0.019286 0.022857
0 0.621786 0.035714 0.010714 0.021905
4 0.710000 0.066667 0.015714 0.026667
4 0.717500 0.108571 0.016429 0.030476
4 0.706786 0.157619 0.017857 0.029524
5 0.739286 0.083333 0.015714 0.025714
5 0.740000 0.130952 0.012857 0.033333
4 0.702857 0.198095 0.020000 0.026667
1 0.698214 0.422381 0.007857 0.018095
1 0.715000 0.679524 0.007143 0.033333
4 0.767500 0.880952 0.037857 0.108571
4 0.828214 0.779048 0.037857 0.095238
4 0.764643 0.749524 0.035000 0.099048
4 0.760357 0.642381 0.033571 0.079048
4 0.802857 0.507143 0.028571 0.058095
4 0.838571 0.461429 0.027143 0.058095
4 0.783929 0.361429 0.023571 0.044762
4 0.824643 0.358571 0.023571 0.042857
4 0.818571 0.312857 0.021429 0.037143
4 0.814286 0.266667 0.018571 0.034286
4 0.808214 0.228571 0.019286 0.030476
4 0.748929 0.219048 0.017857 0.032381
4 0.773571 0.202381 0.017143 0.027619
4 0.801786 0.170952 0.016429 0.025714
4 0.756429 0.071429 0.015714 0.020952
4 0.752500 0.024762 0.010714 0.015238
4 0.773929 0.055714 0.015000 0.021905
4 0.775000 0.033333 0.014286 0.019048
4 0.787857 0.013333 0.011429 0.017143
4 0.789643 0.030952 0.012143 0.016190
4 0.792857 0.050476 0.014286 0.017143
4 0.794643 0.078095 0.013571 0.020952
4 0.795000 0.100952 0.014286 0.020952
4 0.797500 0.124762 0.015000 0.020952
4 0.800714 0.145714 0.017143 0.017143
4 0.806071 0.200476 0.019286 0.027619
1 0.818214 0.177143 0.003571 0.015238
10 0.800714 0.295714 0.011429 0.018095
2 0.802143 0.290952 0.007143 0.012381
4 0.832143 0.412381 0.025714 0.040000
1 0.962857 0.634762 0.012857 0.025714
0 0.927500 0.248571 0.046429 0.059048
0 0.968929 0.344762 0.042143 0.104762
1 0.910000 0.341905 0.004286 0.019048
1 0.902857 0.351905 0.004286 0.018095
4 0.919643 0.202381 0.039286 0.020000
4 0.914643 0.183810 0.029286 0.019048
4 0.877500 0.115238 0.013571 0.020952
1 0.891429 0.146667 0.005714 0.024762
1 0.891429 0.090000 0.005714 0.012381
1 0.904643 0.093333 0.003571 0.011429
1 0.898929 0.046667 0.003571 0.015238
1 0.878214 0.058571 0.003571 0.012381
1 0.963214 0.117143 0.005000 0.015238
1 0.969643 0.117619 0.003571 0.014286
1 0.982500 0.120952 0.005000 0.015238
1 0.992143 0.122381 0.002857 0.014286
1 0.927500 0.102857 0.006429 0.019048
1 0.907857 0.038571 0.004286 0.014286
5 0.873214 0.089524 0.013571 0.026667
1 0.827857 0.005238 0.004286 0.010476
1 0.834286 0.004762 0.004286 0.009524
10 0.848929 0.010000 0.010714 0.012381
4 0.864286 0.033810 0.020000 0.014286
4 0.863571 0.059524 0.020000 0.018095
4 0.865357 0.047143 0.019286 0.016190
1 0.846071 0.051429 0.005000 0.017143
4 0.714286 0.011905 0.014286 0.020000
