4 0.710714 0.634518 0.031429 0.053299
5 0.805714 0.546320 0.035714 0.069797
4 0.418571 0.703680 0.037143 0.067259
4 0.377143 0.685914 0.031429 0.057107
4 0.368214 0.613579 0.033571 0.059645
4 0.307143 0.564721 0.037143 0.063452
4 0.328571 0.539340 0.032857 0.058376
9 0.401429 0.609772 0.084286 0.153553
9 0.416429 0.567893 0.084286 0.151015
5 0.354643 0.466371 0.039286 0.067259
5 0.312500 0.447335 0.037857 0.069797
4 0.283214 0.456218 0.035000 0.059645
4 0.270000 0.498731 0.034286 0.058376
4 0.277500 0.388959 0.032143 0.054569
4 0.316071 0.394670 0.029286 0.050761
5 0.321429 0.361675 0.034286 0.053299
4 0.175714 0.548223 0.032857 0.058376
5 0.211429 0.328680 0.034286 0.060914
5 0.207500 0.221447 0.035000 0.057107
