6 0.062857 0.282360 0.094286 0.201777
1 0.094286 0.848350 0.020000 0.046954
1 0.409286 0.703046 0.012857 0.038071
1 0.422500 0.704315 0.012143 0.040609
1 0.431429 0.714467 0.010000 0.025381
1 0.450714 0.647208 0.008571 0.038071
2 0.534643 0.770939 0.015000 0.024112
2 0.538214 0.696701 0.012143 0.025381
1 0.515357 0.511421 0.007857 0.020305
1 0.472500 0.496193 0.010714 0.035533
2 0.523214 0.459391 0.010714 0.022843
1 0.490714 0.481599 0.010000 0.039340
1 0.497857 0.480964 0.008571 0.035533
1 0.493214 0.380711 0.007857 0.030457
1 0.485000 0.321701 0.008571 0.036802
1 0.206071 0.503173 0.010714 0.034264
1 0.278929 0.435914 0.010714 0.041878
1 0.263571 0.355964 0.012857 0.041878
1 0.294286 0.285533 0.010000 0.020305
1 0.281786 0.258883 0.009286 0.030457
1 0.281071 0.288071 0.017857 0.035533
1 0.333929 0.440355 0.012143 0.027919
1 0.324643 0.440355 0.007857 0.038071
2 0.460357 0.430838 0.009286 0.029188
2 0.463214 0.421320 0.012143 0.027919
1 0.461786 0.331853 0.007857 0.026650
1 0.345714 0.347716 0.007143 0.030457
1 0.360714 0.322970 0.004286 0.031726
1 0.358929 0.294416 0.010714 0.030457
1 0.382500 0.361675 0.009286 0.038071
1 0.362143 0.365482 0.007143 0.025381
1 0.356071 0.359137 0.006429 0.025381
1 0.347500 0.361675 0.009286 0.030457
1 0.350714 0.251269 0.008571 0.032995
1 0.378929 0.313452 0.009286 0.030457
1 0.367857 0.317893 0.007143 0.011421
1 0.368214 0.310279 0.006429 0.013959
1 0.381429 0.080584 0.007143 0.031726
1 0.366786 0.098985 0.007857 0.030457
1 0.391786 0.152284 0.005000 0.022843
1 0.379286 0.217005 0.007143 0.030457
1 0.366429 0.239848 0.005714 0.035533
2 0.370357 0.244924 0.005000 0.017766
1 0.395714 0.260787 0.010000 0.034264
1 0.405357 0.258883 0.009286 0.032995
1 0.371071 0.217005 0.007857 0.027919
2 0.390000 0.103426 0.007143 0.021574
1 0.392857 0.102157 0.005714 0.031726
1 0.392857 0.092640 0.005714 0.027919
1 0.489643 0.202411 0.007857 0.036802
1 0.482857 0.201142 0.004286 0.031726
1 0.466786 0.225254 0.006429 0.021574
1 0.471071 0.190355 0.006429 0.030457
1 0.513214 0.161802 0.007857 0.031726
1 0.499643 0.087563 0.006429 0.035533
1 0.488929 0.093909 0.007857 0.030457
1 0.476786 0.111041 0.006429 0.031726
1 0.472500 0.111041 0.005000 0.034264
1 0.490000 0.174492 0.007143 0.029188
1 0.482857 0.175127 0.007143 0.030457
1 0.472857 0.171320 0.005714 0.022843
1 0.464643 0.182107 0.003571 0.013959
1 0.459286 0.186548 0.007143 0.025381
1 0.466786 0.118655 0.005000 0.013959
1 0.469286 0.150381 0.005714 0.021574
2 0.172500 0.494289 0.009286 0.019036
1 0.169643 0.486041 0.013571 0.040609
1 0.462500 0.104695 0.007857 0.024112
1 0.470357 0.027284 0.005000 0.024112
