4 0.053929 0.359048 0.033571 0.038095
4 0.190714 0.624762 0.055714 0.081905
4 0.149643 0.545238 0.047857 0.063810
4 0.335000 0.653810 0.085714 0.100000
4 0.265357 0.448095 0.053571 0.054286
4 0.296071 0.430000 0.043571 0.046667
4 0.612500 0.430000 0.043571 0.052381
4 0.585000 0.410000 0.042857 0.042857
4 0.552500 0.389048 0.043571 0.042857
4 0.527500 0.368571 0.040714 0.038095
4 0.120714 0.491429 0.034286 0.057143
4 0.099286 0.447619 0.034286 0.049524
4 0.265357 0.562857 0.077857 0.074286
4 0.436429 0.341905 0.048571 0.040000
4 0.500714 0.358095 0.034286 0.043810
4 0.654643 0.462381 0.040714 0.054286
4 0.411786 0.352381 0.042143 0.043810
5 0.307143 0.588095 0.078571 0.086667
5 0.033571 0.326190 0.032857 0.035238
10 0.415714 0.296667 0.014286 0.021905
10 0.434643 0.305238 0.013571 0.018095
10 0.492857 0.324286 0.012857 0.027619
10 0.485714 0.297619 0.012857 0.025714
10 0.210714 0.415714 0.014286 0.021905
10 0.212500 0.440476 0.015000 0.027619
5 0.589643 0.628095 0.050714 0.071429
10 0.537857 0.697619 0.015714 0.054286
2 0.539643 0.692381 0.012143 0.022857
10 0.593929 0.374286 0.017857 0.022857
10 0.536429 0.343810 0.010000 0.019048
0 0.536071 0.318095 0.039286 0.030476
4 0.877143 0.011429 0.022857 0.013333
5 0.742500 0.294286 0.067857 0.049524
5 0.808214 0.311905 0.027857 0.056190
10 0.737500 0.324762 0.017857 0.019048
