4 0.480357 0.392381 0.045000 0.040000
4 0.414643 0.445714 0.050714 0.045714
4 0.372857 0.355238 0.040000 0.032381
4 0.624643 0.310952 0.030714 0.027619
4 0.641786 0.256667 0.027857 0.021905
4 0.653571 0.229048 0.028571 0.018095
4 0.302500 0.382857 0.059286 0.026667
4 0.616071 0.344286 0.037857 0.031429
4 0.436071 0.313810 0.033571 0.021905
4 0.418214 0.310952 0.030714 0.027619
4 0.400714 0.309048 0.025714 0.025714
4 0.358571 0.348095 0.037143 0.027619
4 0.340000 0.346190 0.037143 0.027619
4 0.322143 0.343333 0.037143 0.027619
4 0.688929 0.260000 0.022143 0.020952
4 0.706071 0.241429 0.019286 0.018095
5 0.177857 0.393333 0.050000 0.041905
1 0.642857 0.562381 0.011429 0.031429
1 0.252857 0.423333 0.008571 0.025714
1 0.248214 0.428095 0.009286 0.025714
2 0.826071 0.640476 0.025000 0.035238
2 0.843929 0.648571 0.020714 0.028571
1 0.639286 0.549048 0.011429 0.031429
4 0.720000 0.951905 0.168571 0.096190
2 0.676071 0.676190 0.017857 0.036190
2 0.745357 0.776190 0.020714 0.041905
2 0.738214 0.753810 0.022143 0.044762
2 0.231071 0.434762 0.010714 0.021905
1 0.612143 0.228095 0.004286 0.014286
4 0.323929 0.369048 0.039286 0.025714
0 0.467857 0.293333 0.017143 0.019048
0 0.484286 0.284762 0.012857 0.017143
0 0.500714 0.277143 0.012857 0.015238
0 0.535714 0.255714 0.015714 0.012381
2 0.754643 0.295714 0.007857 0.014286
10 0.754286 0.301429 0.008571 0.016190
10 0.233214 0.440952 0.020714 0.022857
10 0.674643 0.679048 0.032143 0.032381
3 0.740714 0.787143 0.044286 0.033333
3 0.736429 0.763333 0.042857 0.044762
3 0.971429 0.848571 0.057143 0.040000
2 0.986429 0.848571 0.027143 0.036190
4 0.624286 0.215714 0.018571 0.016190
1 0.514286 0.301429 0.005714 0.018095
4 0.711071 0.214286 0.042143 0.026667
0 0.780357 0.194286 0.067857 0.062857
4 0.715357 0.257619 0.017857 0.018095
0 0.254286 0.542381 0.020000 0.044762
0 0.247857 0.486190 0.018571 0.039048
