5 0.087857 0.109048 0.051429 0.067619
5 0.234643 0.194762 0.063571 0.071429
5 0.267857 0.296667 0.061429 0.075238
4 0.190357 0.227143 0.062143 0.071429
4 0.731429 0.080476 0.051429 0.071429
4 0.631429 0.076190 0.051429 0.070476
4 0.685714 0.399048 0.061429 0.080000
4 0.562857 0.325714 0.055714 0.081905
5 0.706786 0.225238 0.055000 0.075238
10 0.935000 0.177619 0.022857 0.031429
1 0.912143 0.202857 0.018571 0.026667
2 0.708571 0.328095 0.012857 0.021905
2 0.677857 0.334762 0.014286 0.020000
8 0.713214 0.327143 0.033571 0.039048
1 0.793929 0.475238 0.015000 0.022857
10 0.676429 0.340952 0.021429 0.032381
10 0.675357 0.515714 0.035000 0.098095
2 0.625714 0.517619 0.018571 0.016190
2 0.626429 0.525714 0.018571 0.015238
10 0.626071 0.523810 0.015000 0.040000
1 0.839286 0.716190 0.017143 0.019048
4 0.802857 0.800952 0.090000 0.102857
4 0.790357 0.893810 0.087857 0.107619
5 0.692143 0.796667 0.074286 0.082857
2 0.908214 0.670952 0.023571 0.020000
3 0.888214 0.645714 0.022143 0.034286
10 0.922500 0.670000 0.026429 0.042857
10 0.932857 0.698571 0.021429 0.033333
10 0.948214 0.653810 0.020714 0.029524
1 0.711786 0.581905 0.012143 0.017143
2 0.874286 0.734762 0.024286 0.021905
3 0.878571 0.738571 0.030000 0.029524
2 0.931071 0.876190 0.019286 0.022857
2 0.856786 0.898571 0.019286 0.027619
2 0.606429 0.975714 0.012857 0.027619
2 0.670357 0.735714 0.016429 0.020000
2 0.521429 0.771429 0.014286 0.020952
3 0.923571 0.875714 0.032857 0.035238
3 0.669643 0.740952 0.027857 0.026667
10 0.852857 0.895238 0.032857 0.038095
4 0.403214 0.846190 0.073571 0.115238
4 0.444643 0.912381 0.055000 0.081905
4 0.486071 0.579524 0.062143 0.094286
4 0.408214 0.581429 0.059286 0.094286
7 0.499286 0.740000 0.052857 0.072381
7 0.506071 0.847619 0.046429 0.055238
10 0.522500 0.771905 0.026429 0.031429
1 0.609286 0.832857 0.012857 0.016190
1 0.636071 0.796190 0.017857 0.013333
1 0.558929 0.880000 0.012143 0.020952
4 0.220357 0.884762 0.076429 0.112381
4 0.052500 0.945238 0.089286 0.109524
6 0.198214 0.738571 0.119286 0.151429
2 0.323929 0.647143 0.016429 0.020000
10 0.326786 0.649048 0.027857 0.039048
1 0.727857 0.989048 0.012857 0.021905
2 0.859286 0.988095 0.015714 0.023810
10 0.635714 0.942381 0.037143 0.029524
2 0.670000 0.931905 0.015714 0.021905
1 0.638571 0.989524 0.011429 0.019048
1 0.614286 0.956190 0.012857 0.017143
10 0.605714 0.982857 0.031429 0.034286
2 0.362500 0.445238 0.013571 0.021905
10 0.361429 0.447143 0.028571 0.033333
