0 0.259286 0.909048 0.022857 0.050476
1 0.357500 0.985714 0.012143 0.022857
1 0.381786 0.982857 0.009286 0.024762
1 0.424643 0.956667 0.009286 0.025714
0 0.588929 0.874286 0.022143 0.150476
1 0.008571 0.332857 0.017143 0.012381
1 0.010000 0.290476 0.020000 0.017143
1 0.060000 0.350952 0.014286 0.014286
1 0.016786 0.315714 0.019286 0.014286
1 0.800000 0.501429 0.012857 0.014286
1 0.834286 0.530476 0.011429 0.011429
1 0.836071 0.552381 0.015000 0.007619
1 0.825714 0.543333 0.010000 0.008571
1 0.478214 0.950476 0.013571 0.013333
1 0.473929 0.921429 0.010714 0.020000
1 0.486429 0.898095 0.008571 0.020952
1 0.466786 0.840476 0.012143 0.018095
1 0.447143 0.838095 0.010000 0.017143
1 0.462500 0.891905 0.013571 0.023810
1 0.424286 0.903333 0.007143 0.023810
1 0.474643 0.896667 0.007857 0.025714
