4 0.177143 0.026190 0.098571 0.052381
5 0.165357 0.057143 0.102143 0.078095
6 0.315357 0.269524 0.082143 0.220952
6 0.062143 0.778571 0.124286 0.170476
1 0.381786 0.973810 0.019286 0.048571
1 0.426071 0.902857 0.029286 0.040000
1 0.407500 0.776190 0.026429 0.049524
1 0.421429 0.730000 0.022857 0.042857
1 0.402857 0.610952 0.014286 0.052381
1 0.393929 0.598095 0.015000 0.049524
6 0.930714 0.948095 0.138571 0.101905
1 0.563571 0.839524 0.021429 0.037143
1 0.663929 0.749048 0.029286 0.040952
1 0.583571 0.753333 0.030000 0.040000
6 0.535000 0.322381 0.124286 0.210476
5 0.470000 0.148571 0.060000 0.118095
4 0.804286 0.095714 0.065714 0.107619
5 0.911786 0.292381 0.085000 0.161905
5 0.972143 0.502381 0.055714 0.181905
