4 0.771429 0.871905 0.084286 0.071429
4 0.313571 0.770476 0.065714 0.053333
4 0.447143 0.678571 0.060000 0.056190
4 0.548929 0.621429 0.053571 0.065714
4 0.630714 0.761905 0.035714 0.064762
4 0.438571 0.606667 0.054286 0.049524
10 0.656429 0.486667 0.014286 0.030476
4 0.694643 0.451905 0.045000 0.069524
4 0.710357 0.310952 0.039286 0.065714
4 0.672500 0.251905 0.040714 0.033333
6 0.763214 0.299524 0.065000 0.092381
4 0.822500 0.325714 0.050714 0.055238
4 0.895000 0.147619 0.035714 0.055238
5 0.376071 0.576190 0.037857 0.066667
4 0.298929 0.604762 0.032143 0.072381
4 0.251429 0.628571 0.045714 0.043810
4 0.098214 0.707143 0.066429 0.056190
9 0.903214 0.530476 0.063571 0.161905
4 0.911071 0.409524 0.032143 0.064762
4 0.923214 0.257143 0.025000 0.053333
5 0.951071 0.249048 0.026429 0.056190
5 0.950714 0.132857 0.031429 0.065714
4 0.974286 0.151905 0.028571 0.063810
4 0.980714 0.077619 0.027143 0.056190
10 0.964286 0.041905 0.014286 0.024762
2 0.965000 0.038095 0.011429 0.017143
