4 0.026429 0.006667 0.008571 0.009524
5 0.086071 0.039048 0.013571 0.015238
3 0.071786 0.038095 0.002143 0.003810
2 0.070714 0.036190 0.002857 0.005714
2 0.120714 0.151429 0.004286 0.007619
2 0.174286 0.266190 0.004286 0.006667
2 0.195714 0.540476 0.008571 0.014286
2 0.109286 0.110000 0.004286 0.004762
1 0.092857 0.039048 0.005714 0.009524
10 0.110357 0.114762 0.003571 0.006667
10 0.122143 0.155714 0.004286 0.008571
8 0.177143 0.271429 0.014286 0.013333
4 0.071429 0.013810 0.011429 0.008571
5 0.103929 0.027143 0.023571 0.012381
5 0.112143 0.034286 0.015714 0.011429
4 0.141786 0.030000 0.016429 0.008571
5 0.086429 0.222381 0.032857 0.075238
4 0.085357 0.020952 0.015000 0.007619
4 0.116429 0.054286 0.011429 0.009524
4 0.105714 0.070476 0.008571 0.011429
4 0.118571 0.069524 0.008571 0.009524
4 0.132500 0.085714 0.010714 0.009524
4 0.147500 0.082857 0.009286 0.011429
5 0.109643 0.087143 0.009286 0.012381
4 0.118929 0.082857 0.016429 0.009524
4 0.219286 0.086190 0.015714 0.006667
5 0.210000 0.082857 0.015714 0.013333
4 0.153571 0.103810 0.020000 0.013333
4 0.251429 0.176190 0.014286 0.017143
4 0.265714 0.175238 0.011429 0.015238
1 0.292500 0.172857 0.005000 0.012381
1 0.289643 0.172381 0.003571 0.009524
5 0.285714 0.238571 0.027143 0.056190
5 0.255357 0.240000 0.026429 0.057143
4 0.239286 0.251905 0.010000 0.018095
4 0.337500 0.267619 0.033571 0.022857
5 0.355714 0.335714 0.031429 0.027619
9 0.156786 0.344762 0.033571 0.087619
4 0.239643 0.360000 0.039286 0.032381
5 0.313929 0.358571 0.027857 0.023810
5 0.205714 0.324762 0.048571 0.047619
5 0.213214 0.301429 0.049286 0.031429
5 0.256429 0.331429 0.031429 0.030476
5 0.229643 0.333810 0.033571 0.033333
10 0.199286 0.544762 0.010000 0.022857
4 0.392143 0.677143 0.032857 0.060952
4 0.344643 0.696667 0.036429 0.069524
1 0.351071 0.735238 0.012143 0.024762
4 0.397143 0.525238 0.037143 0.044762
4 0.572500 0.689524 0.060714 0.059048
4 0.526429 0.626667 0.050000 0.051429
5 0.552143 0.653333 0.065714 0.070476
5 0.653571 0.972857 0.075714 0.054286
5 0.411071 0.281905 0.042143 0.047619
4 0.410000 0.310952 0.031429 0.016190
4 0.455000 0.279524 0.025714 0.020000
4 0.492143 0.386190 0.037143 0.037143
4 0.510000 0.431429 0.037143 0.034286
4 0.465714 0.468571 0.038571 0.038095
10 0.609286 0.361429 0.010000 0.018095
10 0.588929 0.386190 0.013571 0.012381
3 0.593571 0.370476 0.007143 0.017143
10 0.740714 0.543810 0.015714 0.020952
10 0.767143 0.610952 0.012857 0.025714
4 0.747857 0.807619 0.068571 0.057143
10 0.816786 0.848095 0.023571 0.040952
4 0.861071 0.963810 0.072143 0.068571
4 0.913214 0.957619 0.086429 0.082857
4 0.948929 0.944762 0.096429 0.108571
4 0.966071 0.935238 0.067857 0.114286
4 0.987500 0.900000 0.025000 0.041905
5 0.818214 0.974286 0.056429 0.049524
10 0.917500 0.713810 0.015000 0.023810
10 0.830357 0.679048 0.015000 0.032381
10 0.898929 0.708571 0.017857 0.026667
