5 0.578214 0.715102 0.023571 0.090102
4 0.591071 0.496827 0.019286 0.059645
4 0.557857 0.357868 0.017143 0.053299
4 0.561429 0.087563 0.011429 0.032995
9 0.147857 0.888325 0.098571 0.078680
4 0.441071 0.980964 0.030714 0.035533
4 0.018929 0.905457 0.037857 0.052030
4 0.463571 0.016497 0.011429 0.022843
4 0.556429 0.010787 0.010000 0.021574
1 0.387143 0.392132 0.005714 0.025381
1 0.381429 0.390863 0.005714 0.030457
1 0.400000 0.274746 0.004286 0.021574
1 0.401429 0.262690 0.004286 0.020305
1 0.688929 0.759518 0.007857 0.031726
1 0.754643 0.648477 0.007857 0.030457
1 0.687500 0.579949 0.006429 0.020305
1 0.674286 0.609772 0.005714 0.029188
1 0.678929 0.611041 0.003571 0.021574
1 0.682500 0.602792 0.006429 0.030457
1 0.655000 0.458756 0.005714 0.024112
1 0.649286 0.457487 0.005714 0.019036
1 0.645357 0.451142 0.007857 0.024112
5 0.610357 0.133249 0.026429 0.035533
