4 0.513571 0.951142 0.012857 0.046954
4 0.511786 0.828046 0.010714 0.039340
4 0.541429 0.793782 0.011429 0.039340
5 0.479643 0.835025 0.010714 0.040609
6 0.453214 0.940990 0.019286 0.100254
4 0.462500 0.774746 0.010714 0.039340
6 0.464643 0.680203 0.016429 0.073604
4 0.481071 0.690355 0.010714 0.035533
4 0.526429 0.682107 0.010000 0.034264
5 0.525357 0.597716 0.009286 0.035533
4 0.541429 0.582487 0.008571 0.032995
4 0.480714 0.571701 0.010000 0.029188
4 0.539286 0.528553 0.008571 0.026650
5 0.474643 0.453046 0.009286 0.027919
4 0.486429 0.452411 0.008571 0.024112
5 0.515357 0.428299 0.007857 0.029188
6 0.539643 0.393401 0.010714 0.060914
4 0.489286 0.383883 0.007143 0.019036
4 0.492500 0.307107 0.007857 0.017766
4 0.483929 0.262690 0.007857 0.017766
5 0.495000 0.215736 0.007143 0.022843
9 0.536071 0.256345 0.010714 0.053299
4 0.494643 0.170685 0.007857 0.019036
9 0.537500 0.154188 0.010714 0.046954
4 0.490000 0.134518 0.007143 0.017766
4 0.498214 0.072970 0.006429 0.013959
4 0.505714 0.013325 0.007143 0.013959
4 0.493571 0.026015 0.007143 0.013959
4 0.485714 0.008883 0.007143 0.015228
1 0.486429 0.188452 0.004286 0.011421
1 0.457143 0.272208 0.002857 0.008883
1 0.475714 0.187183 0.002857 0.011421
1 0.471429 0.183376 0.004286 0.011421
1 0.455714 0.343274 0.004286 0.011421
1 0.452143 0.370558 0.002857 0.012690
1 0.455357 0.401015 0.003571 0.010152
1 0.446071 0.426396 0.002143 0.010152
1 0.426786 0.712563 0.003571 0.013959
1 0.434286 0.717640 0.004286 0.013959
1 0.429286 0.833122 0.004286 0.013959
1 0.417857 0.797589 0.004286 0.011421
1 0.418214 0.786802 0.003571 0.010152
1 0.415000 0.974619 0.004286 0.015228
4 0.820000 0.052665 0.014286 0.011421
4 0.818571 0.047589 0.014286 0.011421
4 0.816429 0.043147 0.012857 0.010152
4 0.815000 0.036802 0.012857 0.010152
4 0.812143 0.031726 0.012857 0.010152
4 0.811071 0.027284 0.013571 0.008883
