4 0.091336 0.755102 0.046973 0.085343
4 0.725731 0.915584 0.042276 0.098330
9 0.546973 0.346939 0.021921 0.074212
9 0.431889 0.208256 0.014092 0.049165
5 0.445459 0.372449 0.013048 0.039889
4 0.492954 0.263915 0.012004 0.025046
4 0.504436 0.236549 0.007829 0.016698
4 0.463727 0.166976 0.009916 0.018553
4 0.457203 0.143321 0.008351 0.019481
4 0.498434 0.153989 0.009395 0.014842
4 0.494781 0.102968 0.007307 0.011132
4 0.487735 0.067718 0.006785 0.011132
4 0.494781 0.060297 0.006263 0.011132
4 0.490605 0.034323 0.005219 0.009276
4 0.493476 0.009276 0.004697 0.007421
4 0.485908 0.006030 0.005219 0.008349
4 0.740866 0.727273 0.051670 0.040816
4 0.731994 0.677644 0.049582 0.039889
5 0.717641 0.645176 0.038622 0.034323
5 0.711378 0.569109 0.036534 0.036178
4 0.698852 0.547774 0.042797 0.032468
4 0.706159 0.621521 0.046973 0.037106
4 0.613257 0.506030 0.019833 0.043599
4 0.637787 0.497681 0.019833 0.034323
1 0.653706 0.513915 0.003653 0.024119
1 0.658925 0.514378 0.004697 0.025046
10 0.707203 0.451763 0.007307 0.025974
10 0.757307 0.553803 0.015658 0.024119
10 0.743215 0.510204 0.014614 0.020408
10 0.786273 0.627087 0.016180 0.014842
10 0.822025 0.716141 0.019833 0.025974
3 0.861169 0.838590 0.020877 0.025974
4 0.660230 0.434137 0.032359 0.025974
4 0.658142 0.418831 0.030271 0.023191
4 0.674843 0.377087 0.032359 0.026902
4 0.639614 0.374768 0.028706 0.025974
10 0.628392 0.307978 0.010438 0.011132
10 0.603079 0.279221 0.008873 0.012987
5 0.583507 0.275046 0.010438 0.025046
5 0.601253 0.257421 0.021921 0.023191
4 0.553497 0.131725 0.008873 0.014842
5 0.550104 0.118738 0.007307 0.014842
4 0.547495 0.112245 0.008351 0.011132
4 0.542276 0.089054 0.008351 0.011132
4 0.540449 0.083024 0.010960 0.008349
5 0.538883 0.075603 0.006785 0.012059
2 0.540971 0.160019 0.002610 0.008349
3 0.540710 0.163265 0.002088 0.007421
0 0.567328 0.137291 0.007307 0.022263
2 0.672495 0.761596 0.004697 0.020408
2 0.696242 0.905844 0.006263 0.021336
10 0.670668 0.768553 0.007307 0.021336
10 0.693111 0.917440 0.010438 0.027829
1 0.590553 0.173006 0.002610 0.012059
0 0.582463 0.179499 0.008351 0.012059
2 0.569154 0.262987 0.003653 0.010204
10 0.568372 0.269017 0.003132 0.009276
2 0.344729 0.508813 0.004697 0.013915
10 0.343946 0.515770 0.006263 0.025974
2 0.400313 0.167440 0.002088 0.006494
2 0.414405 0.132189 0.002088 0.006494
2 0.413883 0.123840 0.002088 0.006494
10 0.400574 0.173006 0.003653 0.006494
10 0.413883 0.128942 0.003132 0.005566
10 0.414144 0.137291 0.001566 0.005566
1 0.514614 0.020872 0.002088 0.008349
1 0.521138 0.047774 0.001566 0.010204
0 0.476514 0.043599 0.004175 0.009276
