10 0.080714 0.812381 0.041429 0.066667
1 0.216429 0.878571 0.035714 0.079048
1 0.343929 0.742857 0.017857 0.066667
1 0.404643 0.722857 0.017857 0.064762
1 0.455714 0.685714 0.012857 0.049524
4 0.475357 0.770000 0.117857 0.145714
1 0.512143 0.636190 0.017143 0.053333
3 0.651429 0.720952 0.024286 0.049524
2 0.652857 0.708571 0.020000 0.055238
4 0.747857 0.836667 0.097143 0.136190
1 0.400714 0.558095 0.017143 0.051429
1 0.419643 0.559048 0.013571 0.045714
1 0.463214 0.584286 0.009286 0.048571
1 0.485357 0.589524 0.012143 0.049524
1 0.498929 0.582857 0.012143 0.049524
2 0.473571 0.568571 0.021429 0.026667
4 0.520714 0.518571 0.074286 0.061905
5 0.629643 0.617619 0.093571 0.120952
4 0.590357 0.458571 0.072143 0.046667
4 0.606429 0.442857 0.071429 0.051429
1 0.633214 0.487143 0.012143 0.040952
1 0.658571 0.453333 0.008571 0.036190
1 0.665000 0.467143 0.007143 0.031429
1 0.671071 0.453333 0.006429 0.036190
3 0.667143 0.459048 0.027143 0.020952
1 0.694643 0.527619 0.007857 0.038095
1 0.734286 0.460476 0.010000 0.031429
1 0.727500 0.456190 0.007857 0.030476
1 0.731071 0.418571 0.013571 0.029524
1 0.784643 0.443810 0.012143 0.036190
1 0.798214 0.401429 0.009286 0.029524
1 0.768929 0.383810 0.007857 0.028571
1 0.736429 0.395714 0.008571 0.033333
1 0.697500 0.384286 0.006429 0.021905
1 0.670357 0.371429 0.009286 0.022857
1 0.659643 0.373810 0.006429 0.014286
4 0.580000 0.383333 0.047143 0.031429
5 0.648214 0.400476 0.052143 0.042857
4 0.686429 0.398095 0.045714 0.034286
4 0.707500 0.379048 0.057857 0.034286
6 0.828214 0.407619 0.043571 0.049524
1 0.857500 0.390000 0.007857 0.031429
0 0.961786 0.342381 0.055000 0.126667
0 0.912143 0.449048 0.077143 0.153333
3 0.726071 0.370476 0.017857 0.015238
3 0.740357 0.372381 0.016429 0.019048
5 0.748571 0.350000 0.060000 0.040952
4 0.762857 0.344762 0.037143 0.026667
1 0.743214 0.319524 0.005000 0.020000
4 0.788929 0.321429 0.046429 0.025714
0 0.807143 0.299524 0.032857 0.025714
4 0.836429 0.285714 0.038571 0.020952
4 0.848929 0.280476 0.035000 0.020000
4 0.858571 0.278095 0.022857 0.015238
5 0.864286 0.267143 0.025714 0.020000
5 0.865714 0.255238 0.027143 0.013333
5 0.869286 0.250952 0.024286 0.012381
4 0.922500 0.293333 0.016429 0.022857
4 0.882143 0.331429 0.022857 0.024762
4 0.833214 0.329048 0.023571 0.027619
1 0.786429 0.351905 0.007143 0.023810
0 0.855357 0.352857 0.023571 0.027619
4 0.681071 0.959048 0.102143 0.081905
