4 0.237857 0.477619 0.068571 0.040952
7 0.437857 0.025238 0.022857 0.027619
7 0.473929 0.028571 0.030714 0.032381
4 0.528214 0.061429 0.029286 0.054286
4 0.631429 0.018571 0.040000 0.035238
5 0.587857 0.145714 0.021429 0.043810
1 0.537500 0.140952 0.005000 0.020952
1 0.481786 0.165714 0.005000 0.019048
2 0.490000 0.164762 0.005714 0.017143
1 0.416429 0.178571 0.008571 0.021905
1 0.416071 0.209048 0.007857 0.018095
10 0.407857 0.098095 0.014286 0.013333
1 0.501071 0.066190 0.006429 0.021905
1 0.404643 0.367619 0.007857 0.019048
10 0.401786 0.410000 0.010714 0.025714
1 0.365714 0.424762 0.008571 0.017143
1 0.406071 0.627619 0.007857 0.015238
1 0.397500 0.626667 0.007857 0.009524
1 0.363214 0.752857 0.013571 0.014286
10 0.345000 0.700476 0.025714 0.018095
10 0.351786 0.796667 0.025000 0.021905
1 0.387143 0.929524 0.014286 0.015238
1 0.398214 0.941905 0.007857 0.013333
0 0.357857 0.834286 0.032857 0.020952
5 0.443929 0.753810 0.059286 0.061905
5 0.453571 0.600952 0.058571 0.036190
5 0.456071 0.655238 0.070714 0.040000
4 0.531786 0.568571 0.025000 0.080000
10 0.604286 0.452857 0.008571 0.025714
4 0.595714 0.334762 0.024286 0.056190
10 0.683214 0.224286 0.009286 0.025714
10 0.665714 0.195238 0.018571 0.011429
10 0.636786 0.170952 0.016429 0.010476
10 0.650000 0.158571 0.020000 0.012381
10 0.690714 0.196190 0.015714 0.013333
1 0.617143 0.263810 0.005714 0.015238
1 0.617857 0.258095 0.005714 0.015238
0 0.659643 0.232857 0.009286 0.020000
0 0.666429 0.224762 0.008571 0.017143
1 0.695000 0.370952 0.011429 0.020000
1 0.697500 0.401429 0.010714 0.018095
1 0.665714 0.830952 0.010000 0.014286
1 0.797143 0.930000 0.012857 0.012381
