2 0.682500 0.042333 0.005000 0.014000
3 0.682750 0.046667 0.003500 0.012000
4 0.697750 0.061333 0.011500 0.020000
4 0.696250 0.015000 0.012500 0.023333
0 0.685250 0.014000 0.006500 0.017333
4 0.701000 0.099000 0.016000 0.024667
5 0.703000 0.151667 0.017000 0.032667
4 0.704500 0.181333 0.018000 0.029333
1 0.695000 0.305000 0.007000 0.023333
1 0.704500 0.303667 0.008000 0.023333
1 0.741250 0.327667 0.005500 0.022000
1 0.746000 0.330333 0.007000 0.023333
1 0.750500 0.352333 0.007000 0.022000
1 0.756750 0.353000 0.006500 0.022000
5 0.725750 0.387667 0.027500 0.054000
5 0.734000 0.512000 0.027000 0.069333
2 0.704500 0.744667 0.010000 0.022667
10 0.706250 0.755333 0.010500 0.033333
9 0.754000 0.865667 0.069000 0.268667
4 0.584500 0.616667 0.031000 0.084000
4 0.158500 0.902667 0.060000 0.069333
4 0.250000 0.708667 0.053000 0.089333
5 0.291500 0.622667 0.055000 0.089333
4 0.327750 0.542667 0.039500 0.062667
4 0.460250 0.565000 0.037500 0.078000
4 0.378250 0.433667 0.031500 0.052667
4 0.402750 0.357667 0.025500 0.042000
4 0.506500 0.318333 0.025000 0.047333
4 0.551000 0.282333 0.022000 0.044667
4 0.617250 0.220667 0.022500 0.038667
4 0.537500 0.223667 0.017000 0.036667
5 0.463750 0.189333 0.024500 0.038667
2 0.486750 0.187667 0.006500 0.016667
3 0.487250 0.193000 0.006500 0.016667
3 0.465750 0.136333 0.014500 0.012667
4 0.499750 0.093667 0.014500 0.027333
4 0.509000 0.069000 0.015000 0.024667
4 0.523500 0.035000 0.006000 0.018000
4 0.470250 0.059000 0.023500 0.019333
4 0.479500 0.027333 0.014000 0.021333
4 0.464000 0.024000 0.012000 0.022667
1 0.450750 0.130333 0.006500 0.016667
1 0.445250 0.131333 0.005500 0.017333
