1 0.345000 0.951333 0.009000 0.024000
4 0.368750 0.866333 0.039500 0.052667
3 0.362000 0.902667 0.014000 0.016000
2 0.363000 0.900667 0.007000 0.016000
3 0.358000 0.819333 0.006000 0.022667
1 0.358250 0.816000 0.006500 0.018667
4 0.046500 0.616667 0.022000 0.030667
4 0.010250 0.587333 0.020500 0.016000
4 0.018500 0.573667 0.034000 0.020667
4 0.025000 0.558000 0.022000 0.020000
4 0.056000 0.309333 0.015000 0.012000
0 0.193000 0.421667 0.066000 0.036667
10 0.220250 0.455333 0.004500 0.009333
2 0.219750 0.452667 0.003500 0.008000
0 0.347500 0.383000 0.097000 0.039333
4 0.337000 0.416333 0.022000 0.012667
4 0.399500 0.420000 0.020000 0.012000
4 0.428750 0.421000 0.022500 0.015333
5 0.370000 0.417000 0.019000 0.012667
5 0.513750 0.427667 0.023500 0.014000
0 0.646000 0.412000 0.141000 0.073333
0 0.782500 0.462000 0.064000 0.046667
1 0.775750 0.555333 0.003500 0.013333
1 0.780250 0.556000 0.002500 0.008000
1 0.777750 0.552000 0.003500 0.013333
1 0.782750 0.552000 0.003500 0.012000
4 0.741250 0.481667 0.013500 0.018000
4 0.973250 0.630333 0.027500 0.031333
1 0.408500 0.603667 0.006000 0.010000
1 0.447250 0.582333 0.003500 0.011333
1 0.451750 0.583333 0.003500 0.014667
1 0.461500 0.640667 0.004000 0.013333
1 0.484000 0.654333 0.005000 0.015333
1 0.465250 0.675667 0.005500 0.016667
1 0.470750 0.677667 0.004500 0.014000
