4 0.292500 0.570431 0.016429 0.046954
4 0.262143 0.595178 0.015714 0.048223
4 0.264643 0.541244 0.015000 0.039340
4 0.268929 0.342640 0.016429 0.030457
4 0.205000 0.205584 0.011429 0.020305
4 0.256071 0.170051 0.010714 0.015228
4 0.277857 0.183376 0.012857 0.019036
4 0.250000 0.139594 0.012857 0.012690
4 0.597500 0.557741 0.016429 0.039340
4 0.606429 0.498731 0.015714 0.040609
4 0.665714 0.390228 0.012857 0.031726
4 0.634643 0.489848 0.015000 0.040609
4 0.652500 0.598350 0.015000 0.049492
4 0.620714 0.600254 0.017143 0.045685
4 0.626429 0.554569 0.015714 0.040609
4 0.746429 0.588198 0.018571 0.041878
4 0.783571 0.690990 0.017143 0.052030
4 0.813929 0.973985 0.027857 0.049492
6 0.656071 0.536168 0.019286 0.077411
4 0.564643 0.563452 0.016429 0.043147
4 0.365000 0.493655 0.017143 0.032995
6 0.316786 0.362944 0.017857 0.045685
4 0.105000 0.014594 0.010000 0.011421
4 0.158929 0.059010 0.010714 0.011421
4 0.157500 0.046320 0.010714 0.011421
4 0.178929 0.060914 0.010714 0.012690
4 0.206429 0.087563 0.011429 0.012690
4 0.196429 0.091371 0.008571 0.012690
5 0.136071 0.040609 0.010714 0.012690
4 0.079643 0.006980 0.009286 0.008883
4 0.019643 0.085660 0.019286 0.011421
4 0.014643 0.083122 0.015000 0.011421
4 0.020000 0.093909 0.015714 0.012690
4 0.027500 0.094543 0.019286 0.013959
4 0.032143 0.100888 0.018571 0.013959
4 0.011071 0.419416 0.022143 0.029188
6 0.205714 0.110406 0.025714 0.032995
7 0.221429 0.492386 0.010000 0.030457
2 0.529643 0.715102 0.006429 0.021574
2 0.518214 0.697335 0.006429 0.021574
10 0.530357 0.722081 0.009286 0.025381
10 0.517500 0.702411 0.009286 0.021574
6 0.450714 0.053299 0.035714 0.025381
5 0.030357 0.509518 0.037857 0.031726
4 0.024643 0.676396 0.049286 0.043147
4 0.016429 0.710025 0.032857 0.039340
1 0.003929 0.463198 0.007857 0.030457
