5 0.591000 0.018667 0.019000 0.033333
4 0.601000 0.043667 0.025000 0.030000
1 0.613500 0.084000 0.008000 0.028000
5 0.689750 0.220667 0.050500 0.072000
5 0.743750 0.345667 0.057500 0.098000
4 0.781750 0.448000 0.063500 0.100000
9 0.915750 0.777000 0.168500 0.442000
0 0.729750 0.485333 0.035500 0.069333
0 0.742250 0.621667 0.039500 0.080667
4 0.585000 0.289333 0.033000 0.061333
4 0.555250 0.389667 0.034500 0.070000
4 0.263000 0.250000 0.038000 0.061333
4 0.241500 0.337333 0.041000 0.077333
4 0.179250 0.484000 0.060500 0.100000
5 0.131250 0.607667 0.090500 0.158000
1 0.348000 0.043000 0.009000 0.036667
