5 0.459500 0.937000 0.047000 0.126000
10 0.639250 0.887000 0.019500 0.051333
10 0.688250 0.954667 0.017500 0.070667
1 0.710000 0.972333 0.026000 0.051333
1 0.620500 0.713000 0.014000 0.043333
2 0.621500 0.706333 0.011000 0.018000
1 0.646000 0.710000 0.012000 0.037333
4 0.579000 0.689333 0.038000 0.077333
5 0.568250 0.608000 0.039500 0.073333
5 0.452750 0.680667 0.035500 0.090667
5 0.457750 0.599000 0.030500 0.059333
5 0.556000 0.556667 0.033000 0.056000
4 0.463500 0.550333 0.031000 0.051333
1 0.531000 0.556000 0.007000 0.030667
5 0.461500 0.500000 0.025000 0.034667
1 0.524250 0.485333 0.006500 0.025333
5 0.499750 0.444333 0.020500 0.027333
4 0.536500 0.471333 0.025000 0.040000
5 0.463000 0.461333 0.022000 0.040000
4 0.465000 0.433000 0.019000 0.030000
5 0.457250 0.405000 0.016500 0.022000
5 0.483500 0.404667 0.025000 0.026667
5 0.462250 0.373000 0.015500 0.023333
5 0.498500 0.380000 0.031000 0.032000
4 0.521250 0.404000 0.019500 0.028000
5 0.545250 0.398000 0.020500 0.028000
1 0.531250 0.384667 0.004500 0.020000
1 0.512750 0.377000 0.003500 0.016667
4 0.513000 0.371333 0.032000 0.018667
5 0.531000 0.358333 0.016000 0.022000
8 0.281250 0.640667 0.044500 0.046667
3 0.250250 0.592333 0.018500 0.020667
4 0.395250 0.403333 0.040500 0.024000
1 0.406250 0.389000 0.003500 0.014000
2 0.406750 0.387000 0.002500 0.008667
4 0.361250 0.389667 0.035500 0.023333
1 0.360750 0.366000 0.005500 0.018667
1 0.374500 0.366000 0.003000 0.014667
4 0.376000 0.376667 0.033000 0.018667
4 0.369000 0.359333 0.028000 0.018667
5 0.395000 0.366000 0.033000 0.022667
5 0.375250 0.339667 0.026500 0.019333
5 0.396500 0.341667 0.017000 0.018000
4 0.400500 0.355667 0.029000 0.018000
5 0.432250 0.375667 0.025500 0.024667
5 0.426500 0.349667 0.030000 0.020667
5 0.435250 0.339333 0.027500 0.022667
5 0.455750 0.353667 0.013500 0.018000
5 0.460500 0.320667 0.011000 0.018667
5 0.439500 0.328000 0.021000 0.018667
4 0.458500 0.336667 0.013000 0.016000
4 0.476000 0.344667 0.020000 0.016000
4 0.483250 0.361333 0.017500 0.020000
1 0.467250 0.291333 0.003500 0.012000
1 0.984750 0.757000 0.015500 0.040667
1 0.954000 0.666333 0.016000 0.040667
4 0.977250 0.664333 0.045500 0.087333
2 0.915250 0.647667 0.016500 0.032667
10 0.913000 0.658000 0.022000 0.036000
1 0.878000 0.645667 0.010000 0.034000
10 0.889000 0.655000 0.018000 0.035333
1 0.884500 0.616333 0.014000 0.036667
2 0.879250 0.574333 0.012500 0.032667
10 0.878000 0.579667 0.013000 0.028667
2 0.910500 0.565333 0.016000 0.029333
10 0.910000 0.571333 0.014000 0.026667
5 0.957750 0.585000 0.059500 0.080667
2 0.878500 0.541333 0.010000 0.024000
1 0.905750 0.539667 0.011500 0.032667
1 0.906750 0.536333 0.008500 0.032667
1 0.877250 0.493333 0.009500 0.029333
2 0.915500 0.519667 0.012000 0.023333
10 0.915000 0.522333 0.011000 0.027333
1 0.928250 0.524667 0.011500 0.029333
1 0.933250 0.532333 0.015500 0.028667
1 0.945750 0.533667 0.011500 0.027333
1 0.955250 0.553667 0.009500 0.026000
2 0.951500 0.523667 0.008000 0.019333
1 0.948500 0.528000 0.011000 0.030667
1 0.947750 0.501333 0.012500 0.029333
1 0.945000 0.496333 0.009000 0.027333
1 0.956000 0.495333 0.010000 0.026667
1 0.955250 0.490667 0.007500 0.022667
1 0.949000 0.465333 0.006000 0.024000
1 0.934750 0.463667 0.007500 0.023333
1 0.909500 0.463667 0.010000 0.026000
2 0.913250 0.452667 0.007500 0.018667
3 0.913000 0.460000 0.007000 0.020000
1 0.926500 0.451667 0.009000 0.024667
2 0.891250 0.433333 0.010500 0.021333
2 0.884000 0.433000 0.005000 0.012667
3 0.888500 0.438333 0.021000 0.016667
1 0.923500 0.413333 0.013000 0.018667
1 0.916750 0.408667 0.007500 0.024000
1 0.897250 0.393667 0.007500 0.019333
1 0.902250 0.395667 0.004500 0.014000
10 0.910250 0.379333 0.016500 0.013333
5 0.949750 0.389333 0.058500 0.033333
1 0.972250 0.370333 0.007500 0.022000
1 0.990500 0.378000 0.009000 0.020000
1 0.978500 0.382667 0.007000 0.020000
2 0.983750 0.378333 0.004500 0.016667
10 0.979000 0.380667 0.016000 0.014667
2 0.992000 0.389333 0.011000 0.016000
10 0.990750 0.391333 0.018500 0.010667
1 0.962500 0.378000 0.005000 0.016000
1 0.963250 0.381000 0.004500 0.014000
0 0.599000 0.310000 0.085000 0.040000
2 0.703750 0.421000 0.006500 0.014000
2 0.737250 0.445333 0.007500 0.016000
2 0.740250 0.449333 0.007500 0.018667
2 0.747000 0.445667 0.006000 0.015333
2 0.749000 0.449000 0.007000 0.018000
10 0.777750 0.451000 0.021500 0.014000
10 0.779750 0.456000 0.020500 0.013333
7 0.775750 0.492667 0.015500 0.025333
7 0.781250 0.470000 0.016500 0.022667
5 0.781750 0.427000 0.025500 0.034000
10 0.760000 0.407000 0.010000 0.016667
5 0.746750 0.417000 0.039500 0.032667
3 0.714250 0.400667 0.017500 0.014667
3 0.695750 0.399667 0.013500 0.014000
10 0.684250 0.400667 0.011500 0.016000
10 0.690250 0.403000 0.012500 0.012667
0 0.428750 0.225333 0.057500 0.036000
0 0.501500 0.205000 0.044000 0.015333
4 0.622000 0.210333 0.012000 0.006000
6 0.693750 0.237667 0.053500 0.027333
4 0.707000 0.253000 0.021000 0.010000
5 0.702250 0.266333 0.012500 0.011333
4 0.731500 0.242333 0.018000 0.010000
1 0.726500 0.230333 0.003000 0.008667
3 0.725750 0.231000 0.002500 0.007333
4 0.747500 0.240000 0.019000 0.008000
6 0.768500 0.246000 0.040000 0.014667
4 0.743750 0.256000 0.021500 0.010667
5 0.740000 0.260667 0.018000 0.013333
6 0.732250 0.264000 0.026500 0.017333
5 0.727500 0.270000 0.021000 0.013333
4 0.723750 0.274667 0.020500 0.010667
4 0.751500 0.267000 0.012000 0.012667
4 0.773750 0.253000 0.021500 0.010000
1 0.770000 0.257333 0.003000 0.009333
1 0.772250 0.257000 0.003500 0.010000
1 0.776000 0.257000 0.003000 0.010000
1 0.792250 0.260000 0.002500 0.009333
5 0.786750 0.262000 0.012500 0.014667
5 0.782500 0.266000 0.016000 0.014667
5 0.783500 0.270667 0.009000 0.014667
5 0.776750 0.276000 0.015500 0.017333
1 0.741250 0.288333 0.003500 0.014000
1 0.743750 0.285667 0.003500 0.011333
1 0.744250 0.285000 0.002500 0.012667
1 0.745250 0.283333 0.003500 0.012000
1 0.733750 0.289667 0.004500 0.014000
1 0.724250 0.288667 0.002500 0.012000
2 0.727250 0.301667 0.003500 0.010000
10 0.727750 0.305000 0.006500 0.007333
6 0.767750 0.281667 0.013500 0.010000
5 0.759250 0.288000 0.016500 0.014667
5 0.770750 0.289667 0.020500 0.014000
5 0.773250 0.298333 0.021500 0.014000
4 0.794500 0.242333 0.019000 0.008667
4 0.822250 0.244000 0.021500 0.009333
4 0.852500 0.244333 0.022000 0.010000
4 0.823000 0.255333 0.021000 0.009333
4 0.827000 0.259000 0.018000 0.011333
4 0.801750 0.258000 0.023500 0.010667
5 0.794750 0.306333 0.026500 0.018000
1 0.796250 0.306333 0.002500 0.011333
5 0.777750 0.320333 0.022500 0.015333
5 0.807000 0.311000 0.031000 0.016667
6 0.810250 0.319333 0.015500 0.018667
5 0.843000 0.310667 0.027000 0.016000
5 0.830250 0.321000 0.024500 0.014000
0 0.901000 0.262333 0.025000 0.024667
1 0.869000 0.297333 0.003000 0.010667
1 0.866750 0.302000 0.006500 0.014667
2 0.887250 0.305333 0.005500 0.006667
5 0.870750 0.314000 0.014500 0.018667
1 0.881750 0.315000 0.005500 0.012667
1 0.877000 0.322333 0.006000 0.015333
1 0.887500 0.317333 0.005000 0.014667
1 0.887500 0.325000 0.004000 0.014000
1 0.882750 0.323000 0.005500 0.015333
1 0.893500 0.320667 0.005000 0.016000
2 0.892750 0.329667 0.006500 0.014000
10 0.893000 0.333333 0.006000 0.013333
1 0.874000 0.336000 0.007000 0.017333
1 0.891250 0.341333 0.005500 0.013333
1 0.894750 0.362667 0.006500 0.018667
1 0.884500 0.362667 0.006000 0.018667
1 0.876750 0.359000 0.004500 0.020667
1 0.882000 0.353333 0.004000 0.014667
1 0.876250 0.349000 0.004500 0.018000
0 0.865750 0.361333 0.013500 0.026667
2 0.855250 0.365333 0.004500 0.013333
10 0.853500 0.369667 0.010000 0.010000
1 0.842750 0.358667 0.004500 0.013333
1 0.825500 0.355000 0.005000 0.018000
1 0.819250 0.353667 0.004500 0.016667
1 0.809000 0.355667 0.005000 0.012667
2 0.674750 0.364333 0.005500 0.015333
10 0.674500 0.365667 0.013000 0.012667
2 0.653250 0.347667 0.006500 0.012667
2 0.661250 0.343667 0.005500 0.010000
1 0.668250 0.336333 0.003500 0.014000
1 0.682000 0.338000 0.005000 0.017333
1 0.675750 0.329333 0.003500 0.013333
1 0.683750 0.331667 0.005500 0.012667
2 0.696500 0.333667 0.005000 0.014000
10 0.696500 0.337667 0.006000 0.011333
1 0.702500 0.335333 0.004000 0.014667
1 0.704500 0.347333 0.003000 0.010667
1 0.712750 0.345667 0.002500 0.011333
1 0.709750 0.333667 0.004500 0.015333
1 0.711250 0.329000 0.003500 0.014000
1 0.716750 0.323000 0.003500 0.012667
1 0.718500 0.330333 0.005000 0.018000
0 0.714000 0.298333 0.016000 0.020667
