4 0.058214 0.722857 0.045000 0.059048
4 0.019286 0.572381 0.038571 0.022857
6 0.022500 0.663333 0.045000 0.067619
9 0.292500 0.907143 0.055000 0.132381
10 0.326786 0.905714 0.009286 0.036190
2 0.328214 0.901429 0.007857 0.016190
4 0.103571 0.493333 0.021429 0.040000
1 0.120714 0.525714 0.010000 0.020952
1 0.165000 0.523810 0.010000 0.019048
1 0.845357 0.440952 0.006429 0.017143
1 0.810714 0.449524 0.005714 0.015238
1 0.809286 0.445714 0.005714 0.015238
1 0.807500 0.441429 0.006429 0.010476
1 0.021786 0.323333 0.005000 0.012381
1 0.010357 0.324762 0.006429 0.011429
1 0.054643 0.339524 0.006429 0.008571
1 0.004643 0.326190 0.005000 0.010476
4 0.006429 0.343333 0.012857 0.016190
0 0.077857 0.298571 0.037143 0.023810
5 0.392143 0.274762 0.007143 0.012381
10 0.337857 0.346190 0.005714 0.014286
10 0.341429 0.340476 0.005714 0.010476
10 0.361786 0.303810 0.006429 0.013333
10 0.376429 0.281429 0.005714 0.010476
10 0.366429 0.277143 0.004286 0.009524
10 0.411071 0.170952 0.003571 0.010476
2 0.376786 0.280476 0.005000 0.006667
2 0.366786 0.276190 0.003571 0.005714
