4 0.317857 0.192381 0.048571 0.100952
4 0.300357 0.043810 0.045000 0.083810
4 0.868214 0.680476 0.102143 0.061905
4 0.716429 0.653333 0.098571 0.064762
4 0.684286 0.733333 0.101429 0.066667
4 0.377857 0.028095 0.032857 0.048571
10 0.126071 0.026667 0.019286 0.032381
10 0.096429 0.067143 0.018571 0.029524
1 0.567500 0.724286 0.005000 0.016190
1 0.576429 0.724286 0.004286 0.016190
1 0.545357 0.183333 0.006429 0.031429
1 0.549643 0.199524 0.003571 0.016190
1 0.556071 0.199048 0.005000 0.026667
1 0.675000 0.836667 0.018571 0.025714
1 0.889643 0.320000 0.025000 0.026667
1 0.930000 0.334762 0.018571 0.023810
1 0.938214 0.321429 0.016429 0.020000
1 0.841786 0.110952 0.013571 0.025714
1 0.898929 0.129048 0.017857 0.033333
2 0.126786 0.020476 0.015000 0.025714
2 0.095000 0.056190 0.015714 0.028571
