5 0.060000 0.484772 0.037143 0.058376
5 0.103571 0.500000 0.035714 0.055838
5 0.118571 0.513325 0.032857 0.062183
5 0.138571 0.520305 0.034286 0.060914
5 0.067500 0.704315 0.036429 0.040609
5 0.152857 0.772208 0.037143 0.057107
4 0.360357 0.629442 0.025000 0.065990
1 0.352857 0.352792 0.002857 0.015228
1 0.380000 0.325508 0.004286 0.016497
1 0.407143 0.206853 0.004286 0.017766
1 0.431071 0.094543 0.003571 0.013959
5 0.467500 0.077411 0.013571 0.035533
9 0.582143 0.248096 0.032857 0.118020
9 0.659286 0.399746 0.085714 0.073604
9 0.508929 0.413706 0.040714 0.134518
9 0.613929 0.641497 0.040714 0.166244
1 0.616071 0.750635 0.005000 0.013959
1 0.630357 0.753807 0.005000 0.010152
9 0.616071 0.859772 0.109286 0.092640
9 0.624286 0.812817 0.108571 0.097716
9 0.538571 0.517766 0.058571 0.048223
9 0.523571 0.558376 0.060000 0.053299
9 0.534286 0.588832 0.061429 0.050761
9 0.513571 0.635152 0.070000 0.062183
4 0.729286 0.542513 0.037143 0.036802
4 0.725714 0.574873 0.034286 0.035533
5 0.725357 0.641497 0.039286 0.041878
5 0.866786 0.543147 0.032143 0.035533
5 0.863571 0.567893 0.042857 0.041878
4 0.856786 0.600888 0.039286 0.034264
6 0.853929 0.699239 0.072143 0.060914
1 0.951071 0.747462 0.007857 0.015228
1 0.957857 0.744924 0.008571 0.012690
