10 0.266786 0.013959 0.010714 0.010152
2 0.266071 0.012056 0.005000 0.011421
1 0.343929 0.067893 0.003571 0.016497
4 0.460714 0.018401 0.011429 0.036802
4 0.439286 0.150381 0.011429 0.039340
4 0.517143 0.193528 0.014286 0.052030
4 0.508214 0.326777 0.013571 0.049492
9 0.457857 0.220812 0.014286 0.086294
5 0.511786 0.451777 0.013571 0.065990
4 0.431071 0.364213 0.013571 0.050761
4 0.451429 0.458122 0.014286 0.048223
4 0.445000 0.722081 0.015714 0.063452
4 0.415357 0.927030 0.017857 0.074873
4 0.480357 0.942259 0.019286 0.077411
4 0.540714 0.891497 0.017143 0.074873
6 0.510000 0.748096 0.020000 0.112944
1 0.552143 0.861675 0.004286 0.010152
1 0.551071 0.935914 0.005000 0.008883
1 0.553571 0.973985 0.004286 0.008883
1 0.595714 0.913706 0.005714 0.007614
1 0.603571 0.911168 0.005714 0.010152
1 0.609286 0.954315 0.004286 0.010152
1 0.614643 0.949873 0.007857 0.006345
1 0.607500 0.704315 0.003571 0.017766
1 0.578214 0.241751 0.005000 0.019036
1 0.595000 0.410533 0.005714 0.016497
1 0.597500 0.349619 0.005000 0.013959
1 0.591429 0.125000 0.004286 0.019036
1 0.654286 0.065990 0.004286 0.012690
1 0.848571 0.085025 0.005714 0.012690
1 0.786429 0.082487 0.004286 0.010152
1 0.780714 0.091371 0.005714 0.015228
1 0.702500 0.043147 0.005000 0.010152
2 0.727143 0.050127 0.002857 0.006345
2 0.710357 0.052665 0.006429 0.011421
10 0.709286 0.055838 0.010000 0.007614
10 0.725357 0.054569 0.007857 0.010152
1 0.956786 0.054569 0.003571 0.010152
