4 0.954286 0.865714 0.091429 0.188571
6 0.838214 0.829524 0.282143 0.340952
5 0.612500 0.946667 0.109286 0.106667
5 0.151429 0.932381 0.221429 0.135238
4 0.594286 0.644762 0.111429 0.188571
3 0.552857 0.801429 0.045714 0.061905
1 0.436071 0.914762 0.039286 0.035238
5 0.842857 0.649048 0.135714 0.172381
5 0.150000 0.825714 0.208571 0.165714
5 0.140357 0.708095 0.189286 0.155238
4 0.732857 0.491905 0.117143 0.147619
4 0.595357 0.431905 0.110714 0.151429
4 0.634643 0.352381 0.087857 0.110476
4 0.425000 0.545714 0.094286 0.165714
5 0.122857 0.536667 0.167143 0.130476
5 0.056429 0.110952 0.108571 0.065714
4 0.073214 0.163333 0.125000 0.069524
4 0.366071 0.385714 0.083571 0.152381
4 0.310000 0.248571 0.070000 0.114286
4 0.508929 0.164286 0.065000 0.082857
4 0.462500 0.088095 0.060714 0.069524
4 0.277143 0.150476 0.062857 0.091429
4 0.231429 0.184762 0.057143 0.087619
5 0.421786 0.033810 0.055000 0.060000
1 0.219643 0.287619 0.019286 0.053333
1 0.191786 0.269048 0.020714 0.046667
1 0.165357 0.276190 0.023571 0.047619
1 0.118571 0.059048 0.017143 0.040000
1 0.134643 0.063810 0.017857 0.051429
