6 0.652500 0.035238 0.006429 0.009524
6 0.615000 0.077143 0.007143 0.011429
6 0.562857 0.135714 0.010000 0.018095
6 0.561429 0.160476 0.007143 0.016190
6 0.624643 0.067143 0.006429 0.010476
6 0.595357 0.089048 0.005000 0.008571
6 0.527857 0.313810 0.005714 0.016190
6 0.524286 0.340952 0.010000 0.028571
9 0.511071 0.409524 0.010714 0.032381
6 0.477857 0.643810 0.020000 0.083810
6 0.701071 0.310952 0.023571 0.014286
6 0.730714 0.280476 0.024286 0.016190
6 0.714643 0.257619 0.032143 0.027619
4 0.495000 0.585714 0.008571 0.020952
4 0.503571 0.516190 0.008571 0.017143
4 0.510714 0.463810 0.008571 0.017143
4 0.501071 0.311905 0.010714 0.008571
4 0.502143 0.307143 0.008571 0.006667
4 0.501429 0.302381 0.008571 0.006667
4 0.503571 0.298571 0.010000 0.006667
4 0.504286 0.293810 0.010000 0.008571
4 0.503571 0.289524 0.010000 0.005714
4 0.504286 0.282857 0.008571 0.005714
4 0.504643 0.278571 0.007857 0.006667
4 0.508929 0.248571 0.009286 0.007619
4 0.510357 0.240952 0.009286 0.007619
4 0.510714 0.238095 0.008571 0.005714
4 0.511429 0.234762 0.008571 0.004762
4 0.511429 0.230476 0.010000 0.005714
4 0.510714 0.226667 0.010000 0.007619
4 0.512857 0.222381 0.007143 0.006667
1 0.498571 0.260476 0.001429 0.004762
1 0.515000 0.338571 0.002857 0.006667
1 0.489643 0.324286 0.003571 0.006667
1 0.494286 0.265238 0.002857 0.004762
1 0.531429 0.245238 0.002857 0.004762
1 0.497857 0.242857 0.002857 0.005714
4 0.578571 0.114286 0.004286 0.005714
4 0.587143 0.091905 0.004286 0.008571
4 0.637143 0.051905 0.002857 0.004762
4 0.643214 0.044286 0.003571 0.004762
4 0.673929 0.255238 0.005000 0.007619
4 0.685000 0.255238 0.007143 0.007619
6 0.600357 0.319048 0.012143 0.009524
4 0.621786 0.326190 0.005000 0.010476
4 0.628214 0.328095 0.005000 0.008571
4 0.634286 0.327619 0.004286 0.009524
4 0.641429 0.329048 0.005714 0.012381
4 0.647857 0.329524 0.005714 0.011429
4 0.655357 0.330000 0.006429 0.012381
4 0.661071 0.330476 0.005000 0.011429
4 0.667500 0.330476 0.005000 0.009524
1 0.613571 0.923810 0.002857 0.005714
1 0.625000 0.929524 0.005714 0.007619
1 0.631071 0.922381 0.005000 0.008571
1 0.601786 0.767143 0.003571 0.008571
1 0.597500 0.747619 0.002143 0.007619
1 0.595357 0.745238 0.003571 0.006667
10 0.837500 0.785238 0.009286 0.008571
4 0.184286 0.891429 0.018571 0.034286
