4 0.546429 0.760000 0.020000 0.055238
4 0.541786 0.934762 0.027857 0.090476
4 0.510357 0.590000 0.016429 0.048571
4 0.542857 0.473333 0.015714 0.028571
4 0.423214 0.955714 0.035000 0.088571
4 0.431429 0.871905 0.031429 0.077143
4 0.443571 0.793333 0.031429 0.074286
4 0.450000 0.721905 0.024286 0.062857
4 0.457143 0.664286 0.021429 0.052381
4 0.463929 0.614286 0.020714 0.045714
4 0.470000 0.571905 0.018571 0.039048
4 0.474286 0.541429 0.018571 0.037143
4 0.578214 0.517619 0.013571 0.033333
4 0.486071 0.454286 0.013571 0.028571
4 0.575000 0.462381 0.014286 0.025714
4 0.490000 0.418095 0.014286 0.028571
4 0.493571 0.391905 0.012857 0.021905
4 0.495714 0.362381 0.011429 0.020000
4 0.500000 0.341905 0.010000 0.019048
4 0.501429 0.325238 0.010000 0.016190
4 0.505714 0.301429 0.010000 0.018095
4 0.506071 0.290952 0.007857 0.012381
4 0.506429 0.279524 0.008571 0.012381
4 0.508571 0.268571 0.008571 0.013333
4 0.509643 0.257619 0.006429 0.008571
4 0.511071 0.245714 0.007857 0.011429
4 0.512143 0.235238 0.007143 0.009524
4 0.515714 0.215238 0.007143 0.009524
1 0.388214 0.517143 0.003571 0.015238
1 0.471786 0.880952 0.010714 0.038095
1 0.479643 0.683810 0.009286 0.034286
1 0.462500 0.506190 0.003571 0.016190
1 0.446071 0.461905 0.005000 0.015238
4 0.483214 0.475238 0.015000 0.032381
1 0.450714 0.392857 0.004286 0.014286
1 0.441786 0.390476 0.003571 0.013333
1 0.434643 0.387619 0.003571 0.011429
1 0.455000 0.301905 0.002857 0.009524
1 0.478571 0.262381 0.002857 0.008571
4 0.482143 0.300952 0.011429 0.020952
1 0.489286 0.241429 0.001429 0.010476
6 0.487143 0.194762 0.004286 0.008571
1 0.492500 0.127619 0.002143 0.005714
4 0.542143 0.041905 0.005714 0.007619
0 0.545357 0.017143 0.015000 0.032381
0 0.528214 0.016667 0.013571 0.029524
0 0.524643 0.056667 0.023571 0.052381
0 0.553929 0.066190 0.005000 0.058095
4 0.548571 0.083333 0.002857 0.004762
4 0.540714 0.077143 0.004286 0.003810
4 0.540357 0.081905 0.005000 0.003810
4 0.540357 0.086190 0.005000 0.002857
4 0.540000 0.090000 0.004286 0.004762
4 0.546071 0.089524 0.003571 0.003810
4 0.546429 0.094762 0.004286 0.004762
4 0.534643 0.100952 0.005000 0.005714
4 0.550000 0.126190 0.004286 0.004762
4 0.544643 0.129524 0.005000 0.005714
4 0.547857 0.120476 0.004286 0.004762
4 0.547143 0.115238 0.004286 0.005714
4 0.547500 0.111905 0.005000 0.004762
4 0.547500 0.107619 0.005000 0.003810
4 0.546786 0.101905 0.003571 0.003810
4 0.517857 0.132381 0.010000 0.007619
4 0.532143 0.135238 0.008571 0.005714
1 0.545714 0.146190 0.002857 0.004762
4 0.530357 0.116667 0.005000 0.006667
4 0.534286 0.107143 0.004286 0.004762
4 0.504286 0.143333 0.008571 0.004762
4 0.504286 0.147619 0.008571 0.005714
4 0.503571 0.152381 0.007143 0.005714
4 0.503571 0.156667 0.007143 0.004762
4 0.507500 0.160476 0.006429 0.004762
4 0.507857 0.167143 0.008571 0.006667
4 0.519643 0.152381 0.005000 0.003810
4 0.519643 0.158095 0.005000 0.003810
4 0.520000 0.161429 0.005714 0.004762
4 0.520714 0.166667 0.007143 0.005714
4 0.519643 0.174286 0.005000 0.007619
4 0.519286 0.181905 0.005714 0.007619
4 0.518929 0.187619 0.006429 0.005714
4 0.518214 0.192857 0.006429 0.006667
4 0.517500 0.198571 0.005000 0.006667
4 0.517143 0.205714 0.005714 0.009524
4 0.497857 0.201905 0.007143 0.009524
1 0.492143 0.173810 0.001429 0.004762
4 0.515000 0.223333 0.008571 0.008571
4 0.535714 0.245714 0.010000 0.013333
4 0.533571 0.275238 0.010000 0.015238
4 0.507857 0.183810 0.007143 0.009524
8 0.472500 0.233810 0.007857 0.008571
4 0.517857 0.478571 0.017143 0.040952
10 0.552857 0.351429 0.004286 0.011429
4 0.546786 0.302381 0.009286 0.014286
10 0.557143 0.285238 0.002857 0.012381
0 0.563929 0.031429 0.015000 0.047619
4 0.566429 0.059048 0.007143 0.003810
4 0.572857 0.065714 0.002857 0.003810
4 0.577857 0.065238 0.002857 0.002857
4 0.582500 0.069524 0.002143 0.003810
4 0.581786 0.056190 0.003571 0.003810
4 0.582143 0.060952 0.004286 0.003810
4 0.565357 0.067143 0.007857 0.002857
0 0.599286 0.092381 0.018571 0.020952
4 0.581429 0.085714 0.004286 0.003810
4 0.580714 0.128095 0.008571 0.004762
4 0.590000 0.132381 0.010000 0.007619
4 0.580000 0.124762 0.008571 0.005714
4 0.590357 0.126667 0.007857 0.003810
4 0.600714 0.133810 0.010000 0.006667
1 0.592857 0.163333 0.002857 0.006667
1 0.587857 0.194286 0.001429 0.007619
1 0.605000 0.196667 0.002857 0.006667
1 0.603929 0.180952 0.002143 0.007619
1 0.600000 0.221429 0.002857 0.006667
1 0.596071 0.235714 0.002143 0.006667
1 0.592857 0.236190 0.002857 0.007619
1 0.600357 0.240952 0.002143 0.005714
1 0.602857 0.281905 0.002857 0.007619
10 0.602857 0.304286 0.004286 0.010476
10 0.604286 0.321429 0.002857 0.008571
1 0.608571 0.277143 0.002857 0.011429
4 0.576429 0.043810 0.007143 0.005714
4 0.577143 0.184762 0.005714 0.009524
4 0.579643 0.201905 0.009286 0.007619
4 0.558929 0.176667 0.007857 0.008571
4 0.559286 0.184286 0.007143 0.008571
4 0.559643 0.192857 0.007857 0.006667
4 0.560714 0.209048 0.007143 0.008571
4 0.560714 0.216667 0.007143 0.006667
4 0.561429 0.223333 0.007143 0.008571
4 0.561429 0.231905 0.007143 0.008571
4 0.561786 0.240000 0.007857 0.009524
4 0.562500 0.249048 0.007857 0.008571
4 0.564643 0.268095 0.009286 0.012381
4 0.565000 0.279048 0.010000 0.011429
4 0.566071 0.303810 0.009286 0.009524
4 0.566429 0.316190 0.010000 0.017143
8 0.604643 0.203810 0.006429 0.005714
10 0.610714 0.236667 0.004286 0.010476
4 0.589286 0.263810 0.007143 0.011429
4 0.589286 0.306667 0.008571 0.011429
4 0.589286 0.291429 0.007143 0.011429
4 0.570714 0.358571 0.012857 0.021905
4 0.585000 0.358571 0.010000 0.020000
6 0.601429 0.350952 0.012857 0.023810
4 0.603214 0.370476 0.020714 0.013333
4 0.606786 0.390952 0.030714 0.018095
4 0.571429 0.415238 0.015714 0.022857
4 0.573214 0.438571 0.016429 0.021905
4 0.579286 0.549048 0.014286 0.029524
4 0.603214 0.568571 0.022143 0.072381
4 0.591071 0.673810 0.027857 0.056190
4 0.591786 0.730952 0.027857 0.084762
4 0.597857 0.818095 0.030000 0.078095
4 0.600000 0.911905 0.031429 0.105714
10 0.656071 0.690952 0.007857 0.021905
4 0.632143 0.357143 0.012857 0.020952
4 0.617857 0.355714 0.014286 0.023810
4 0.620000 0.331429 0.025714 0.015238
4 0.672500 0.375714 0.035000 0.021905
1 0.634286 0.307619 0.001429 0.007619
8 0.675000 0.331429 0.015714 0.013333
1 0.633929 0.317619 0.002143 0.008571
1 0.620357 0.265714 0.002143 0.003810
10 0.619286 0.281905 0.011429 0.011429
10 0.617143 0.240000 0.008571 0.007619
4 0.638571 0.092857 0.005714 0.006667
4 0.632500 0.091429 0.003571 0.007619
4 0.727857 0.115714 0.004286 0.006667
4 0.695714 0.338095 0.010000 0.009524
2 0.557500 0.281905 0.002143 0.005714
2 0.552857 0.349524 0.002857 0.005714
2 0.602857 0.302381 0.004286 0.004762
2 0.605000 0.319524 0.004286 0.004762
2 0.611071 0.234762 0.003571 0.006667
2 0.656786 0.688095 0.006429 0.012381
