4 0.492500 0.970476 0.022143 0.053333
4 0.612500 0.980000 0.025000 0.040000
4 0.602857 0.802857 0.020000 0.053333
4 0.572500 0.321905 0.012143 0.015238
4 0.576786 0.290000 0.010714 0.010476
4 0.579286 0.266190 0.010000 0.012381
4 0.591429 0.218095 0.008571 0.009524
4 0.590357 0.185714 0.009286 0.011429
9 0.590357 0.152857 0.009286 0.020000
5 0.603571 0.743810 0.017143 0.043810
5 0.601786 0.690000 0.015000 0.039048
4 0.598929 0.543810 0.012143 0.026667
4 0.543929 0.475238 0.012143 0.020952
6 0.599643 0.494286 0.017857 0.070476
4 0.701071 0.410000 0.020714 0.014286
1 0.528929 0.551905 0.007857 0.016190
10 0.558214 0.678571 0.007857 0.021905
10 0.545714 0.663333 0.007143 0.020000
10 0.548929 0.601429 0.006429 0.016190
10 0.572857 0.597619 0.007143 0.018095
10 0.560000 0.584286 0.007143 0.014286
10 0.545714 0.555714 0.007143 0.016190
10 0.564286 0.531905 0.007143 0.014286
10 0.571786 0.437143 0.007857 0.017143
10 0.460714 0.849048 0.020000 0.016190
10 0.426071 0.851905 0.017857 0.012381
6 0.425000 0.900476 0.068571 0.050476
6 0.608214 0.885714 0.023571 0.080000
6 0.509286 0.780000 0.017143 0.038095
1 0.492143 0.787143 0.008571 0.018095
0 0.615000 0.412857 0.047143 0.027619
10 0.514643 0.734762 0.013571 0.012381
10 0.517500 0.720476 0.015000 0.016190
10 0.539286 0.766667 0.007143 0.022857
7 0.598214 0.606667 0.016429 0.032381
7 0.598929 0.578095 0.015000 0.024762
4 0.888214 0.421905 0.029286 0.019048
4 0.921071 0.423810 0.029286 0.015238
4 0.957500 0.425714 0.030714 0.013333
4 0.808571 0.419524 0.030000 0.014286
4 0.988571 0.427143 0.022857 0.016190
4 0.729643 0.413333 0.025000 0.015238
4 0.766071 0.416667 0.025000 0.012381
