9 0.578929 0.486675 0.097857 0.095178
4 0.712143 0.538706 0.062857 0.064721
9 0.792857 0.087563 0.095714 0.159898
4 0.640000 0.567259 0.058571 0.065990
4 0.576429 0.595812 0.050000 0.059645
5 0.505714 0.618655 0.064286 0.069797
4 0.372500 0.666244 0.066429 0.068528
5 0.426429 0.550761 0.044286 0.101523
9 0.254643 0.711929 0.119286 0.124365
6 0.098929 0.782360 0.099286 0.118020
4 0.278214 0.267766 0.036429 0.073604
6 0.237143 0.283629 0.032857 0.105330
4 0.201429 0.303934 0.024286 0.082487
5 0.013571 0.830584 0.025714 0.067259
1 0.352143 0.567259 0.012857 0.025381
1 0.330714 0.578680 0.011429 0.017766
1 0.326071 0.598350 0.013571 0.031726
1 0.307143 0.570431 0.010000 0.021574
1 0.307857 0.592640 0.011429 0.022843
1 0.384286 0.316624 0.014286 0.031726
10 0.680357 0.447970 0.016429 0.053299
10 0.691786 0.446066 0.013571 0.052030
10 0.700357 0.440990 0.015000 0.054569
10 0.710357 0.438452 0.015000 0.054569
10 0.725000 0.429569 0.015714 0.057107
10 0.735714 0.431472 0.012857 0.045685
10 0.747143 0.428934 0.014286 0.035533
10 0.758214 0.420685 0.016429 0.054569
10 0.767857 0.413706 0.014286 0.048223
10 0.778929 0.408629 0.016429 0.048223
1 0.916786 0.696701 0.019286 0.035533
1 0.903929 0.948604 0.013571 0.029188
1 0.933214 0.970812 0.012143 0.027919
1 0.938929 0.993020 0.013571 0.011421
1 0.048214 0.699239 0.020714 0.025381
1 0.048214 0.679569 0.020714 0.024112
1 0.864643 0.132614 0.012143 0.036802
