1 0.048278 0.140538 0.019311 0.041744
8 0.020094 0.110853 0.040188 0.069573
10 0.321242 0.737941 0.021399 0.056586
10 0.393267 0.612245 0.013048 0.061224
10 0.405793 0.505566 0.012004 0.051948
2 0.400313 0.384508 0.016701 0.034323
2 0.434760 0.397032 0.016701 0.025974
2 0.429802 0.383117 0.016180 0.025974
1 0.457985 0.102041 0.017223 0.042672
5 0.734342 0.186920 0.064718 0.080705
2 0.636743 0.288961 0.011482 0.032468
2 0.636743 0.277829 0.008351 0.025046
10 0.634134 0.294991 0.013570 0.044527
7 0.729645 0.378015 0.057411 0.095547
4 0.719729 0.475417 0.070981 0.132653
4 0.707724 0.570965 0.075157 0.145640
5 0.705637 0.698052 0.074113 0.151206
8 0.701461 0.936920 0.069937 0.124304
