4 0.173250 0.459333 0.033500 0.033333
4 0.155750 0.450000 0.035500 0.032000
4 0.138500 0.435667 0.046000 0.034000
1 0.124000 0.455333 0.009000 0.022667
1 0.112250 0.457000 0.008500 0.024667
1 0.104500 0.457000 0.009000 0.022000
1 0.098750 0.460667 0.009500 0.025333
1 0.156250 0.509000 0.009500 0.026000
1 0.159000 0.618667 0.008000 0.025333
4 0.167750 0.622333 0.012500 0.015333
1 0.246750 0.615667 0.009500 0.027333
1 0.230500 0.583333 0.010000 0.024000
4 0.044250 0.379333 0.030500 0.026667
4 0.092750 0.343000 0.026500 0.024667
4 0.300500 0.516667 0.043000 0.033333
4 0.264750 0.484333 0.041500 0.031333
4 0.227000 0.455667 0.038000 0.034000
4 0.197250 0.432000 0.037500 0.028000
4 0.168750 0.412000 0.033500 0.030667
4 0.069500 0.466000 0.020000 0.010667
4 0.077500 0.475667 0.019000 0.012667
4 0.346500 0.618333 0.052000 0.066000
2 0.476000 0.737333 0.010000 0.021333
3 0.476000 0.757000 0.013000 0.016667
4 0.516750 0.549000 0.048500 0.039333
2 0.450000 0.535333 0.006000 0.014667
3 0.452250 0.545667 0.017500 0.014000
1 0.429250 0.626667 0.009500 0.029333
1 0.507750 0.709000 0.010500 0.032667
2 0.549500 0.702333 0.009000 0.019333
3 0.548750 0.719000 0.013500 0.018000
2 0.551250 0.766667 0.010500 0.020000
3 0.552500 0.785333 0.018000 0.029333
2 0.606250 0.829000 0.010500 0.035333
3 0.606750 0.840667 0.019500 0.032000
1 0.412750 0.921333 0.014500 0.037333
2 0.447750 0.846333 0.013500 0.030000
3 0.448500 0.859667 0.016000 0.026000
2 0.922000 0.859000 0.014000 0.032667
2 0.929250 0.842333 0.011500 0.028667
3 0.918500 0.869667 0.034000 0.028667
3 0.921500 0.851000 0.030000 0.030000
4 0.397500 0.790333 0.068000 0.090000
2 0.401500 0.489333 0.010000 0.017333
3 0.400750 0.499667 0.016500 0.016667
6 0.370250 0.417000 0.044500 0.044667
3 0.474000 0.472000 0.011000 0.016000
3 0.480250 0.473667 0.013500 0.015333
3 0.485750 0.486000 0.015500 0.014667
3 0.498000 0.486667 0.012000 0.020000
3 0.504750 0.490667 0.009500 0.022667
3 0.515500 0.495667 0.013000 0.016667
3 0.531500 0.508000 0.012000 0.017333
3 0.532750 0.493667 0.009500 0.018000
3 0.539500 0.496000 0.010000 0.028000
3 0.549000 0.495333 0.014000 0.014667
3 0.553000 0.488000 0.016000 0.020000
3 0.559000 0.482333 0.016000 0.018000
3 0.564500 0.478000 0.012000 0.017333
3 0.572000 0.476333 0.011000 0.020667
3 0.577500 0.471000 0.014000 0.015333
3 0.582750 0.467333 0.013500 0.013333
3 0.588250 0.465000 0.009500 0.012667
3 0.597500 0.463000 0.010000 0.014000
1 0.595250 0.490000 0.008500 0.026667
4 0.645750 0.533333 0.044500 0.041333
4 0.685750 0.505000 0.040500 0.038000
4 0.720750 0.473667 0.036500 0.036667
2 0.674750 0.572000 0.009500 0.022667
3 0.674250 0.581667 0.022500 0.012667
1 0.719500 0.680000 0.011000 0.034667
1 0.726750 0.675667 0.010500 0.035333
4 0.212500 0.492333 0.034000 0.032667
4 0.226000 0.507667 0.038000 0.044667
4 0.256250 0.531000 0.038500 0.043333
4 0.268750 0.561000 0.045500 0.050000
4 0.288500 0.575667 0.046000 0.051333
3 0.657500 0.421667 0.013000 0.015333
3 0.625500 0.445333 0.012000 0.014667
3 0.618000 0.448000 0.012000 0.014667
0 0.221000 0.361667 0.075000 0.064667
0 0.137250 0.304667 0.040500 0.036000
3 0.094750 0.274333 0.007500 0.008667
3 0.097750 0.276333 0.007500 0.011333
3 0.102000 0.281000 0.004000 0.010000
3 0.106750 0.280667 0.008500 0.012000
3 0.111250 0.284667 0.006500 0.008000
3 0.116250 0.287000 0.008500 0.014000
3 0.092000 0.270333 0.009000 0.010000
3 0.096250 0.499333 0.017500 0.016000
3 0.102000 0.500333 0.012000 0.014000
3 0.092250 0.520333 0.021500 0.019333
3 0.106750 0.513000 0.018500 0.015333
3 0.098250 0.530333 0.016500 0.018000
3 0.101250 0.534667 0.017500 0.017333
3 0.113750 0.519667 0.015500 0.015333
3 0.118500 0.526000 0.016000 0.018667
3 0.123250 0.529333 0.017500 0.018667
3 0.128500 0.538667 0.021000 0.020000
3 0.138750 0.554000 0.022500 0.016000
3 0.148750 0.561333 0.017500 0.021333
3 0.154750 0.568333 0.017500 0.019333
3 0.151250 0.595000 0.020500 0.018000
3 0.156500 0.600667 0.020000 0.020000
3 0.165250 0.578333 0.019500 0.015333
3 0.169750 0.583000 0.015500 0.016667
3 0.174750 0.588000 0.016500 0.017333
3 0.176750 0.592000 0.016500 0.020000
3 0.180500 0.594000 0.017000 0.017333
3 0.183500 0.599000 0.018000 0.018000
3 0.187000 0.601000 0.020000 0.022000
4 0.973750 0.869667 0.052500 0.075333
2 0.396750 0.704667 0.013500 0.028000
10 0.397500 0.715333 0.013000 0.041333
