10 0.101253 0.713358 0.009395 0.014842
3 0.106211 0.710575 0.009916 0.011132
8 0.284447 0.577458 0.009395 0.017625
8 0.292797 0.552876 0.011482 0.012987
8 0.375783 0.487013 0.009395 0.011132
4 0.405010 0.460111 0.011482 0.007421
8 0.418580 0.448516 0.010438 0.010204
5 0.435282 0.427180 0.007307 0.006494
4 0.438674 0.426716 0.005741 0.005566
10 0.464248 0.485622 0.004697 0.010204
2 0.464248 0.485158 0.002610 0.007421
0 0.536273 0.335807 0.008873 0.031540
0 0.522965 0.332096 0.006263 0.016698
0 0.562630 0.360390 0.019833 0.025046
6 0.559499 0.379870 0.005219 0.010204
6 0.570981 0.382653 0.005219 0.012059
5 0.563413 0.380334 0.003653 0.007421
5 0.575939 0.399351 0.006785 0.004638
8 0.567328 0.387755 0.002088 0.003711
7 0.566545 0.391929 0.001566 0.002783
6 0.577244 0.426252 0.010438 0.015770
6 0.570459 0.427644 0.007307 0.012987
6 0.582203 0.442950 0.018267 0.015770
7 0.561065 0.406308 0.003132 0.005566
4 0.555324 0.416512 0.007307 0.007421
2 0.555063 0.411874 0.002610 0.005566
10 0.555063 0.412338 0.002610 0.004638
6 0.562109 0.441095 0.006263 0.012059
6 0.551931 0.440631 0.007829 0.020408
4 0.555063 0.434601 0.004697 0.008349
10 0.556367 0.431354 0.002088 0.003711
2 0.556628 0.429963 0.001566 0.004638
6 0.569415 0.438312 0.006263 0.013915
6 0.569937 0.455473 0.008351 0.029685
4 0.544885 0.475881 0.006263 0.011132
4 0.543058 0.512523 0.014092 0.012059
8 0.541754 0.500000 0.005219 0.012987
7 0.550104 0.500000 0.004175 0.007421
1 0.534447 0.519944 0.003132 0.012059
1 0.539405 0.521336 0.002610 0.009276
10 0.540188 0.522727 0.005219 0.006494
2 0.550887 0.538033 0.002610 0.007421
7 0.550626 0.540816 0.004175 0.009276
4 0.537056 0.540816 0.013570 0.012987
4 0.537839 0.536178 0.013048 0.011132
6 0.567850 0.568646 0.010438 0.020408
8 0.523225 0.615955 0.012004 0.018553
4 0.526618 0.611781 0.016701 0.017625
2 0.539666 0.628942 0.004175 0.012987
8 0.539927 0.632189 0.004697 0.012059
6 0.558977 0.675788 0.017745 0.075139
6 0.576200 0.748145 0.011482 0.028757
10 0.539144 0.718460 0.006263 0.017625
2 0.539405 0.714286 0.004697 0.018553
1 0.489301 0.788497 0.006785 0.025974
1 0.498173 0.808442 0.005741 0.025046
1 0.508873 0.813544 0.005219 0.024119
4 0.502088 0.794991 0.026096 0.035250
4 0.479645 0.958256 0.037578 0.053803
3 0.641701 0.758349 0.005741 0.019481
2 0.641180 0.753247 0.004697 0.018553
1 0.676148 0.697588 0.003653 0.018553
1 0.623695 0.638683 0.004175 0.013915
10 0.623956 0.641002 0.003653 0.012987
1 0.620042 0.652597 0.004175 0.019481
1 0.628914 0.616419 0.004175 0.017625
8 0.634916 0.462430 0.005741 0.012059
6 0.626566 0.473562 0.009916 0.023191
5 0.622912 0.474026 0.012004 0.009276
6 0.681628 0.508813 0.059499 0.026902
6 0.705898 0.486085 0.044363 0.024119
6 0.730167 0.491187 0.031315 0.017625
6 0.732777 0.498145 0.036534 0.022263
6 0.756263 0.487941 0.036534 0.022263
6 0.769311 0.492115 0.042797 0.021336
6 0.776357 0.495362 0.049582 0.018553
6 0.783142 0.502783 0.043319 0.020408
6 0.790188 0.505566 0.044885 0.020408
6 0.795668 0.511596 0.043319 0.023191
6 0.762265 0.531076 0.029749 0.034323
6 0.777662 0.531540 0.028184 0.031540
4 0.788100 0.549165 0.019833 0.012987
6 0.155793 0.810297 0.075678 0.106679
7 0.630480 0.690167 0.009395 0.018553
6 0.975209 0.496753 0.048539 0.032468
6 0.864823 0.500928 0.027140 0.024119
6 0.895616 0.499072 0.036534 0.022263
