4 0.357857 0.454949 0.018571 0.082487
4 0.350357 0.827411 0.022143 0.088832
4 0.356429 0.281726 0.018571 0.081218
4 0.386071 0.120558 0.019286 0.065990
4 0.376429 0.970178 0.022857 0.057107
5 0.395714 0.613579 0.025714 0.087563
9 0.359643 0.025381 0.025000 0.050761
1 0.508929 0.430838 0.006429 0.019036
1 0.516071 0.420685 0.003571 0.011421
1 0.508214 0.414340 0.007857 0.008883
1 0.498214 0.384518 0.006429 0.012690
1 0.495000 0.405457 0.008571 0.013959
1 0.495000 0.399112 0.005714 0.011421
9 0.345000 0.615482 0.024286 0.114213
