7 0.338250 0.876333 0.027500 0.056667
10 0.382250 0.851000 0.025500 0.050000
1 0.425500 0.984000 0.017000 0.032000
1 0.416500 0.981333 0.022000 0.037333
7 0.402750 0.974667 0.031500 0.050667
1 0.432250 0.807333 0.016500 0.040000
2 0.424750 0.800667 0.010500 0.025333
10 0.426500 0.816333 0.014000 0.032667
5 0.694500 0.912667 0.056000 0.128000
10 0.297000 0.871667 0.024000 0.043333
10 0.421750 0.721667 0.013500 0.031333
2 0.404500 0.679667 0.014000 0.024667
1 0.396500 0.653667 0.013000 0.034000
2 0.420000 0.684000 0.012000 0.020000
1 0.435500 0.674667 0.014000 0.030667
3 0.431500 0.684667 0.008000 0.028000
1 0.436250 0.651667 0.010500 0.028667
1 0.429000 0.643333 0.009000 0.034667
1 0.444750 0.581000 0.009500 0.028667
0 0.487250 0.429000 0.249500 0.187333
5 0.881000 0.978333 0.084000 0.043333
1 0.822500 0.916667 0.025000 0.052000
4 0.885500 0.923000 0.136000 0.114000
4 0.825500 0.817333 0.111000 0.069333
4 0.965500 0.802667 0.069000 0.062667
2 0.795500 0.696333 0.012000 0.028667
3 0.801250 0.689000 0.014500 0.038000
3 0.783250 0.664333 0.016500 0.034000
2 0.763500 0.643000 0.009000 0.028667
2 0.756250 0.644333 0.009500 0.028667
10 0.705750 0.615000 0.012500 0.032667
4 0.627500 0.788000 0.015000 0.042667
3 0.638750 0.488000 0.019500 0.020000
4 0.650750 0.625667 0.041500 0.060667
5 0.571500 0.621000 0.031000 0.063333
2 0.552500 0.682333 0.019000 0.027333
2 0.574250 0.673000 0.013500 0.026000
7 0.570500 0.680000 0.039000 0.034667
1 0.508500 0.560667 0.008000 0.024000
2 0.467500 0.571667 0.011000 0.026000
3 0.469000 0.579000 0.008000 0.024667
2 0.427750 0.540667 0.008500 0.016000
2 0.629500 0.411667 0.035000 0.020667
5 0.323750 0.444333 0.042500 0.030000
4 0.319500 0.431667 0.038000 0.019333
4 0.330500 0.425333 0.038000 0.018667
4 0.284250 0.441667 0.031500 0.022000
