4 0.051786 0.563452 0.037857 0.040609
4 0.121429 0.455584 0.032857 0.032995
5 0.265714 0.395305 0.024286 0.041878
1 0.162857 0.243020 0.005714 0.013959
1 0.551786 0.969543 0.009286 0.022843
1 0.558571 0.958756 0.007143 0.024112
4 0.633929 0.711294 0.030714 0.034264
5 0.391429 0.555203 0.030000 0.026650
6 0.566786 0.572335 0.063571 0.068528
4 0.623571 0.590102 0.021429 0.038071
4 0.647500 0.561548 0.023571 0.036802
4 0.656071 0.616117 0.026429 0.039340
5 0.673929 0.618020 0.022143 0.045685
5 0.688214 0.625635 0.022143 0.050761
4 0.701429 0.644036 0.024286 0.041878
4 0.720714 0.674492 0.031429 0.031726
6 0.675000 0.565990 0.028571 0.058376
5 0.688929 0.582487 0.020714 0.043147
4 0.701786 0.587563 0.019286 0.040609
6 0.718214 0.596447 0.032143 0.068528
6 0.736786 0.602792 0.035000 0.071066
6 0.727500 0.757614 0.077857 0.088832
6 0.761071 0.656091 0.032143 0.076142
6 0.817857 0.671320 0.074286 0.101523
6 0.845000 0.689721 0.075714 0.097716
4 0.877500 0.710660 0.039286 0.050761
4 0.887143 0.736675 0.035714 0.039340
4 0.912143 0.758883 0.032857 0.048223
4 0.987143 0.809010 0.025714 0.041878
6 0.946071 0.913706 0.097857 0.114213
4 0.738929 0.500000 0.016429 0.040609
4 0.762143 0.491751 0.014286 0.029188
9 0.633571 0.524112 0.032857 0.038071
4 0.574286 0.509518 0.025714 0.024112
5 0.516071 0.483503 0.027857 0.030457
5 0.503571 0.458756 0.028571 0.031726
5 0.607143 0.446066 0.025714 0.026650
6 0.607143 0.425761 0.040000 0.031726
6 0.512143 0.398477 0.052857 0.045685
6 0.517500 0.380711 0.052143 0.050761
6 0.572857 0.363579 0.028571 0.059645
6 0.525000 0.367386 0.052857 0.052030
9 0.531786 0.352792 0.037857 0.027919
6 0.543571 0.335660 0.050000 0.049492
6 0.553571 0.329315 0.031429 0.034264
6 0.556429 0.312817 0.047143 0.049492
6 0.561786 0.303934 0.045000 0.044416
4 0.620000 0.417513 0.024286 0.020305
4 0.625357 0.395939 0.026429 0.022843
9 0.629643 0.375000 0.036429 0.029188
4 0.636429 0.369924 0.024286 0.024112
4 0.637500 0.357868 0.020714 0.017766
4 0.641429 0.348350 0.018571 0.016497
9 0.641071 0.333122 0.026429 0.024112
5 0.636429 0.287437 0.015714 0.024112
4 0.622857 0.272208 0.015714 0.024112
4 0.606786 0.215736 0.010714 0.020305
4 0.618214 0.195431 0.010714 0.017766
4 0.625714 0.168782 0.017143 0.015228
4 0.629286 0.161168 0.015714 0.017766
4 0.646786 0.148477 0.017857 0.020305
4 0.657143 0.178934 0.017143 0.015228
4 0.658214 0.141497 0.015000 0.016497
4 0.663214 0.137690 0.015000 0.016497
5 0.673571 0.126904 0.014286 0.020305
4 0.730714 0.121827 0.014286 0.012690
4 0.736786 0.114213 0.013571 0.012690
4 0.739286 0.109772 0.014286 0.011421
4 0.733214 0.095812 0.009286 0.013959
4 0.570714 0.075508 0.012857 0.019036
