5 0.315240 0.170223 0.052192 0.121521
5 0.378132 0.033395 0.046451 0.066790
5 0.595772 0.018089 0.032881 0.032468
5 0.643267 0.141466 0.062109 0.075139
10 0.646138 0.190167 0.027140 0.038961
10 0.667537 0.068182 0.021921 0.028757
10 0.725470 0.006957 0.022965 0.013915
10 0.730167 0.022263 0.022965 0.016698
7 0.719207 0.042208 0.055324 0.047310
7 0.716075 0.079777 0.062630 0.053803
3 0.865866 0.045455 0.008351 0.042672
1 0.759395 0.390074 0.014614 0.036178
7 0.807150 0.602968 0.067328 0.072356
10 0.641701 0.486085 0.031837 0.042672
3 0.624478 0.521336 0.027662 0.033395
10 0.569154 0.556586 0.033925 0.050093
7 0.650574 0.613636 0.037056 0.115955
3 0.457985 0.336271 0.020355 0.036178
2 0.456942 0.327922 0.012004 0.026902
4 0.550365 0.407699 0.077766 0.095547
4 0.479384 0.544527 0.091336 0.113173
4 0.446242 0.629406 0.085595 0.093692
5 0.614823 0.792672 0.048017 0.060297
10 0.601514 0.737941 0.030793 0.036178
10 0.638831 0.729128 0.035491 0.025974
10 0.643267 0.705473 0.034969 0.032468
10 0.513831 0.827458 0.037056 0.038961
10 0.509916 0.871058 0.037578 0.038961
10 0.512265 0.927644 0.032881 0.029685
10 0.499217 0.963822 0.030793 0.033395
3 0.612213 0.390074 0.033403 0.034323
10 0.658925 0.368738 0.030793 0.030612
4 0.160752 0.542672 0.081420 0.155844
3 0.557672 0.859462 0.032881 0.030612
