1 0.098121 0.098794 0.007307 0.023191
1 0.093163 0.099722 0.005741 0.021336
1 0.096555 0.104360 0.005219 0.019481
1 0.161273 0.545455 0.013570 0.053803
1 0.190762 0.565863 0.009916 0.042672
1 0.200418 0.558905 0.010438 0.041744
1 0.210595 0.547310 0.010960 0.044527
1 0.230167 0.544063 0.011482 0.045455
1 0.595511 0.598330 0.009395 0.042672
1 0.593424 0.588590 0.009395 0.047310
1 0.637004 0.621521 0.010960 0.044527
1 0.635177 0.603432 0.007307 0.045455
1 0.651618 0.627551 0.006785 0.036178
1 0.806367 0.628479 0.011482 0.039889
1 0.818372 0.613173 0.013570 0.044527
1 0.830898 0.681818 0.014614 0.051948
1 0.861430 0.677644 0.014092 0.047310
1 0.855428 0.666976 0.010438 0.040816
