0 0.508571 0.186667 0.034286 0.026667
0 0.513571 0.159048 0.014286 0.028571
0 0.517143 0.112381 0.022857 0.019048
9 0.494643 0.232857 0.006429 0.020000
9 0.467857 0.296190 0.011429 0.030476
6 0.486071 0.150476 0.006429 0.017143
6 0.502500 0.207619 0.006429 0.019048
6 0.479286 0.234762 0.005714 0.014286
6 0.502500 0.146667 0.005000 0.011429
6 0.478571 0.184762 0.005714 0.013333
6 0.481071 0.167143 0.005000 0.012381
4 0.541786 0.214286 0.010714 0.007619
4 0.490000 0.128571 0.002857 0.003810
4 0.484643 0.179048 0.003571 0.005714
4 0.501786 0.188095 0.003571 0.006667
4 0.500357 0.193810 0.003571 0.006667
6 0.485000 0.138095 0.005714 0.009524
1 0.523571 0.159048 0.001429 0.007619
4 0.526071 0.160952 0.003571 0.005714
4 0.492500 0.220000 0.005000 0.007619
4 0.497500 0.258571 0.005000 0.008571
4 0.530714 0.308571 0.015714 0.009524
4 0.472857 0.264762 0.005714 0.009524
4 0.547857 0.235714 0.012857 0.006667
4 0.549286 0.239524 0.011429 0.006667
4 0.550000 0.243333 0.011429 0.006667
4 0.549643 0.248095 0.012143 0.008571
4 0.551071 0.251905 0.012143 0.006667
4 0.528929 0.300000 0.016429 0.009524
0 0.467143 0.235714 0.011429 0.018095
4 0.535714 0.339048 0.017143 0.013333
5 0.490714 0.310952 0.007143 0.016190
5 0.493214 0.339524 0.009286 0.018095
0 0.506429 0.352381 0.002857 0.011429
6 0.461786 0.352857 0.016429 0.058095
6 0.483929 0.422381 0.013571 0.029524
6 0.524643 0.414286 0.009286 0.022857
1 0.542500 0.432857 0.003571 0.010476
4 0.556429 0.447143 0.022857 0.012381
4 0.560000 0.455238 0.021429 0.009524
4 0.471071 0.563810 0.013571 0.028571
4 0.467500 0.693810 0.017857 0.040952
9 0.412500 0.767619 0.033571 0.106667
6 0.455000 0.881429 0.030000 0.096190
6 0.021071 0.691429 0.042143 0.131429
4 0.022857 0.627143 0.040000 0.021905
4 0.103929 0.529048 0.033571 0.016190
4 0.243571 0.406190 0.015714 0.018095
4 0.316786 0.368571 0.013571 0.019048
4 0.192500 0.435714 0.017857 0.020000
4 0.140357 0.516190 0.032143 0.017143
4 0.096429 0.546667 0.032857 0.020952
0 0.199643 0.452381 0.007857 0.015238
1 0.169643 0.515714 0.005000 0.014286
6 0.308571 0.430000 0.024286 0.031429
0 0.226071 0.374762 0.010714 0.014286
0 0.257500 0.360952 0.025000 0.020952
10 0.192143 0.421905 0.010000 0.009524
1 0.320000 0.337619 0.002857 0.008571
6 0.251429 0.230952 0.010000 0.012381
6 0.299286 0.285238 0.028571 0.029524
5 0.293214 0.309524 0.009286 0.015238
5 0.301071 0.310952 0.007857 0.014286
5 0.314286 0.264286 0.010000 0.010476
5 0.337143 0.229524 0.010000 0.007619
4 0.354286 0.240476 0.007143 0.008571
4 0.325000 0.255714 0.011429 0.006667
4 0.319286 0.262381 0.010000 0.008571
4 0.311786 0.271429 0.013571 0.009524
6 0.238929 0.226667 0.012143 0.017143
6 0.245357 0.229048 0.009286 0.014286
6 0.211429 0.231429 0.025714 0.019048
6 0.200714 0.234762 0.022857 0.018095
0 0.272857 0.231905 0.008571 0.010476
0 0.652500 0.485714 0.010714 0.011429
4 0.638929 0.471429 0.025000 0.015238
6 0.430714 0.135238 0.022857 0.011429
0 0.498214 0.166190 0.013571 0.014286
6 0.495714 0.151905 0.005714 0.012381
4 0.502857 0.156190 0.004286 0.005714
0 0.521786 0.210476 0.020714 0.015238
0 0.441429 0.159048 0.017143 0.017143
0 0.486786 0.111429 0.005000 0.011429
0 0.512500 0.099524 0.027857 0.016190
