9 0.610714 0.808376 0.058571 0.195431
4 0.537500 0.628807 0.025000 0.054569
4 0.557500 0.571701 0.022143 0.046954
5 0.655357 0.497462 0.025000 0.050761
4 0.584286 0.329315 0.017143 0.024112
4 0.402143 0.271574 0.011429 0.015228
4 0.438571 0.267766 0.012857 0.017766
4 0.472500 0.264594 0.010714 0.016497
4 0.532143 0.262690 0.012857 0.020305
5 0.458214 0.229061 0.010714 0.021574
10 0.712500 0.244924 0.007857 0.015228
2 0.712500 0.241117 0.005000 0.012690
4 0.405000 0.225888 0.011429 0.015228
4 0.318571 0.178299 0.011429 0.013959
6 0.293214 0.184010 0.017857 0.027919
6 0.925714 0.187183 0.032857 0.024112
6 0.901429 0.177030 0.027143 0.024112
4 0.908214 0.185914 0.012143 0.011421
4 0.579643 0.087563 0.009286 0.010152
4 0.636071 0.059010 0.007857 0.008883
6 0.679643 0.146574 0.026429 0.019036
4 0.702500 0.152919 0.010714 0.013959
0 0.677500 0.123731 0.052143 0.031726
6 0.662143 0.050127 0.011429 0.013959
0 0.761786 0.030457 0.075000 0.060914
