1 0.700357 0.676190 0.016429 0.070476
1 0.730000 0.689048 0.034286 0.073333
1 0.866071 0.274286 0.023571 0.055238
1 0.542143 0.224286 0.018571 0.046667
1 0.510000 0.251905 0.012857 0.046667
1 0.451071 0.244286 0.023571 0.058095
1 0.285000 0.289048 0.022857 0.052381
1 0.255714 0.299048 0.015714 0.051429
1 0.291786 0.223810 0.020714 0.049524
1 0.270714 0.105714 0.018571 0.041905
1 0.208929 0.202381 0.022143 0.044762
1 0.140357 0.273333 0.026429 0.053333
1 0.126071 0.264762 0.023571 0.043810
1 0.094643 0.276190 0.023571 0.059048
1 0.175357 0.156667 0.015000 0.040952
2 0.289643 0.795714 0.037857 0.065714
2 0.860000 0.518571 0.035714 0.060000
2 0.976071 0.613810 0.032143 0.061905
2 0.748571 0.335238 0.025714 0.051429
2 0.257500 0.243333 0.020714 0.027619
2 0.235714 0.310000 0.017143 0.050476
2 0.173571 0.214762 0.018571 0.037143
3 0.292857 0.810476 0.077143 0.049524
3 0.968929 0.631905 0.037857 0.088571
10 0.858571 0.537619 0.038571 0.065714
10 0.745357 0.351429 0.022143 0.051429
10 0.238929 0.326190 0.043571 0.033333
1 0.276429 0.192381 0.018571 0.049524
10 0.315000 0.010952 0.008571 0.021905
4 0.225357 0.125238 0.055000 0.065714
4 0.182143 0.118095 0.062857 0.072381
4 0.137857 0.117619 0.054286 0.060000
5 0.106429 0.100000 0.052857 0.059048
4 0.052857 0.111429 0.058571 0.057143
5 0.020357 0.103810 0.040714 0.081905
1 0.011429 0.168571 0.017143 0.040000
1 0.013214 0.161905 0.022143 0.045714
4 0.084286 0.267619 0.112857 0.047619
4 0.093571 0.321429 0.115714 0.073333
4 0.131786 0.395714 0.135000 0.088571
5 0.278214 0.370952 0.135000 0.092381
6 0.209286 0.622381 0.270000 0.195238
4 0.358571 0.581905 0.167143 0.118095
4 0.524286 0.508095 0.141429 0.107619
4 0.528929 0.436190 0.135000 0.089524
4 0.614643 0.403810 0.120714 0.076190
4 0.469643 0.345238 0.117857 0.069524
5 0.734286 0.612381 0.142857 0.148571
5 0.758214 0.531905 0.149286 0.122857
4 0.229286 0.281905 0.094286 0.064762
7 0.234286 0.230952 0.061429 0.046667
7 0.184286 0.183333 0.075714 0.065714
1 0.562500 0.144762 0.012143 0.040000
1 0.570000 0.159048 0.010000 0.038095
1 0.579286 0.155238 0.012857 0.040000
1 0.577143 0.150952 0.011429 0.050476
1 0.572500 0.140476 0.012143 0.042857
1 0.562143 0.131429 0.014286 0.045714
1 0.540357 0.091905 0.006429 0.035238
2 0.547500 0.087619 0.009286 0.019048
10 0.548214 0.097143 0.015000 0.022857
4 0.798571 0.218095 0.060000 0.072381
4 0.736071 0.211429 0.063571 0.076190
4 0.753929 0.160000 0.053571 0.060952
4 0.704643 0.150952 0.052143 0.071429
4 0.652857 0.171429 0.051429 0.068571
4 0.652857 0.127143 0.032857 0.054286
4 0.658929 0.078095 0.043571 0.055238
4 0.620000 0.084762 0.032857 0.051429
4 0.689286 0.062857 0.040000 0.053333
6 0.721786 0.102857 0.053571 0.062857
4 0.665714 0.036190 0.037143 0.043810
4 0.633571 0.046667 0.035714 0.041905
4 0.594643 0.045238 0.032143 0.039048
4 0.624286 0.017619 0.028571 0.033333
4 0.586071 0.021905 0.026429 0.041905
9 0.572143 0.060952 0.068571 0.121905
4 0.650000 0.011905 0.030000 0.023810
9 0.592500 0.228571 0.087857 0.207619
1 0.949643 0.028571 0.007857 0.028571
1 0.932500 0.020952 0.012143 0.030476
1 0.954643 0.015714 0.006429 0.025714
2 0.963929 0.018571 0.012143 0.016190
2 0.968214 0.063810 0.012143 0.026667
2 0.964643 0.080952 0.010714 0.019048
2 0.903214 0.076667 0.015000 0.025714
2 0.902500 0.035238 0.010714 0.020952
10 0.902857 0.042857 0.012857 0.019048
10 0.902857 0.082381 0.018571 0.027619
10 0.963214 0.089048 0.016429 0.021905
3 0.966071 0.071905 0.019286 0.020000
1 0.909286 0.024762 0.010000 0.028571
1 0.915000 0.022857 0.011429 0.032381
4 0.947143 0.879524 0.105714 0.128571
