6 0.186786 0.350000 0.067857 0.079048
6 0.252857 0.347619 0.047143 0.060952
4 0.486786 0.640000 0.043571 0.064762
4 0.575357 0.680000 0.049286 0.110476
4 0.568929 0.582857 0.036429 0.057143
4 0.610000 0.830476 0.055714 0.133333
4 0.646429 0.727143 0.070000 0.120952
6 0.695000 0.629048 0.101429 0.151429
4 0.865000 0.730952 0.084286 0.069524
4 0.913214 0.813333 0.083571 0.097143
4 0.850357 0.678571 0.073571 0.058095
4 0.794286 0.586667 0.047143 0.049524
4 0.766071 0.539524 0.043571 0.052381
4 0.735000 0.506190 0.034286 0.033333
4 0.762500 0.475238 0.032143 0.030476
4 0.677500 0.418095 0.022143 0.020952
4 0.670000 0.404762 0.020000 0.020952
4 0.629643 0.342381 0.013571 0.014286
0 0.568571 0.257619 0.011429 0.023810
0 0.582857 0.272857 0.011429 0.012381
4 0.552500 0.263810 0.007857 0.009524
5 0.563214 0.288095 0.007857 0.012381
4 0.586071 0.309048 0.009286 0.012381
4 0.586786 0.392381 0.017857 0.022857
4 0.632143 0.349048 0.011429 0.012381
0 0.611071 0.315714 0.012143 0.014286
0 0.603929 0.299048 0.012143 0.013333
0 0.587143 0.285714 0.018571 0.009524
4 0.682500 0.375238 0.013571 0.019048
5 0.647500 0.369048 0.017857 0.021905
4 0.686429 0.435238 0.021429 0.022857
4 0.692857 0.476190 0.028571 0.026667
4 0.719286 0.475714 0.027143 0.025714
4 0.764643 0.443333 0.029286 0.027619
4 0.747500 0.426667 0.020714 0.022857
4 0.888571 0.572381 0.051429 0.053333
1 0.935357 0.548571 0.013571 0.036190
1 0.696786 0.494762 0.009286 0.027619
1 0.659286 0.487143 0.010000 0.023810
1 0.656429 0.495714 0.010000 0.023810
1 0.700357 0.541429 0.009286 0.031429
1 0.689286 0.541429 0.010000 0.033333
1 0.677143 0.530952 0.010000 0.029524
1 0.643214 0.507143 0.009286 0.029524
1 0.640357 0.487143 0.007857 0.021905
1 0.650000 0.472857 0.005714 0.027619
1 0.665714 0.468571 0.007143 0.024762
1 0.671071 0.479524 0.009286 0.023810
1 0.688571 0.500952 0.008571 0.028571
4 0.698571 0.923333 0.100000 0.153333
