4 0.352143 0.758571 0.067143 0.088571
4 0.350000 0.669524 0.047143 0.066667
4 0.389286 0.583333 0.028571 0.040952
4 0.463214 0.515714 0.026429 0.033333
4 0.412857 0.497619 0.020000 0.027619
4 0.376071 0.496667 0.019286 0.029524
4 0.409286 0.426190 0.017143 0.023810
4 0.382143 0.412381 0.014286 0.022857
4 0.405357 0.389048 0.013571 0.014286
4 0.387857 0.359048 0.011429 0.011429
4 0.407857 0.354286 0.010000 0.015238
4 0.618214 0.654286 0.079286 0.040000
4 0.531429 0.555714 0.031429 0.044762
5 0.696071 0.620952 0.047857 0.045714
4 0.821071 0.642857 0.070714 0.041905
4 0.657857 0.603810 0.065714 0.034286
4 0.646429 0.586667 0.065714 0.034286
4 0.605000 0.514286 0.045714 0.024762
4 0.596071 0.500000 0.042143 0.028571
4 0.572857 0.466190 0.040000 0.023810
4 0.507500 0.510952 0.026429 0.031429
4 0.388571 0.928571 0.108571 0.123810
4 0.136429 0.661905 0.074286 0.062857
4 0.964286 0.798095 0.071429 0.055238
6 0.803214 0.689524 0.106429 0.055238
1 0.731429 0.683333 0.008571 0.039048
1 0.741071 0.676190 0.006429 0.032381
2 0.759643 0.675714 0.016429 0.023810
1 0.767500 0.677619 0.013571 0.040952
2 0.594643 0.730000 0.015000 0.029524
2 0.457143 0.606667 0.015714 0.028571
1 0.082143 0.610952 0.015714 0.039048
3 0.596071 0.744286 0.017857 0.033333
3 0.082500 0.622381 0.016429 0.027619
10 0.457143 0.613333 0.018571 0.030476
1 0.346071 0.608571 0.015000 0.036190
4 0.322857 0.366190 0.011429 0.014286
4 0.389286 0.345238 0.008571 0.012381
4 0.391429 0.327619 0.008571 0.009524
4 0.406071 0.329524 0.007857 0.009524
4 0.371071 0.315238 0.007857 0.009524
4 0.358929 0.314762 0.006429 0.008571
4 0.393571 0.302381 0.005714 0.006667
4 0.395357 0.291429 0.006429 0.005714
4 0.363571 0.303810 0.005714 0.007619
0 0.333929 0.348095 0.006429 0.029524
0 0.343571 0.332381 0.007143 0.024762
0 0.350000 0.310000 0.007143 0.010476
0 0.412857 0.295714 0.007143 0.029524
0 0.394286 0.259524 0.022857 0.029524
4 0.422500 0.334762 0.007857 0.008571
4 0.426429 0.347619 0.008571 0.009524
4 0.433929 0.359048 0.009286 0.011429
0 0.532500 0.415714 0.023571 0.035238
4 0.570000 0.455238 0.034286 0.019048
0 0.217143 0.390476 0.028571 0.030476
0 0.248571 0.366667 0.017143 0.024762
0 0.180000 0.421429 0.030000 0.031429
4 0.028214 0.577143 0.056429 0.038095
4 0.036786 0.555714 0.070714 0.035238
4 0.065357 0.543333 0.065000 0.027619
4 0.075000 0.528095 0.055714 0.025714
4 0.083571 0.517143 0.060000 0.026667
4 0.102500 0.505714 0.056429 0.026667
4 0.107857 0.495238 0.051429 0.022857
4 0.015714 0.539048 0.031429 0.041905
6 0.147143 0.563810 0.055714 0.064762
1 0.155714 0.592381 0.012857 0.028571
1 0.110357 0.625238 0.010714 0.033333
1 0.146071 0.590000 0.012143 0.033333
2 0.106071 0.638095 0.013571 0.034286
10 0.110000 0.642857 0.035714 0.020952
4 0.897143 0.628571 0.062857 0.043810
