10 0.715500 0.831667 0.048000 0.059333
1 0.646250 0.838000 0.014500 0.072000
1 0.667000 0.841000 0.019000 0.083333
4 0.660250 0.749000 0.057500 0.090000
2 0.409250 0.931333 0.032500 0.066667
7 0.393250 0.953000 0.070500 0.094000
2 0.572750 0.778333 0.021500 0.044667
4 0.476750 0.689000 0.054500 0.066000
1 0.339000 0.747000 0.028000 0.070000
6 0.312000 0.741333 0.102000 0.121333
1 0.546250 0.632000 0.016500 0.033333
1 0.529250 0.636333 0.008500 0.038000
6 0.584250 0.642667 0.098500 0.058667
4 0.544750 0.607333 0.035500 0.044000
1 0.439250 0.564000 0.006500 0.029333
6 0.453250 0.572667 0.034500 0.046667
5 0.601250 0.567000 0.060500 0.040667
6 0.592750 0.482667 0.029500 0.050667
6 0.617000 0.471333 0.036000 0.029333
6 0.559000 0.520333 0.016000 0.031333
1 0.542500 0.536667 0.005000 0.022667
1 0.534750 0.536333 0.005500 0.023333
1 0.536000 0.526000 0.005000 0.022667
1 0.524750 0.544333 0.006500 0.022000
1 0.497000 0.531000 0.009000 0.022000
3 0.495500 0.533333 0.006000 0.017333
3 0.513500 0.535333 0.006000 0.018667
2 0.513500 0.530667 0.006000 0.022667
10 0.518750 0.521000 0.006500 0.016667
2 0.519000 0.517000 0.006000 0.019333
10 0.506500 0.524667 0.007000 0.017333
2 0.507000 0.520667 0.006000 0.020000
5 0.481000 0.526333 0.019000 0.028667
6 0.469000 0.511333 0.049000 0.037333
4 0.505250 0.496333 0.017500 0.022000
4 0.506750 0.484667 0.029500 0.014667
1 0.540500 0.454000 0.003000 0.009333
4 0.521500 0.472000 0.012000 0.013333
4 0.527000 0.468000 0.010000 0.012000
4 0.527750 0.463333 0.009500 0.010667
1 0.533250 0.461667 0.002500 0.011333
4 0.531000 0.459000 0.010000 0.011333
0 0.546750 0.435667 0.030500 0.022000
0 0.550000 0.454000 0.010000 0.016000
0 0.532250 0.446667 0.011500 0.012000
