4 0.526879 0.166048 0.008873 0.016698
4 0.476253 0.292672 0.010960 0.023191
4 0.507307 0.614564 0.016701 0.058442
4 0.477818 0.647495 0.016180 0.059369
4 0.506524 0.729592 0.020355 0.064007
4 0.472338 0.724490 0.021921 0.074212
4 0.467119 0.826994 0.020877 0.080705
4 0.505480 0.870130 0.022443 0.090909
4 0.465553 0.959647 0.031315 0.078850
9 0.483559 0.456401 0.022443 0.098330
2 0.353079 0.826531 0.006785 0.014842
10 0.352296 0.846939 0.006263 0.018553
1 0.354906 0.627087 0.006263 0.024119
2 0.423278 0.326994 0.004175 0.006494
2 0.439979 0.229128 0.005219 0.009276
1 0.452244 0.160482 0.003653 0.012987
10 0.441023 0.235622 0.005219 0.007421
10 0.423800 0.337662 0.004175 0.011132
10 0.445720 0.306122 0.004175 0.009276
2 0.445198 0.294991 0.004175 0.005566
