3 0.600357 0.610952 0.037857 0.086667
3 0.542857 0.587619 0.038571 0.087619
3 0.479286 0.532381 0.035714 0.076190
2 0.478929 0.510000 0.029286 0.094286
2 0.543571 0.556190 0.031429 0.089524
2 0.597857 0.580952 0.028571 0.097143
4 0.858571 0.506190 0.157143 0.136190
5 0.951071 0.468571 0.097857 0.133333
4 0.919643 0.388571 0.122143 0.089524
4 0.766786 0.341905 0.079286 0.066667
4 0.806071 0.333333 0.073571 0.070476
4 0.729286 0.357619 0.075714 0.086667
4 0.601786 0.324286 0.059286 0.060000
4 0.645000 0.294762 0.061429 0.056190
4 0.524643 0.229524 0.026429 0.030476
4 0.452500 0.246190 0.033571 0.044762
4 0.889286 0.302857 0.082857 0.051429
5 0.520357 0.280476 0.036429 0.058095
5 0.417500 0.252857 0.032143 0.046667
6 0.404643 0.271905 0.043571 0.060000
4 0.530714 0.194762 0.018571 0.016190
4 0.560357 0.197619 0.020714 0.016190
4 0.606429 0.260952 0.044286 0.036190
4 0.596786 0.232857 0.037857 0.031429
4 0.627857 0.229524 0.035714 0.024762
4 0.594643 0.210476 0.023571 0.022857
7 0.386071 0.237143 0.026429 0.020952
1 0.339643 0.251905 0.010714 0.031429
1 0.350000 0.249524 0.011429 0.030476
1 0.349286 0.227619 0.007143 0.026667
1 0.355000 0.230476 0.007143 0.019048
2 0.358214 0.235714 0.007857 0.020000
1 0.355000 0.212857 0.008571 0.020000
2 0.342500 0.219524 0.009286 0.023810
10 0.342143 0.219524 0.008571 0.016190
2 0.397857 0.213810 0.008571 0.020000
2 0.456429 0.226667 0.005714 0.017143
3 0.398929 0.215714 0.006429 0.014286
4 0.385000 0.182857 0.010000 0.011429
4 0.382857 0.175238 0.008571 0.011429
4 0.420714 0.181429 0.010000 0.010476
4 0.405000 0.162857 0.007143 0.009524
4 0.446429 0.169524 0.005714 0.007619
4 0.446071 0.159524 0.006429 0.008571
4 0.440357 0.157143 0.005000 0.005714
4 0.430357 0.160476 0.007857 0.010476
4 0.437143 0.187143 0.011429 0.012381
4 0.482143 0.179524 0.010000 0.014286
4 0.472857 0.180476 0.011429 0.012381
4 0.460357 0.176667 0.009286 0.008571
4 0.472857 0.178095 0.010000 0.011429
4 0.495000 0.190476 0.014286 0.013333
4 0.491071 0.186667 0.012143 0.009524
9 0.458571 0.195714 0.032857 0.039048
9 0.505714 0.180952 0.027143 0.024762
1 0.494643 0.159524 0.002143 0.006667
1 0.497500 0.158095 0.002143 0.005714
2 0.486071 0.158571 0.002143 0.004762
10 0.485714 0.160476 0.002857 0.004762
1 0.501429 0.159048 0.002857 0.007619
1 0.618929 0.188571 0.003571 0.013333
2 0.604286 0.192857 0.007143 0.012381
2 0.561786 0.180000 0.003571 0.009524
3 0.561429 0.182857 0.005714 0.007619
10 0.604286 0.195714 0.007143 0.010476
6 0.646429 0.210952 0.047143 0.044762
4 0.704643 0.220000 0.035000 0.022857
4 0.747857 0.266667 0.047143 0.038095
4 0.727857 0.249048 0.042857 0.033333
3 0.937500 0.251429 0.026429 0.024762
9 0.779286 0.231429 0.117143 0.072381
2 0.697500 0.201429 0.006429 0.014286
10 0.696071 0.204762 0.010714 0.011429
1 0.706429 0.205714 0.005714 0.015238
