5 0.321071 0.754762 0.053571 0.094286
4 0.376071 0.546190 0.032143 0.052381
4 0.432500 0.459524 0.020714 0.037143
5 0.201429 0.376667 0.032857 0.020000
5 0.313571 0.347143 0.037143 0.023810
4 0.217857 0.367143 0.030000 0.018095
5 0.321786 0.275714 0.025000 0.014286
6 0.427143 0.329048 0.032857 0.061905
6 0.462143 0.225238 0.020000 0.016190
6 0.571786 0.452381 0.013571 0.034286
6 0.333929 0.462381 0.017857 0.027619
4 0.051429 0.842857 0.071429 0.104762
1 0.029286 0.815238 0.020000 0.028571
1 0.186071 0.729524 0.007857 0.026667
10 0.262857 0.542857 0.007143 0.024762
10 0.350000 0.540000 0.010000 0.026667
10 0.256071 0.541905 0.006429 0.020952
2 0.347143 0.537143 0.007143 0.019048
2 0.538214 0.284762 0.003571 0.007619
2 0.471429 0.297143 0.004286 0.007619
2 0.460714 0.349048 0.004286 0.008571
2 0.463214 0.348095 0.005000 0.010476
10 0.471071 0.301429 0.003571 0.008571
10 0.541786 0.295714 0.009286 0.008571
10 0.538214 0.286667 0.007857 0.007619
10 0.460000 0.353810 0.008571 0.012381
10 0.351071 0.542381 0.010714 0.020000
1 0.335357 0.451905 0.005000 0.014286
1 0.572500 0.425238 0.005000 0.018095
1 0.586429 0.420000 0.004286 0.019048
9 0.500714 0.251429 0.018571 0.030476
5 0.508214 0.229524 0.010714 0.011429
4 0.513929 0.235238 0.007857 0.009524
0 0.623571 0.193810 0.015714 0.018095
0 0.591429 0.192857 0.015714 0.012381
1 0.626071 0.215714 0.003571 0.010476
1 0.596429 0.207619 0.001429 0.009524
1 0.607143 0.195238 0.002857 0.009524
1 0.611071 0.195238 0.003571 0.011429
1 0.614643 0.195714 0.002143 0.008571
0 0.578571 0.144762 0.031429 0.020952
6 0.794286 0.440000 0.024286 0.032381
6 0.825000 0.514762 0.077143 0.124762
6 0.754643 0.375714 0.022143 0.033333
6 0.806429 0.254762 0.042857 0.037143
5 0.736786 0.251429 0.015000 0.011429
4 0.769643 0.242857 0.013571 0.009524
4 0.760357 0.276190 0.013571 0.009524
6 0.715000 0.286190 0.017143 0.018095
7 0.682500 0.255714 0.012143 0.012381
4 0.360000 0.256667 0.017143 0.010476
4 0.385357 0.274762 0.020714 0.010476
4 0.392143 0.269524 0.015714 0.009524
4 0.398214 0.260952 0.020714 0.013333
4 0.393214 0.257143 0.017857 0.011429
4 0.407500 0.256190 0.016429 0.013333
4 0.416429 0.212857 0.012857 0.008571
4 0.443571 0.196190 0.010000 0.007619
4 0.463929 0.204762 0.012143 0.007619
4 0.465357 0.202381 0.012143 0.008571
6 0.411429 0.250952 0.017143 0.014286
6 0.433214 0.253810 0.029286 0.018095
6 0.420357 0.276190 0.046429 0.030476
1 0.343571 0.268571 0.002857 0.009524
10 0.180714 0.385238 0.010000 0.012381
