5 0.268929 0.761429 0.020714 0.039048
6 0.286786 0.769524 0.017857 0.043810
4 0.304286 0.769048 0.015714 0.031429
4 0.476071 0.443333 0.003571 0.010476
4 0.240357 0.634286 0.013571 0.026667
4 0.283929 0.626667 0.012143 0.028571
5 0.483214 0.561905 0.010714 0.020952
10 0.472857 0.653333 0.005714 0.013333
10 0.536429 0.635714 0.010000 0.014286
6 0.981429 0.663333 0.037143 0.033333
6 0.992500 0.684762 0.015000 0.036190
6 0.882143 0.633810 0.061429 0.065714
6 0.701071 0.387143 0.015000 0.012381
10 0.610000 0.671905 0.011429 0.008571
2 0.536071 0.634286 0.005000 0.009524
2 0.472500 0.651429 0.003571 0.009524
