10 0.504286 0.938452 0.008571 0.021574
5 0.516071 0.904188 0.023571 0.052030
4 0.473571 0.835660 0.021429 0.046954
5 0.468929 0.763959 0.020714 0.048223
5 0.435000 0.730964 0.021429 0.048223
4 0.430357 0.648477 0.019286 0.043147
4 0.396429 0.637690 0.020000 0.039340
4 0.383214 0.510152 0.020714 0.045685
4 0.321786 0.430838 0.019286 0.041878
4 0.284643 0.323604 0.019286 0.040609
4 0.321786 0.240482 0.019286 0.041878
4 0.362143 0.304569 0.017143 0.038071
4 0.369643 0.274112 0.017857 0.040609
4 0.380714 0.258883 0.020000 0.043147
10 0.236786 0.137690 0.007857 0.016497
1 0.187143 0.185279 0.008571 0.012690
1 0.183929 0.186548 0.007857 0.012690
1 0.168214 0.137056 0.006429 0.010152
1 0.164286 0.129442 0.005714 0.010152
1 0.224286 0.281726 0.004286 0.012690
1 0.221786 0.284264 0.006429 0.012690
1 0.219286 0.285533 0.007143 0.010152
1 0.213571 0.227792 0.007143 0.011421
4 0.465357 0.447335 0.022143 0.041878
6 0.587143 0.487944 0.078571 0.100254
4 0.533571 0.485406 0.024286 0.034264
4 0.560357 0.455584 0.025000 0.035533
6 0.511429 0.437183 0.035714 0.054569
9 0.541071 0.437183 0.053571 0.077411
9 0.563571 0.377538 0.062857 0.087563
9 0.646429 0.322335 0.064286 0.086294
6 0.591429 0.383249 0.037143 0.055838
4 0.890000 0.614848 0.018571 0.034264
4 0.896786 0.593909 0.022143 0.040609
4 0.907857 0.585660 0.022857 0.044416
9 0.859286 0.123096 0.041429 0.058376
4 0.922143 0.017132 0.027143 0.034264
1 0.394286 0.795685 0.005714 0.010152
1 0.550357 0.555838 0.003571 0.017766
1 0.380000 0.964467 0.005714 0.012690
