4 0.449286 0.936667 0.054286 0.075238
4 0.368571 0.932857 0.067143 0.075238
1 0.285000 0.963810 0.014286 0.049524
1 0.273929 0.968095 0.016429 0.056190
1 0.546071 0.816667 0.009286 0.037143
1 0.554643 0.802381 0.007857 0.035238
1 0.190000 0.748095 0.007143 0.027619
1 0.593214 0.664762 0.005000 0.015238
1 0.608214 0.647619 0.005000 0.017143
1 0.512143 0.642381 0.004286 0.018095
1 0.425714 0.614762 0.004286 0.014286
1 0.366786 0.599524 0.005000 0.010476
1 0.331786 0.565238 0.003571 0.008571
1 0.333929 0.565238 0.003571 0.010476
4 0.013214 0.823810 0.026429 0.041905
1 0.919643 0.722857 0.009286 0.022857
1 0.935000 0.724762 0.008571 0.024762
1 0.856429 0.591429 0.004286 0.013333
