4 0.169286 0.055238 0.035714 0.022857
4 0.314286 0.031905 0.032857 0.021905
3 0.406429 0.010000 0.008571 0.008571
1 0.405714 0.007143 0.004286 0.014286
4 0.452500 0.984286 0.060714 0.029524
1 0.538214 0.852857 0.006429 0.027619
1 0.580357 0.817143 0.009286 0.022857
1 0.542500 0.830000 0.012143 0.021905
5 0.863929 0.888095 0.096429 0.117143
4 0.745000 0.716667 0.058571 0.065714
8 0.702857 0.747143 0.048571 0.048571
10 0.665357 0.778095 0.036429 0.026667
1 0.764643 0.739524 0.013571 0.023810
1 0.759643 0.734762 0.009286 0.016190
4 0.974643 0.652857 0.050714 0.075238
8 0.892500 0.568095 0.027857 0.056190
1 0.795000 0.652381 0.011429 0.024762
2 0.851429 0.631905 0.011429 0.018095
2 0.827143 0.602857 0.010000 0.019048
2 0.822143 0.591429 0.011429 0.017143
2 0.813214 0.606190 0.009286 0.018095
2 0.787500 0.565714 0.012143 0.020952
2 0.793214 0.558571 0.007857 0.023810
8 0.780714 0.592381 0.035714 0.022857
8 0.942143 0.493810 0.028571 0.037143
8 0.988214 0.499524 0.023571 0.023810
8 0.981429 0.445238 0.037143 0.046667
8 0.976786 0.396190 0.046429 0.060952
1 0.819643 0.556667 0.013571 0.021905
1 0.850714 0.552857 0.017143 0.023810
1 0.880000 0.534762 0.018571 0.023810
1 0.834286 0.529048 0.012857 0.027619
1 0.823929 0.549048 0.010714 0.021905
1 0.990714 0.493333 0.014286 0.022857
1 0.992500 0.514762 0.015000 0.021905
2 0.927143 0.476667 0.012857 0.021905
1 0.919286 0.439524 0.014286 0.025714
2 0.912857 0.422857 0.011429 0.019048
1 0.893571 0.404762 0.011429 0.020952
10 0.684643 0.442381 0.019286 0.018095
1 0.662500 0.348095 0.007857 0.025714
1 0.684286 0.189048 0.004286 0.020000
1 0.703571 0.182857 0.007143 0.020952
6 0.697500 0.164762 0.047857 0.047619
5 0.770714 0.124286 0.030000 0.037143
5 0.847143 0.102857 0.028571 0.032381
5 0.982500 0.132857 0.035000 0.027619
4 0.991429 0.128095 0.017143 0.027619
4 0.943929 0.146667 0.045000 0.041905
1 0.960000 0.148095 0.004286 0.023810
10 0.955357 0.357619 0.017857 0.021905
2 0.958571 0.352857 0.014286 0.012381
8 0.848929 0.290952 0.037857 0.054286
10 0.854643 0.332857 0.012143 0.020000
10 0.811071 0.268571 0.013571 0.022857
8 0.766429 0.238571 0.032857 0.037143
1 0.826429 0.288571 0.008571 0.020952
1 0.831071 0.294286 0.006429 0.017143
1 0.839643 0.253810 0.007857 0.021905
1 0.945714 0.241905 0.007143 0.020952
1 0.990000 0.276190 0.008571 0.017143
1 0.836429 0.236667 0.007143 0.020000
1 0.798571 0.227619 0.007143 0.019048
1 0.734643 0.187143 0.006429 0.020000
1 0.770000 0.191905 0.007143 0.020000
1 0.762857 0.179048 0.007143 0.017143
1 0.764286 0.188571 0.005714 0.017143
1 0.762857 0.194762 0.007143 0.018095
2 0.781786 0.190952 0.006429 0.018095
1 0.809286 0.204762 0.005714 0.017143
5 0.887857 0.084762 0.038571 0.038095
5 0.913214 0.075238 0.029286 0.032381
4 0.900357 0.084762 0.032143 0.028571
4 0.938214 0.073333 0.035000 0.028571
4 0.958929 0.060000 0.032143 0.028571
4 0.992857 0.037619 0.014286 0.023810
