4 0.597750 0.455667 0.140500 0.176667
4 0.822000 0.328333 0.095000 0.095333
4 0.954000 0.254000 0.071000 0.082667
1 0.259500 0.913333 0.041000 0.072000
1 0.249500 0.923333 0.041000 0.072000
1 0.251750 0.865667 0.041500 0.048667
1 0.063500 0.734667 0.075000 0.065333
1 0.277500 0.604000 0.026000 0.056000
1 0.265750 0.578667 0.026500 0.064000
1 0.281250 0.504000 0.047500 0.077333
2 0.341250 0.501667 0.027500 0.032667
1 0.435000 0.514667 0.033000 0.066667
1 0.435500 0.451667 0.026000 0.070000
1 0.483750 0.438333 0.024500 0.067333
1 0.627000 0.531667 0.028000 0.071333
1 0.647000 0.531333 0.022000 0.054667
1 0.737000 0.759667 0.040000 0.078000
1 0.693250 0.640000 0.031500 0.076000
1 0.721750 0.652000 0.031500 0.076000
1 0.728000 0.590333 0.036000 0.075333
10 0.412500 0.497000 0.059000 0.055333
2 0.717500 0.328000 0.023000 0.054667
2 0.704250 0.516000 0.023500 0.054667
10 0.717000 0.346333 0.037000 0.048667
10 0.700250 0.531667 0.040500 0.078000
1 0.762750 0.584000 0.026500 0.068000
4 0.204500 0.827333 0.074000 0.077333
1 0.841500 0.666000 0.035000 0.054667
1 0.841000 0.557667 0.023000 0.066000
1 0.854500 0.553333 0.024000 0.057333
10 0.825000 0.569000 0.021000 0.060667
1 0.776250 0.548667 0.028500 0.065333
1 0.784750 0.523333 0.035500 0.064000
10 0.772000 0.533000 0.028000 0.064667
1 0.839500 0.486333 0.035000 0.059333
2 0.778000 0.484333 0.035000 0.060667
2 0.788750 0.475667 0.013500 0.024667
10 0.483500 0.430000 0.048000 0.053333
10 0.492250 0.395667 0.032500 0.062000
7 0.557750 0.341667 0.057500 0.056667
1 0.735250 0.272333 0.018500 0.051333
2 0.764750 0.282000 0.013500 0.021333
2 0.781250 0.261333 0.023500 0.046667
2 0.779500 0.261333 0.013000 0.025333
1 0.751750 0.243333 0.019500 0.052000
1 0.828750 0.242667 0.022500 0.052000
1 0.835000 0.238000 0.015000 0.046667
1 0.790250 0.193667 0.018500 0.048667
3 0.818500 0.188667 0.022000 0.036000
10 0.861750 0.198667 0.026500 0.044000
2 0.912000 0.389000 0.031000 0.054000
10 0.905750 0.397667 0.048500 0.051333
2 0.958000 0.459333 0.042000 0.046667
10 0.890500 0.169333 0.030000 0.032000
1 0.934250 0.175000 0.027500 0.046000
1 0.966750 0.162000 0.028500 0.052000
1 0.948250 0.147667 0.021500 0.048667
1 0.927750 0.126667 0.026500 0.052000
3 0.934000 0.101000 0.025000 0.038000
1 0.980250 0.076333 0.013500 0.030000
1 0.987500 0.070000 0.014000 0.034667
1 0.994000 0.069333 0.012000 0.042667
