4 0.103929 0.333333 0.047857 0.024762
4 0.094286 0.282857 0.041429 0.017143
4 0.116071 0.308571 0.052143 0.022857
4 0.169643 0.334762 0.047857 0.016190
4 0.169643 0.323333 0.046429 0.018095
4 0.308571 0.916667 0.052857 0.145714
5 0.045714 0.327619 0.047143 0.028571
10 0.063214 0.378095 0.023571 0.013333
10 0.062857 0.370000 0.021429 0.010476
10 0.093929 0.371429 0.022143 0.017143
10 0.141786 0.379524 0.017857 0.012381
10 0.114286 0.372857 0.018571 0.014286
8 0.219643 0.389048 0.039286 0.018095
8 0.182500 0.377619 0.039286 0.020000
2 0.062143 0.364762 0.008571 0.019048
2 0.091786 0.364762 0.007857 0.015238
2 0.116071 0.362857 0.007857 0.017143
2 0.140000 0.363333 0.010000 0.025714
2 0.224286 0.379048 0.008571 0.017143
2 0.174643 0.367619 0.012143 0.020952
1 0.235714 0.422381 0.005714 0.025714
1 0.169286 0.500000 0.008571 0.038095
1 0.158929 0.497143 0.007857 0.034286
10 0.534286 0.845238 0.034286 0.031429
2 0.530000 0.831429 0.020000 0.041905
4 0.525357 0.547619 0.029286 0.055238
4 0.518214 0.482381 0.026429 0.042857
4 0.548929 0.331429 0.040714 0.028571
4 0.418571 0.163333 0.012857 0.012381
4 0.425357 0.137619 0.007857 0.010476
4 0.416429 0.125238 0.008571 0.010476
4 0.430357 0.260000 0.012143 0.017143
4 0.398929 0.164762 0.013571 0.015238
4 0.423214 0.099048 0.007857 0.009524
4 0.426786 0.075238 0.006429 0.007619
4 0.430357 0.087143 0.006429 0.006667
4 0.433214 0.074762 0.003571 0.008571
4 0.431071 0.065714 0.005000 0.005714
5 0.432857 0.241429 0.014286 0.020000
5 0.431071 0.277619 0.017857 0.027619
4 0.411786 0.227143 0.012143 0.016190
4 0.451071 0.297143 0.029286 0.022857
4 0.411071 0.243333 0.013571 0.016190
4 0.399286 0.178571 0.012857 0.014286
4 0.423214 0.108571 0.010714 0.011429
4 0.430357 0.093810 0.006429 0.006667
4 0.425357 0.082381 0.006429 0.006667
5 0.501429 0.310476 0.035714 0.030476
4 0.736071 0.320000 0.042143 0.020952
4 0.818571 0.319524 0.041429 0.023810
4 0.665714 0.342381 0.045714 0.027619
4 0.697143 0.330000 0.042857 0.020000
4 0.683929 0.318571 0.039286 0.020000
4 0.815000 0.345714 0.051429 0.024762
4 0.919286 0.342381 0.044286 0.027619
1 0.803929 0.849524 0.016429 0.053333
0 0.432857 0.056190 0.010000 0.011429
0 0.433929 0.042857 0.006429 0.011429
4 0.421429 0.066190 0.004286 0.004762
4 0.415000 0.083333 0.005714 0.006667
4 0.417500 0.074762 0.006429 0.006667
4 0.422857 0.060000 0.005714 0.003810
0 0.437500 0.029048 0.006429 0.014286
1 0.382857 0.174762 0.004286 0.014286
4 0.456786 0.061905 0.005000 0.003810
4 0.460357 0.050476 0.003571 0.003810
4 0.455357 0.053810 0.003571 0.002857
4 0.456786 0.058095 0.003571 0.003810
4 0.454643 0.049048 0.005000 0.004762
4 0.456429 0.041429 0.002857 0.004762
4 0.452143 0.039048 0.002857 0.003810
4 0.457500 0.046667 0.003571 0.003810
4 0.455714 0.036667 0.002857 0.002857
4 0.452857 0.034286 0.002857 0.003810
4 0.454643 0.032857 0.003571 0.002857
4 0.452143 0.029524 0.004286 0.003810
4 0.452857 0.025238 0.002857 0.002857
0 0.451429 0.016667 0.002857 0.014286
0 0.437857 0.017619 0.005714 0.004762
4 0.461071 0.057143 0.003571 0.005714
4 0.456429 0.058095 0.004286 0.003810
10 0.575357 0.440000 0.010714 0.022857
10 0.592143 0.435238 0.008571 0.024762
2 0.577143 0.436190 0.007143 0.013333
2 0.592857 0.429048 0.005714 0.010476
10 0.769643 0.378571 0.045000 0.025714
2 0.771786 0.370952 0.012143 0.014286
