0 0.276786 0.246193 0.133571 0.101523
0 0.256429 0.137690 0.054286 0.102792
6 0.270357 0.055838 0.033571 0.022843
0 0.317143 0.062817 0.045714 0.019036
4 0.297500 0.333756 0.029286 0.025381
4 0.357143 0.312817 0.020000 0.024112
4 0.395000 0.288071 0.010000 0.022843
4 0.416786 0.264594 0.009286 0.021574
4 0.395000 0.251269 0.008571 0.020305
5 0.456786 0.336929 0.027857 0.021574
1 0.431429 0.353426 0.007143 0.019036
1 0.428571 0.270939 0.004286 0.011421
1 0.438214 0.260787 0.006429 0.016497
1 0.470357 0.296320 0.005000 0.019036
1 0.417857 0.217005 0.008571 0.015228
5 0.421786 0.179569 0.010714 0.024112
6 0.418214 0.130076 0.007857 0.024112
0 0.437143 0.142766 0.021429 0.044416
0 0.413214 0.088832 0.025000 0.045685
4 0.513571 0.335025 0.025714 0.017766
4 0.529643 0.314086 0.026429 0.019036
4 0.600714 0.321701 0.022857 0.019036
4 0.670357 0.320431 0.026429 0.021574
4 0.703571 0.320431 0.021429 0.019036
1 0.661429 0.277919 0.008571 0.015228
5 0.047857 0.569797 0.037143 0.040609
5 0.067500 0.619289 0.022143 0.045685
5 0.053214 0.670685 0.022143 0.036802
0 0.033929 0.754442 0.047857 0.118020
4 0.957857 0.887690 0.051429 0.077411
10 0.866429 0.449239 0.011429 0.027919
4 0.947500 0.329315 0.016429 0.024112
4 0.880714 0.279822 0.018571 0.019036
5 0.807857 0.284898 0.025714 0.024112
5 0.927500 0.246193 0.012143 0.020305
4 0.946786 0.265863 0.013571 0.019036
4 0.946429 0.246193 0.010000 0.012690
9 0.943571 0.202411 0.022857 0.054569
0 0.913214 0.061548 0.052143 0.049492
4 0.960714 0.174492 0.012857 0.016497
4 0.947143 0.171954 0.011429 0.019036
4 0.923929 0.197970 0.015000 0.017766
4 0.927143 0.194797 0.014286 0.016497
4 0.902857 0.190355 0.011429 0.012690
4 0.887500 0.178934 0.015000 0.015228
5 0.909286 0.179569 0.015714 0.019036
9 0.890714 0.157995 0.028571 0.039340
1 0.875000 0.205584 0.002857 0.012690
4 0.637857 0.323604 0.025714 0.020305
1 0.642500 0.371193 0.003571 0.016497
1 0.646429 0.372462 0.005714 0.016497
2 0.496786 0.385787 0.005000 0.012690
2 0.500357 0.387056 0.006429 0.015228
