4 0.433929 0.887056 0.022143 0.045685
4 0.410357 0.703680 0.012143 0.036802
4 0.402143 0.795685 0.014286 0.038071
4 0.474643 0.729695 0.012143 0.038071
4 0.480357 0.637056 0.010714 0.032995
4 0.435000 0.603426 0.010000 0.024112
4 0.471071 0.473350 0.007857 0.022843
4 0.442143 0.405457 0.007143 0.019036
4 0.517500 0.378173 0.007857 0.020305
4 0.478929 0.293147 0.009286 0.017766
4 0.444286 0.325508 0.005714 0.011421
4 0.453929 0.335660 0.006429 0.013959
4 0.292143 0.298858 0.015714 0.013959
4 0.389643 0.950508 0.016429 0.045685
5 0.426786 0.769670 0.012143 0.031726
5 0.466071 0.592640 0.009286 0.032995
5 0.426429 0.500635 0.010000 0.024112
5 0.441071 0.463832 0.007857 0.021574
5 0.443214 0.347081 0.006429 0.019036
4 0.477857 0.371827 0.008571 0.022843
5 0.515714 0.331218 0.007143 0.022843
9 0.431071 0.378173 0.012143 0.055838
9 0.452857 0.373731 0.012857 0.062183
4 0.397857 0.314086 0.011429 0.016497
4 0.460357 0.225254 0.013571 0.008883
4 0.523571 0.219543 0.011429 0.010152
6 0.475000 0.234137 0.024286 0.024112
5 0.336429 0.097716 0.010000 0.017766
5 0.331429 0.111041 0.004286 0.008883
4 0.341429 0.087563 0.004286 0.010152
4 0.342143 0.082487 0.005714 0.012690
4 0.345357 0.076142 0.006429 0.007614
4 0.748929 0.732234 0.015000 0.038071
4 0.732857 0.660533 0.012857 0.029188
4 0.725714 0.631345 0.014286 0.029188
4 0.726786 0.228426 0.016429 0.012690
5 0.715357 0.220812 0.015000 0.012690
9 0.733929 0.123096 0.009286 0.020305
5 0.732857 0.103426 0.005714 0.013959
1 0.879643 0.791244 0.003571 0.013959
1 0.876786 0.786802 0.003571 0.010152
1 0.939286 0.847716 0.004286 0.017766
1 0.943214 0.852157 0.006429 0.019036
1 0.354643 0.977792 0.003571 0.016497
