4 0.217857 0.742381 0.067143 0.172381
4 0.239286 0.544762 0.058571 0.144762
4 0.365000 0.487619 0.055714 0.156190
4 0.265714 0.217619 0.054286 0.117143
1 0.062143 0.491429 0.035714 0.028571
2 0.308214 0.330952 0.019286 0.031429
3 0.308929 0.339524 0.013571 0.052381
3 0.013571 0.534762 0.027143 0.014286
4 0.761429 0.874762 0.064286 0.180000
4 0.745000 0.659524 0.060000 0.151429
4 0.729643 0.480000 0.059286 0.144762
4 0.806429 0.566190 0.061429 0.162857
5 0.825357 0.732381 0.065000 0.140952
4 0.970357 0.415714 0.059286 0.069524
1 0.785000 0.340476 0.022857 0.035238
1 0.800357 0.334286 0.017857 0.036190
1 0.899643 0.764286 0.030714 0.021905
2 0.673214 0.614286 0.019286 0.028571
3 0.672500 0.615238 0.013571 0.059048
4 0.197143 0.937143 0.082857 0.123810
