4 0.338500 0.865667 0.069000 0.138000
5 0.566250 0.834667 0.072500 0.110667
4 0.396000 0.593000 0.043000 0.064667
4 0.362500 0.516333 0.025000 0.043333
4 0.484250 0.539333 0.039500 0.044000
4 0.387250 0.415000 0.021500 0.036667
4 0.376000 0.363667 0.013000 0.020667
1 0.200250 0.816333 0.016500 0.062000
6 0.050250 0.856667 0.097500 0.126667
4 0.480250 0.304000 0.021500 0.012000
1 0.471000 0.316000 0.003000 0.010667
3 0.471250 0.318667 0.006500 0.006667
6 0.411750 0.321667 0.013500 0.018000
6 0.391250 0.312667 0.022500 0.016000
7 0.364250 0.306667 0.006500 0.012000
4 0.427750 0.306667 0.017500 0.010667
4 0.438750 0.300667 0.017500 0.012000
6 0.366750 0.288333 0.009500 0.018000
2 0.457000 0.320333 0.003000 0.010000
3 0.456250 0.324333 0.003500 0.008667
4 0.392250 0.298667 0.008500 0.009333
4 0.403000 0.296333 0.012000 0.012667
2 0.403000 0.302000 0.007000 0.009333
3 0.402500 0.303000 0.006000 0.006000
4 0.385250 0.292333 0.008500 0.010000
6 0.377500 0.286667 0.013000 0.018667
4 0.403000 0.283667 0.009000 0.007333
4 0.377000 0.277333 0.023000 0.006667
5 0.397500 0.254000 0.008000 0.012000
4 0.411750 0.259000 0.012500 0.007333
4 0.401000 0.261000 0.007000 0.004667
1 0.383750 0.261667 0.003500 0.007333
6 0.377500 0.235000 0.006000 0.011333
4 0.391250 0.245333 0.004500 0.006667
4 0.381000 0.248667 0.006000 0.006667
0 0.372250 0.257333 0.007500 0.036000
4 0.382000 0.270667 0.006000 0.008000
4 0.379500 0.272667 0.005000 0.009333
0 0.391000 0.226667 0.024000 0.025333
4 0.425250 0.259667 0.009500 0.007333
5 0.057000 0.511000 0.059000 0.026000
4 0.091000 0.481667 0.045000 0.024667
4 0.108750 0.468333 0.049500 0.023333
4 0.116000 0.454667 0.036000 0.018667
4 0.129750 0.442333 0.040500 0.014000
4 0.072250 0.425000 0.029500 0.026000
4 0.090500 0.400333 0.027000 0.026000
1 0.116250 0.426000 0.009500 0.024000
4 0.081250 0.387000 0.036500 0.016667
4 0.122250 0.370667 0.028500 0.017333
10 0.174250 0.344333 0.005500 0.011333
8 0.180250 0.346333 0.008500 0.015333
10 0.051000 0.431000 0.011000 0.014000
10 0.036000 0.442333 0.019000 0.011333
4 0.194000 0.323000 0.019000 0.016667
4 0.238250 0.337000 0.040500 0.031333
2 0.226250 0.302667 0.004500 0.010667
3 0.225000 0.304333 0.008000 0.006000
2 0.206000 0.318667 0.006000 0.013333
10 0.205500 0.322667 0.004000 0.010667
3 0.104000 0.376667 0.015000 0.016000
3 0.087750 0.376000 0.013500 0.013333
0 0.363750 0.248667 0.005500 0.009333
2 0.365500 0.269667 0.003000 0.004667
10 0.365750 0.271333 0.001500 0.004000
1 0.403250 0.247667 0.002500 0.006000
