4 0.358571 0.730000 0.081429 0.096190
4 0.234643 0.639524 0.079286 0.046667
4 0.122857 0.637619 0.091429 0.044762
5 0.155714 0.581429 0.092857 0.050476
4 0.240357 0.543333 0.069286 0.042857
4 0.277500 0.494286 0.067857 0.041905
4 0.323929 0.600952 0.070714 0.055238
4 0.393214 0.569048 0.075000 0.054286
4 0.603571 0.594286 0.077143 0.057143
4 0.581786 0.652857 0.083571 0.060000
4 0.601429 0.503810 0.078571 0.041905
4 0.770357 0.622857 0.086429 0.064762
4 0.957857 0.661429 0.084286 0.054286
4 0.493929 0.347143 0.022143 0.040952
4 0.527143 0.353333 0.020000 0.040000
4 0.560357 0.355238 0.020714 0.045714
4 0.493214 0.297619 0.017857 0.039048
4 0.557857 0.307619 0.020000 0.038095
4 0.527500 0.318095 0.020714 0.034286
4 0.498571 0.270000 0.017143 0.033333
4 0.525357 0.283333 0.020714 0.035238
4 0.552857 0.270476 0.018571 0.036190
4 0.524643 0.246667 0.019286 0.032381
4 0.501786 0.239048 0.016429 0.026667
4 0.501786 0.213333 0.016429 0.022857
4 0.503214 0.187619 0.015000 0.028571
4 0.543214 0.177143 0.017857 0.026667
0 0.516429 0.019048 0.031429 0.034286
0 0.420714 0.362857 0.034286 0.135238
4 0.576786 0.069048 0.009286 0.014286
4 0.551786 0.076190 0.012143 0.011429
4 0.565000 0.073810 0.010000 0.010476
4 0.564286 0.066190 0.008571 0.012381
4 0.549643 0.068095 0.010714 0.010476
10 0.600000 0.781429 0.032857 0.020000
10 0.658571 0.769048 0.034286 0.018095
10 0.723214 0.781905 0.035000 0.015238
10 0.797143 0.740952 0.031429 0.019048
10 0.883929 0.770476 0.029286 0.017143
3 0.210357 0.894762 0.016429 0.031429
3 0.181071 0.948095 0.026429 0.060000
2 0.180714 0.939524 0.022857 0.021905
2 0.205714 0.873810 0.020000 0.025714
2 0.241429 0.703333 0.012857 0.023810
10 0.245714 0.708095 0.032857 0.020000
0 0.541429 0.729048 0.035714 0.031429
0 0.661071 0.720000 0.036429 0.032381
0 0.722857 0.727143 0.042857 0.042857
2 0.600000 0.770952 0.011429 0.018095
2 0.660357 0.760952 0.012143 0.019048
2 0.727857 0.774762 0.014286 0.025714
2 0.803214 0.733810 0.015000 0.025714
2 0.885000 0.763333 0.014286 0.018095
2 0.918214 0.745714 0.010714 0.019048
10 0.926786 0.749048 0.029286 0.027619
2 0.916786 0.901429 0.035000 0.023810
1 0.809286 0.803333 0.025714 0.031429
10 0.918929 0.905238 0.022143 0.056190
0 0.980714 0.913810 0.038571 0.172381
4 0.025714 0.631429 0.050000 0.047619
