4 0.224000 0.852667 0.041000 0.100000
4 0.159500 0.589333 0.058000 0.045333
4 0.150500 0.557000 0.074000 0.050000
4 0.131500 0.528000 0.081000 0.074667
4 0.126750 0.479000 0.056500 0.039333
4 0.132750 0.458667 0.051500 0.034667
4 0.287250 0.418333 0.041500 0.024667
5 0.442000 0.749333 0.062000 0.072000
5 0.426500 0.605333 0.046000 0.065333
5 0.500250 0.422667 0.040500 0.030667
5 0.831750 0.423333 0.047500 0.032000
5 0.495000 0.647333 0.046000 0.061333
6 0.529500 0.628333 0.077000 0.088667
6 0.453250 0.582000 0.046500 0.064000
6 0.473250 0.568333 0.041500 0.058000
4 0.489750 0.547000 0.047500 0.059333
4 0.520500 0.526667 0.042000 0.052000
4 0.538000 0.490333 0.038000 0.047333
4 0.591500 0.474333 0.042000 0.051333
4 0.540750 0.596667 0.046500 0.044000
4 0.570500 0.584667 0.045000 0.054667
6 0.598750 0.554333 0.062500 0.070000
6 0.640000 0.518333 0.067000 0.075333
4 0.657500 0.501333 0.060000 0.057333
6 0.686000 0.491000 0.053000 0.048667
4 0.717250 0.421667 0.037500 0.038000
4 0.797750 0.462000 0.062500 0.033333
6 0.436000 0.476667 0.053000 0.052000
4 0.450500 0.408667 0.023000 0.042667
0 0.894000 0.167333 0.206000 0.200000
7 0.098000 0.666000 0.053000 0.046667
0 0.961000 0.351667 0.078000 0.191333
1 0.716000 0.921000 0.022000 0.032667
1 0.186000 0.974667 0.022000 0.032000
0 0.365750 0.387333 0.107500 0.056000
6 0.657250 0.592333 0.073500 0.079333
0 0.640500 0.042000 0.712000 0.069333
