1 0.019833 0.137291 0.008351 0.033395
1 0.037578 0.025974 0.004175 0.018553
1 0.101775 0.034787 0.007307 0.023191
1 0.018789 0.023655 0.006263 0.021336
1 0.083246 0.210575 0.013048 0.037106
1 0.076722 0.209184 0.013570 0.043599
10 0.223121 0.877551 0.028706 0.081633
1 0.422234 0.567718 0.032359 0.120594
1 0.539666 0.558905 0.019833 0.125232
1 0.536534 0.525974 0.031315 0.102041
1 0.508873 0.541280 0.022965 0.114100
1 0.674061 0.559833 0.027662 0.114100
1 0.719207 0.520408 0.032359 0.089054
1 0.643528 0.521336 0.027140 0.105751
1 0.661534 0.491187 0.019311 0.106679
1 0.804280 0.811224 0.029228 0.091837
1 0.846294 0.434601 0.028706 0.112245
