1 0.959643 0.792513 0.006429 0.026650
2 0.963571 0.784264 0.007143 0.017766
1 0.962500 0.785533 0.006429 0.027919
9 0.577143 0.555203 0.038571 0.112944
9 0.622143 0.546320 0.055714 0.095178
4 0.748214 0.421320 0.022143 0.025381
4 0.712500 0.420051 0.022143 0.025381
4 0.768571 0.468274 0.030000 0.030457
4 0.795357 0.487944 0.026429 0.029188
9 0.842143 0.458756 0.047143 0.046954
0 0.773214 0.312183 0.020714 0.060914
4 0.746071 0.287437 0.010714 0.013959
9 0.390000 0.567893 0.072857 0.100254
9 0.322857 0.481599 0.061429 0.085025
9 0.274286 0.430203 0.055714 0.076142
9 0.340000 0.430203 0.045714 0.076142
9 0.378214 0.469543 0.050714 0.086294
9 0.423929 0.487310 0.056429 0.088832
9 0.346071 0.409898 0.042143 0.071066
