4 0.410000 0.227619 0.082857 0.091429
3 0.119643 0.568571 0.010714 0.028571
3 0.161071 0.534286 0.015000 0.041905
3 0.222857 0.577619 0.014286 0.031429
3 0.028929 0.548095 0.005000 0.040952
3 0.062857 0.506667 0.017143 0.053333
3 0.053214 0.505238 0.019286 0.048571
3 0.046429 0.504762 0.018571 0.049524
3 0.032143 0.507143 0.017143 0.050476
3 0.024286 0.507143 0.015714 0.040952
3 0.013214 0.505238 0.022143 0.033333
3 0.006786 0.481429 0.013571 0.027619
5 0.405714 0.945714 0.054286 0.104762
1 0.356429 0.471429 0.014286 0.020952
0 0.521071 0.884762 0.017857 0.022857
1 0.624643 0.984762 0.020714 0.028571
5 0.635357 0.334286 0.059286 0.169524
