4 0.336429 0.883249 0.022857 0.065990
9 0.352500 0.727792 0.036429 0.125635
1 0.162143 0.479695 0.011429 0.017766
9 0.102143 0.401015 0.077143 0.060914
6 0.017857 0.365482 0.035714 0.058376
1 0.266429 0.311548 0.007143 0.021574
1 0.307500 0.233503 0.012143 0.017766
1 0.222500 0.134518 0.010714 0.020305
1 0.427500 0.014594 0.006429 0.029188
1 0.639643 0.048858 0.007857 0.019036
4 0.601786 0.433376 0.046429 0.039340
4 0.599286 0.485406 0.047143 0.039340
4 0.662857 0.499365 0.048571 0.039340
4 0.734643 0.515863 0.047857 0.039340
4 0.811429 0.526650 0.044286 0.038071
9 0.917857 0.518401 0.130000 0.067259
1 0.944643 0.621193 0.012143 0.011421
1 0.993571 0.622462 0.012857 0.013959
10 0.801786 0.250000 0.016429 0.020305
2 0.802857 0.247462 0.007143 0.020305
