2 0.536750 0.353333 0.015500 0.038667
2 0.560250 0.343333 0.013500 0.036000
1 0.590250 0.359667 0.011500 0.042000
10 0.622750 0.403333 0.030500 0.024000
10 0.617500 0.382333 0.030000 0.026000
10 0.691500 0.555000 0.043000 0.043333
10 0.673250 0.534667 0.033500 0.026667
10 0.476500 0.365667 0.012000 0.051333
10 0.570250 0.346667 0.010500 0.041333
10 0.593250 0.368000 0.012500 0.046667
10 0.615500 0.454000 0.033000 0.024000
10 0.629500 0.465333 0.032000 0.022667
10 0.637750 0.481333 0.027500 0.037333
10 0.643500 0.488667 0.032000 0.029333
10 0.649000 0.500333 0.044000 0.030000
10 0.659000 0.515667 0.038000 0.030000
10 0.710750 0.582667 0.043500 0.041333
7 0.652000 0.631667 0.079000 0.062000
1 0.350000 0.726667 0.032000 0.069333
6 0.456000 0.656000 0.153000 0.156000
5 0.564750 0.729667 0.120500 0.212667
5 0.660750 0.905333 0.141500 0.189333
2 0.373000 0.493000 0.018000 0.040667
10 0.378500 0.499333 0.024000 0.066667
2 0.204750 0.791667 0.032500 0.051333
2 0.202750 0.878000 0.031500 0.050667
2 0.203000 0.835667 0.032000 0.032667
2 0.170250 0.820333 0.031500 0.046000
2 0.090750 0.955333 0.039500 0.068000
1 0.112750 0.883667 0.051500 0.058000
2 0.969500 0.915333 0.031000 0.069333
1 0.798750 0.984667 0.037500 0.030667
0 0.588500 0.272667 0.070000 0.085333
10 0.518500 0.404000 0.016000 0.024000
7 0.734500 0.405000 0.052000 0.054000
7 0.697500 0.383667 0.035000 0.047333
7 0.687500 0.364000 0.048000 0.049333
7 0.650000 0.374667 0.035000 0.049333
7 0.618500 0.349667 0.031000 0.048667
7 0.605500 0.326000 0.036000 0.033333
10 0.650500 0.321667 0.023000 0.035333
7 0.668000 0.344333 0.043000 0.043333
7 0.559500 0.391667 0.032000 0.048667
4 0.381250 0.053667 0.042500 0.023333
4 0.370000 0.037333 0.034000 0.029333
6 0.307500 0.015333 0.065000 0.030667
4 0.173000 0.017333 0.036000 0.025333
4 0.178250 0.048000 0.041500 0.022667
4 0.174500 0.035333 0.040000 0.024000
