3 0.250357 0.017143 0.023571 0.017143
1 0.290000 0.038571 0.012857 0.025714
1 0.297143 0.034286 0.012857 0.030476
4 0.337143 0.024762 0.027143 0.049524
4 0.393929 0.022381 0.032143 0.044762
5 0.393214 0.101905 0.032143 0.091429
4 0.533929 0.086190 0.032143 0.098095
4 0.534643 0.213810 0.035000 0.100000
4 0.393214 0.229524 0.035000 0.089524
4 0.542500 0.449524 0.033571 0.106667
4 0.545357 0.952857 0.032143 0.092381
4 0.547500 0.810476 0.037857 0.116190
5 0.543571 0.666190 0.037143 0.117143
4 0.454286 0.690000 0.028571 0.143810
4 0.393214 0.954762 0.036429 0.088571
4 0.308571 0.971429 0.041429 0.055238
0 0.212143 0.985238 0.017143 0.027619
4 0.393571 0.721429 0.034286 0.113333
5 0.294643 0.758571 0.036429 0.103810
4 0.390357 0.594286 0.036429 0.108571
4 0.395000 0.471429 0.035714 0.108571
4 0.302857 0.503333 0.037143 0.103810
1 0.315357 0.067143 0.009286 0.021905
1 0.321429 0.120000 0.011429 0.028571
10 0.274643 0.186190 0.025000 0.018095
10 0.246786 0.179524 0.026429 0.021905
10 0.256786 0.165714 0.025000 0.024762
10 0.246429 0.152857 0.030000 0.016190
10 0.238929 0.380000 0.029286 0.019048
10 0.237857 0.391429 0.021429 0.017143
10 0.236071 0.452381 0.025000 0.020952
10 0.239286 0.470952 0.025714 0.018095
10 0.237143 0.490000 0.027143 0.012381
10 0.237857 0.504762 0.027143 0.017143
1 0.282143 0.634762 0.012857 0.020000
