1 0.236429 0.435714 0.015714 0.048571
1 0.254286 0.437619 0.011429 0.042857
1 0.262500 0.438095 0.012143 0.045714
6 0.098214 0.260000 0.052143 0.032381
6 0.135714 0.261429 0.034286 0.031429
6 0.197857 0.255238 0.021429 0.024762
6 0.233929 0.253333 0.017857 0.022857
0 0.284286 0.273333 0.032857 0.009524
0 0.329286 0.560476 0.050000 0.033333
0 0.337143 0.538571 0.040000 0.029524
0 0.347857 0.521429 0.032857 0.031429
3 0.359643 0.506667 0.036429 0.034286
3 0.428929 0.608571 0.047857 0.030476
3 0.431786 0.569048 0.043571 0.023810
3 0.443571 0.533333 0.038571 0.038095
10 0.438214 0.508095 0.039286 0.033333
10 0.452500 0.441905 0.029286 0.026667
10 0.456071 0.408571 0.029286 0.024762
1 0.481071 0.354762 0.007857 0.023810
1 0.496071 0.362381 0.007857 0.023810
1 0.516429 0.356190 0.007143 0.026667
1 0.520000 0.358571 0.005714 0.023810
1 0.529286 0.354286 0.007143 0.024762
1 0.541786 0.325238 0.005000 0.018095
1 0.535357 0.471429 0.015000 0.047619
1 0.574643 0.463810 0.009286 0.043810
1 0.590714 0.463810 0.008571 0.043810
1 0.608571 0.523810 0.011429 0.053333
1 0.625000 0.510000 0.012857 0.058095
1 0.652857 0.524286 0.015714 0.054286
1 0.678214 0.540000 0.015000 0.055238
1 0.668571 0.508095 0.010000 0.046667
1 0.677857 0.508095 0.012857 0.042857
1 0.658929 0.499048 0.012143 0.049524
1 0.654286 0.481429 0.014286 0.046667
1 0.662857 0.471905 0.008571 0.048571
1 0.639643 0.443333 0.016429 0.037143
10 0.619286 0.437619 0.010000 0.027619
10 0.579286 0.375714 0.020000 0.021905
4 0.521786 0.309048 0.030714 0.016190
6 0.522143 0.297143 0.040000 0.019048
4 0.456071 0.297619 0.027857 0.012381
