4 0.375000 0.387755 0.052714 0.059369
4 0.337944 0.339981 0.053758 0.054731
4 0.504958 0.192950 0.042276 0.051948
4 0.491649 0.159555 0.046973 0.055659
4 0.631002 0.130334 0.043841 0.052876
4 0.581681 0.087199 0.040188 0.048237
4 0.074374 0.685065 0.068372 0.075139
4 0.177975 0.777829 0.042797 0.058442
4 0.239562 0.221707 0.048017 0.055659
4 0.621608 0.096011 0.039666 0.052876
1 0.401096 0.633117 0.009916 0.023191
1 0.116649 0.905844 0.015136 0.021336
1 0.110125 0.968924 0.016701 0.026902
1 0.395355 0.632653 0.010960 0.024119
10 0.150313 0.344620 0.017745 0.021336
10 0.185021 0.312616 0.017223 0.020408
10 0.249739 0.277365 0.017223 0.022263
10 0.271138 0.243506 0.017223 0.019481
10 0.282620 0.250928 0.016180 0.019481
10 0.132568 0.265770 0.017745 0.019481
10 0.482255 0.481911 0.014614 0.021336
10 0.559238 0.020872 0.012004 0.023191
10 0.498173 0.067718 0.012004 0.018553
10 0.499478 0.030612 0.013570 0.020408
10 0.344207 0.184137 0.014092 0.021336
10 0.426670 0.118275 0.014092 0.019481
2 0.132307 0.258349 0.008873 0.023191
2 0.149008 0.340445 0.010960 0.022263
2 0.184238 0.307050 0.008351 0.018553
2 0.219207 0.275046 0.010438 0.021336
2 0.248434 0.272263 0.008351 0.017625
2 0.269050 0.237941 0.006785 0.019481
2 0.281315 0.247681 0.010438 0.018553
2 0.343685 0.176716 0.008873 0.019481
2 0.426670 0.112709 0.006785 0.019481
2 0.430324 0.111781 0.005741 0.017625
2 0.497651 0.059833 0.006785 0.017625
2 0.501566 0.060297 0.004175 0.018553
4 0.344207 0.146104 0.041232 0.045455
4 0.385699 0.116419 0.036534 0.054731
2 0.482255 0.478664 0.011482 0.016698
0 0.857255 0.335807 0.071503 0.063080
9 0.358299 0.250000 0.085073 0.108534
1 0.513048 0.031540 0.008351 0.025974
