6 0.030000 0.964762 0.058571 0.070476
4 0.759643 0.940952 0.063571 0.051429
4 0.753929 0.897143 0.062143 0.043810
4 0.933929 0.943333 0.075000 0.056190
4 0.876786 0.796667 0.057857 0.037143
6 0.848929 0.734286 0.062143 0.032381
6 0.781071 0.600952 0.069286 0.049524
5 0.748214 0.475714 0.033571 0.025714
4 0.590714 0.300476 0.024286 0.016190
4 0.586429 0.288095 0.024286 0.014286
4 0.641429 0.257143 0.020000 0.015238
4 0.542143 0.163333 0.007143 0.014286
4 0.540000 0.155714 0.008571 0.012381
4 0.546429 0.148571 0.008571 0.013333
6 0.557500 0.184286 0.026429 0.025714
4 0.293929 0.420476 0.032143 0.021905
4 0.305357 0.403810 0.030714 0.019048
4 0.295000 0.321905 0.027143 0.015238
4 0.297857 0.312857 0.024286 0.012381
4 0.328571 0.297619 0.012857 0.021905
4 0.256786 0.298571 0.015000 0.021905
5 0.291786 0.264286 0.025000 0.018095
6 0.311429 0.294762 0.014286 0.031429
4 0.240000 0.360952 0.035714 0.019048
4 0.315714 0.187619 0.018571 0.013333
4 0.317857 0.181905 0.017143 0.011429
4 0.325357 0.117143 0.006429 0.009524
4 0.305357 0.153810 0.009286 0.016190
4 0.320357 0.173810 0.016429 0.014286
4 0.345357 0.079048 0.006429 0.009524
4 0.352143 0.068571 0.007143 0.007619
4 0.422857 0.115238 0.010000 0.009524
4 0.435000 0.213810 0.007143 0.014286
4 0.437857 0.162381 0.008571 0.012381
4 0.443214 0.132381 0.006429 0.011429
4 0.438214 0.100000 0.006429 0.009524
4 0.446429 0.084762 0.005714 0.009524
4 0.446429 0.074762 0.005714 0.008571
4 0.506429 0.207619 0.010000 0.013333
4 0.498571 0.180000 0.007143 0.013333
4 0.509643 0.171905 0.007857 0.010476
4 0.509643 0.157143 0.007857 0.009524
4 0.505714 0.114286 0.007143 0.013333
4 0.488571 0.069524 0.005714 0.007619
4 0.562500 0.064762 0.006429 0.011429
4 0.555000 0.065238 0.005714 0.008571
4 0.554643 0.056667 0.009286 0.006667
4 0.541429 0.102857 0.007143 0.011429
4 0.488929 0.096190 0.006429 0.015238
6 0.493571 0.053333 0.007143 0.013333
6 0.407857 0.089048 0.012857 0.025714
6 0.418214 0.058095 0.007857 0.015238
6 0.484643 0.026667 0.005000 0.011429
6 0.485714 0.011905 0.005714 0.008571
6 0.478929 0.010000 0.006429 0.014286
4 0.372500 0.030952 0.003571 0.008571
4 0.398929 0.030952 0.003571 0.006667
4 0.404643 0.031429 0.005000 0.007619
4 0.408929 0.030476 0.005000 0.007619
4 0.380357 0.031429 0.005000 0.007619
6 0.419643 0.364762 0.015000 0.043810
10 0.246429 0.491905 0.010000 0.008571
10 0.394286 0.347143 0.005714 0.012381
4 0.525714 0.097143 0.012857 0.007619
10 0.582857 0.561905 0.011429 0.026667
10 0.337857 0.750000 0.014286 0.025714
6 0.394286 0.528571 0.020000 0.068571
4 0.063214 0.763810 0.056429 0.043810
0 0.211429 0.475238 0.022857 0.026667
0 0.741071 0.436667 0.016429 0.021905
1 0.823929 0.950476 0.012143 0.030476
0 0.574286 0.230476 0.025714 0.040000
0 0.544286 0.230476 0.020000 0.030476
