4 0.243737 0.930891 0.173278 0.136364
10 0.334290 0.769481 0.024530 0.071429
10 0.297234 0.741651 0.022443 0.065863
10 0.308716 0.705473 0.039144 0.052876
10 0.314718 0.645640 0.035491 0.046382
10 0.340814 0.623377 0.032359 0.038961
7 0.371608 0.729592 0.028184 0.084416
7 0.416493 0.712894 0.034447 0.082560
4 0.635699 0.553340 0.037578 0.065863
8 0.498695 0.621521 0.037056 0.098330
2 0.557150 0.643321 0.015136 0.038033
2 0.614562 0.676716 0.016180 0.038033
2 0.530010 0.460111 0.009916 0.033395
10 0.697547 0.476345 0.013048 0.045455
4 0.418841 0.470315 0.034969 0.061224
2 0.624739 0.381262 0.008351 0.012987
1 0.587422 0.359926 0.007829 0.033395
2 0.606733 0.351577 0.007829 0.020408
2 0.602296 0.349258 0.010438 0.023191
10 0.564196 0.349258 0.008351 0.023191
8 0.577766 0.343692 0.019833 0.038033
2 0.314457 0.408627 0.012004 0.023191
2 0.333768 0.417440 0.007829 0.020408
10 0.348904 0.422542 0.010960 0.032468
10 0.347077 0.408627 0.008351 0.021336
10 0.383351 0.412801 0.022443 0.031540
10 0.399008 0.408163 0.008873 0.027829
7 0.411013 0.406308 0.015136 0.033395
8 0.423539 0.401670 0.017223 0.046382
8 0.408142 0.389610 0.037578 0.029685
10 0.359864 0.311688 0.009916 0.022263
7 0.370564 0.305659 0.010438 0.023191
2 0.419624 0.288033 0.006263 0.019481
10 0.419885 0.291744 0.005741 0.015770
2 0.482516 0.315399 0.006785 0.018553
7 0.479384 0.320501 0.013048 0.019481
8 0.492954 0.311688 0.013048 0.027829
10 0.501827 0.300557 0.005741 0.018553
10 0.512004 0.307050 0.008351 0.018553
7 0.516441 0.301948 0.013048 0.026902
1 0.532620 0.314471 0.005741 0.027829
1 0.536534 0.311224 0.008351 0.030612
4 0.512526 0.261132 0.028184 0.021336
10 0.499217 0.260668 0.007829 0.012987
10 0.492693 0.258349 0.012526 0.015770
5 0.451722 0.241187 0.015136 0.022263
4 0.463205 0.236549 0.016180 0.020408
8 0.437891 0.242115 0.008351 0.022263
2 0.425887 0.240260 0.004175 0.011132
10 0.426148 0.243970 0.005741 0.014842
1 0.494520 0.223562 0.002610 0.012987
2 0.489562 0.230519 0.004175 0.012059
6 0.447808 0.228200 0.037578 0.027829
8 0.418319 0.230983 0.007829 0.020408
4 0.430585 0.217532 0.012526 0.017625
2 0.410230 0.221243 0.003132 0.010204
2 0.409969 0.220315 0.003653 0.012059
10 0.409969 0.221707 0.004697 0.012987
4 0.345511 0.213358 0.015658 0.018553
6 0.360386 0.198052 0.029749 0.026902
2 0.395094 0.185993 0.003132 0.006494
10 0.394572 0.188312 0.004175 0.009276
4 0.397965 0.179035 0.007829 0.012987
2 0.371086 0.180427 0.002088 0.006494
10 0.370564 0.182746 0.003132 0.007421
4 0.362213 0.181818 0.007307 0.011132
6 0.360647 0.174861 0.008351 0.013915
4 0.353862 0.180891 0.006263 0.011132
8 0.364823 0.158163 0.004175 0.010204
2 0.361430 0.162801 0.001566 0.004638
10 0.361430 0.164657 0.002610 0.004638
8 0.394311 0.167440 0.004697 0.010204
2 0.397965 0.168367 0.002610 0.004638
5 0.339770 0.153989 0.007307 0.009276
7 0.348121 0.146568 0.004175 0.007421
0 0.372912 0.146104 0.008873 0.015770
0 0.365344 0.128942 0.007307 0.020408
