5 0.065240 0.376623 0.060543 0.128015
1 0.049061 0.525510 0.021921 0.041744
1 0.122129 0.519944 0.020877 0.036178
1 0.147965 0.479128 0.018267 0.032468
1 0.138309 0.517625 0.017745 0.038961
2 0.014092 0.651670 0.019833 0.032468
2 0.010177 0.648423 0.020355 0.027829
10 0.019833 0.653525 0.036534 0.041744
4 0.152401 0.751391 0.100209 0.087199
10 0.251044 0.523191 0.034447 0.029685
4 0.460595 0.902597 0.053758 0.189239
1 0.406054 0.453618 0.008351 0.040816
1 0.396921 0.514842 0.015136 0.037106
7 0.390919 0.550557 0.043841 0.036178
2 0.594990 0.614100 0.015658 0.033395
7 0.585073 0.618275 0.051148 0.049165
1 0.849426 0.712894 0.018267 0.030612
7 0.929280 0.594156 0.061065 0.054731
10 0.811326 0.371985 0.012004 0.031540
2 0.668841 0.536178 0.010960 0.022263
2 0.670146 0.533859 0.015658 0.028757
2 0.676409 0.535714 0.012526 0.030612
10 0.666754 0.540816 0.028706 0.025974
6 0.967380 0.666976 0.064196 0.113173
