4 0.076429 0.740476 0.078571 0.132381
4 0.131071 0.599524 0.067857 0.120952
4 0.173929 0.466667 0.056429 0.108571
4 0.243571 0.370000 0.050000 0.088571
5 0.247857 0.252381 0.044286 0.064762
5 0.292857 0.105714 0.032857 0.060952
4 0.275714 0.180000 0.048571 0.066667
4 0.535000 0.527619 0.041429 0.112381
4 0.473929 0.496667 0.035000 0.063810
4 0.418929 0.525238 0.040714 0.084762
4 0.493929 0.743810 0.105000 0.068571
4 0.627143 0.780476 0.102857 0.082857
10 0.600000 0.591429 0.034286 0.040000
10 0.595000 0.303810 0.031429 0.028571
3 0.586429 0.398571 0.027143 0.023810
10 0.576786 0.145714 0.023571 0.022857
5 0.507500 0.290952 0.036429 0.084762
4 0.462143 0.137619 0.028571 0.054286
4 0.473571 0.085238 0.027143 0.048571
4 0.547500 0.121429 0.033571 0.054286
2 0.609643 0.356190 0.013571 0.022857
10 0.481429 0.378095 0.030000 0.032381
1 0.540357 0.427143 0.009286 0.029524
1 0.548929 0.429048 0.009286 0.020000
1 0.560357 0.425714 0.013571 0.034286
1 0.427500 0.333333 0.013571 0.034286
1 0.396429 0.335238 0.014286 0.032381
2 0.452500 0.308095 0.016429 0.029524
10 0.450000 0.310952 0.021429 0.039048
5 0.577857 0.083810 0.050000 0.043810
4 0.571429 0.063810 0.057143 0.040000
5 0.320714 0.027619 0.034286 0.055238
1 0.347143 0.070000 0.008571 0.029524
1 0.350714 0.062381 0.008571 0.027619
4 0.328929 0.080000 0.033571 0.051429
4 0.958929 0.796667 0.082143 0.071429
1 0.639286 0.922857 0.017143 0.032381
