1 0.129750 0.558333 0.014500 0.034000
1 0.149750 0.560333 0.017500 0.032667
1 0.153750 0.550000 0.012500 0.032000
1 0.181250 0.558667 0.011500 0.033333
1 0.250750 0.616333 0.014500 0.043333
1 0.237000 0.551667 0.011000 0.031333
1 0.279500 0.584333 0.016000 0.035333
1 0.333250 0.587667 0.009500 0.036667
1 0.329250 0.631333 0.015500 0.036000
1 0.376250 0.548667 0.012500 0.033333
7 0.403250 0.536667 0.020500 0.048000
1 0.404250 0.514333 0.008500 0.027333
1 0.460500 0.538333 0.015000 0.038000
2 0.464750 0.517333 0.014500 0.029333
5 0.577750 0.950667 0.054500 0.094667
4 0.561500 0.820000 0.056000 0.145333
4 0.544750 0.684000 0.066500 0.112000
4 0.527500 0.583667 0.041000 0.078000
4 0.516500 0.506667 0.033000 0.062667
4 0.510250 0.453333 0.026500 0.046667
4 0.507500 0.394667 0.025000 0.030667
4 0.499000 0.332333 0.018000 0.027333
7 0.489250 0.312667 0.008500 0.016000
10 0.488000 0.287667 0.005000 0.011333
4 0.491750 0.273667 0.015500 0.022000
6 0.489250 0.244333 0.015500 0.023333
10 0.474750 0.233333 0.010500 0.009333
10 0.484250 0.227667 0.010500 0.008667
4 0.485000 0.221000 0.011000 0.012667
2 0.471500 0.205333 0.004000 0.008000
3 0.481750 0.209000 0.008500 0.007333
1 0.482500 0.207000 0.003000 0.011333
5 0.483000 0.192333 0.009000 0.015333
4 0.480000 0.188333 0.007000 0.011333
4 0.475750 0.183000 0.018500 0.011333
4 0.470000 0.179667 0.007000 0.008667
4 0.480000 0.178333 0.006000 0.006000
4 0.469500 0.170667 0.007000 0.008000
4 0.478500 0.167333 0.007000 0.008000
4 0.305500 0.153000 0.010000 0.007333
6 0.389500 0.136667 0.012000 0.010667
4 0.412250 0.145333 0.008500 0.008000
4 0.408750 0.138000 0.006500 0.006667
4 0.414750 0.137667 0.004500 0.006000
6 0.426250 0.143333 0.018500 0.012000
6 0.446250 0.141333 0.015500 0.013333
4 0.459500 0.143333 0.008000 0.006667
4 0.441250 0.151000 0.014500 0.007333
5 0.417250 0.159333 0.007500 0.010667
1 0.427250 0.162667 0.002500 0.008000
4 0.477500 0.163000 0.007000 0.007333
4 0.477500 0.159333 0.006000 0.006667
4 0.477000 0.155333 0.006000 0.008000
2 0.055250 0.281000 0.007500 0.015333
5 0.019000 0.264667 0.032000 0.022667
2 0.311500 0.337667 0.007000 0.011333
2 0.328750 0.334333 0.006500 0.010000
5 0.110000 0.228000 0.017000 0.020000
4 0.136250 0.225667 0.012500 0.015333
4 0.135500 0.211333 0.014000 0.012000
6 0.115500 0.222333 0.022000 0.011333
3 0.189500 0.199667 0.007000 0.007333
5 0.194500 0.194667 0.020000 0.012000
4 0.189250 0.192000 0.020500 0.009333
4 0.177000 0.192667 0.019000 0.010667
4 0.109250 0.212000 0.012500 0.016000
1 0.322500 0.286000 0.007000 0.016000
4 0.167500 0.215667 0.024000 0.011333
0 0.117000 0.189000 0.101000 0.038000
0 0.174500 0.204667 0.010000 0.009333
4 0.662000 0.611667 0.054000 0.076667
4 0.635750 0.531000 0.042500 0.055333
5 0.587500 0.536333 0.033000 0.075333
4 0.718750 0.616333 0.048500 0.076667
4 0.809250 0.943333 0.091500 0.110667
5 0.614000 0.459000 0.034000 0.062000
4 0.592500 0.420333 0.030000 0.043333
4 0.583000 0.387000 0.026000 0.034000
4 0.573750 0.360000 0.021500 0.033333
4 0.564250 0.338667 0.022500 0.030667
5 0.543750 0.377667 0.022500 0.044667
4 0.550250 0.300667 0.019500 0.020000
6 0.544750 0.280000 0.026500 0.026667
5 0.534000 0.252000 0.014000 0.022667
4 0.529500 0.244333 0.012000 0.018000
4 0.527250 0.233333 0.012500 0.014667
5 0.521500 0.217667 0.011000 0.020667
4 0.512750 0.175667 0.017500 0.010000
4 0.517250 0.207667 0.010500 0.012667
4 0.514250 0.200667 0.010500 0.012000
4 0.513500 0.194000 0.009000 0.009333
4 0.510750 0.189000 0.008500 0.010000
1 0.502750 0.175667 0.003500 0.010000
1 0.576500 0.173333 0.003000 0.010667
1 0.567250 0.170000 0.002500 0.009333
5 0.551250 0.169667 0.013500 0.010000
1 0.582750 0.173667 0.002500 0.010000
1 0.578750 0.182000 0.002500 0.010667
6 0.468750 0.140333 0.010500 0.014000
0 0.500750 0.137333 0.053500 0.024000
0 0.463000 0.128000 0.019000 0.010667
10 0.486500 0.166000 0.003000 0.008000
5 0.528750 0.156000 0.015500 0.009333
2 0.486500 0.164000 0.002000 0.008000
6 0.504750 0.165333 0.007500 0.012000
4 0.501250 0.161000 0.006500 0.008667
0 0.498000 0.154000 0.009000 0.005333
4 0.864500 0.284000 0.032000 0.020000
10 0.925750 0.312000 0.014500 0.017333
4 0.818000 0.193000 0.028000 0.018000
