6 0.233571 0.406667 0.047143 0.026667
6 0.259643 0.383810 0.050714 0.026667
4 0.296429 0.392857 0.015714 0.010476
4 0.335000 0.380476 0.010000 0.010476
4 0.481429 0.305238 0.005714 0.008571
4 0.488929 0.271429 0.003571 0.007619
4 0.505357 0.243333 0.003571 0.006667
4 0.716071 0.317143 0.007857 0.007619
4 0.710000 0.307143 0.007143 0.008571
4 0.601071 0.251429 0.005000 0.005714
4 0.611429 0.250476 0.004286 0.007619
4 0.617500 0.250476 0.005000 0.007619
5 0.606429 0.250000 0.004286 0.008571
4 0.583214 0.243333 0.006429 0.006667
4 0.578214 0.250000 0.005000 0.006667
4 0.573214 0.250476 0.003571 0.005714
0 0.495357 0.189048 0.012143 0.042857
4 0.480357 0.292857 0.006429 0.010476
4 0.433214 0.484762 0.012143 0.020952
5 0.355357 0.361905 0.009286 0.017143
4 0.703571 0.299048 0.007143 0.011429
9 0.447857 0.502381 0.017143 0.044762
1 0.486786 0.436190 0.005000 0.015238
1 0.478929 0.426190 0.003571 0.010476
1 0.434643 0.449048 0.003571 0.010476
10 0.433929 0.414286 0.005000 0.011429
5 0.438214 0.200476 0.003571 0.004762
