1 0.354906 0.645640 0.019833 0.089054
1 0.126566 0.595083 0.021399 0.080705
1 0.106994 0.620130 0.017745 0.069573
1 0.050104 0.573748 0.025052 0.073284
1 0.634395 0.641929 0.017223 0.092764
1 0.718163 0.696660 0.016701 0.096475
1 0.735908 0.716141 0.011482 0.092764
1 0.755480 0.717069 0.014092 0.089054
1 0.769833 0.716605 0.012526 0.089981
1 0.784186 0.716141 0.016180 0.090909
1 0.819415 0.717532 0.017745 0.104824
1 0.735647 0.664657 0.014092 0.086271
1 0.746608 0.698980 0.009916 0.086271
1 0.763570 0.652597 0.012526 0.082560
1 0.791232 0.697124 0.013570 0.095547
1 0.761482 0.697124 0.012526 0.086271
1 0.777662 0.705009 0.013570 0.089054
1 0.837944 0.720779 0.016180 0.103896
1 0.875783 0.724954 0.025052 0.099258
1 0.845251 0.710575 0.017223 0.100186
1 0.805585 0.676716 0.020355 0.093692
1 0.825418 0.666048 0.015136 0.083488
1 0.835856 0.690167 0.016180 0.085343
1 0.869259 0.670686 0.023486 0.090909
1 0.847860 0.666512 0.020355 0.084416
1 0.853079 0.688312 0.012004 0.098330
1 0.809238 0.701763 0.015136 0.102968
1 0.882829 0.628479 0.012004 0.073284
1 0.928497 0.636364 0.018789 0.072356
1 0.860125 0.628942 0.017745 0.061224
1 0.871608 0.627087 0.011482 0.077922
1 0.084290 0.239332 0.003653 0.012987
1 0.061587 0.231447 0.005219 0.012059
1 0.069154 0.242115 0.003653 0.012987
1 0.074113 0.245826 0.002088 0.007421
1 0.064718 0.244898 0.002088 0.007421
1 0.057933 0.243043 0.003132 0.012987
1 0.055063 0.239796 0.003653 0.015770
1 0.051409 0.238868 0.004697 0.015770
1 0.042797 0.238404 0.005219 0.014842
4 0.043319 0.746753 0.086639 0.159555
4 0.178236 0.173933 0.013048 0.010204
4 0.254175 0.169295 0.010438 0.010204
