1 0.567500 0.571905 0.016429 0.029524
1 0.604643 0.545238 0.016429 0.029524
1 0.624643 0.547143 0.017857 0.027619
10 0.908214 0.395238 0.029286 0.026667
10 0.929286 0.403810 0.028571 0.028571
1 0.943929 0.387143 0.012143 0.021905
1 0.943929 0.403810 0.016429 0.026667
1 0.853214 0.393810 0.020714 0.031429
1 0.352500 0.322381 0.010714 0.027619
1 0.359286 0.325238 0.008571 0.027619
1 0.425357 0.178571 0.006429 0.025714
1 0.414643 0.180476 0.007857 0.023810
1 0.420357 0.179524 0.007857 0.027619
1 0.467500 0.133810 0.006429 0.025714
1 0.471429 0.129524 0.007143 0.022857
1 0.426071 0.024286 0.006429 0.021905
1 0.418214 0.019048 0.006429 0.020952
1 0.422143 0.016190 0.005714 0.017143
10 0.366786 0.016190 0.009286 0.015238
2 0.365357 0.008095 0.005000 0.016190
