1 0.186786 0.123333 0.015000 0.029524
10 0.216429 0.128571 0.025714 0.024762
1 0.359643 0.010952 0.007857 0.020000
8 0.383571 0.019524 0.028571 0.039048
10 0.410000 0.064286 0.008571 0.037143
2 0.410357 0.058095 0.012143 0.030476
2 0.367500 0.115238 0.015000 0.022857
10 0.384286 0.119048 0.027143 0.078095
1 0.316429 0.217619 0.012857 0.023810
1 0.287143 0.212857 0.011429 0.027619
1 0.257857 0.325238 0.012857 0.020000
10 0.139286 0.384286 0.028571 0.016190
10 0.166786 0.416667 0.029286 0.037143
10 0.200714 0.397619 0.025714 0.027619
10 0.222857 0.554762 0.028571 0.020000
10 0.103571 0.652381 0.041429 0.020952
1 0.148214 0.796190 0.025000 0.011429
10 0.058214 0.939048 0.032143 0.030476
10 0.110000 0.910000 0.034286 0.033333
1 0.077857 0.913333 0.015714 0.011429
3 0.243571 0.886667 0.037143 0.024762
2 0.117857 0.824762 0.030000 0.020952
5 0.420000 0.875238 0.048571 0.163810
10 0.626786 0.785714 0.013571 0.051429
10 0.523929 0.827619 0.040714 0.019048
10 0.530357 0.798095 0.039286 0.015238
10 0.540357 0.771429 0.033571 0.024762
10 0.518214 0.723810 0.032143 0.011429
10 0.539643 0.699048 0.013571 0.038095
3 0.534643 0.657143 0.022143 0.036190
1 0.532500 0.651905 0.013571 0.020000
10 0.619643 0.671905 0.030714 0.023810
0 0.545714 0.864286 0.027143 0.048571
4 0.421786 0.689524 0.045000 0.135238
1 0.383214 0.350952 0.010714 0.021905
1 0.576429 0.295714 0.005714 0.018095
1 0.578929 0.286190 0.006429 0.016190
1 0.583929 0.280476 0.007857 0.023810
5 0.924643 0.218571 0.072143 0.048571
5 0.779286 0.098095 0.065714 0.055238
4 0.854643 0.112857 0.076429 0.052381
1 0.821429 0.322381 0.018571 0.020000
1 0.691429 0.100476 0.010000 0.029524
1 0.689643 0.180476 0.009286 0.029524
1 0.590000 0.077619 0.010000 0.027619
8 0.676071 0.201905 0.039286 0.055238
8 0.577857 0.189048 0.061429 0.035238
1 0.695000 0.211429 0.012857 0.030476
1 0.601786 0.175238 0.012143 0.026667
1 0.591071 0.178571 0.007857 0.023810
1 0.554643 0.148095 0.010714 0.031429
1 0.573571 0.159048 0.008571 0.028571
1 0.575357 0.146667 0.007857 0.032381
1 0.535714 0.207619 0.008571 0.024762
10 0.498214 0.054286 0.019286 0.038095
2 0.496071 0.040000 0.015000 0.032381
