5 0.346071 0.083810 0.005000 0.005714
4 0.323929 0.102381 0.003571 0.006667
4 0.317857 0.137619 0.004286 0.006667
5 0.323929 0.155238 0.003571 0.007619
5 0.336429 0.130476 0.004286 0.007619
5 0.294643 0.150000 0.005000 0.008571
4 0.303571 0.133333 0.004286 0.007619
9 0.290000 0.193333 0.008571 0.017143
9 0.342500 0.109048 0.006429 0.014286
6 0.314286 0.203333 0.008571 0.016190
6 0.263571 0.270952 0.007143 0.016190
4 0.235714 0.350952 0.011429 0.014286
6 0.190000 0.403810 0.048571 0.059048
0 0.244286 0.399524 0.021429 0.016190
0 0.306071 0.393810 0.013571 0.018095
0 0.292857 0.324286 0.014286 0.054286
0 0.230357 0.300476 0.016429 0.018095
1 0.217143 0.325238 0.002857 0.008571
1 0.212143 0.329524 0.002857 0.007619
0 0.297500 0.269048 0.006429 0.012381
4 0.255714 0.300952 0.007143 0.013333
4 0.288571 0.280476 0.007143 0.010476
4 0.305714 0.237143 0.005714 0.007619
4 0.270000 0.254762 0.005714 0.010476
4 0.316429 0.185238 0.004286 0.006667
4 0.275000 0.695714 0.012857 0.027619
4 0.280714 0.663333 0.012857 0.027619
4 0.262857 0.777143 0.014286 0.034286
4 0.342857 0.573333 0.020000 0.013333
4 0.321429 0.548571 0.008571 0.019048
4 0.331786 0.547143 0.009286 0.016190
4 0.344643 0.543333 0.009286 0.016190
5 0.456429 0.580000 0.008571 0.020952
1 0.220357 0.632857 0.006429 0.010476
1 0.259286 0.602857 0.002857 0.007619
1 0.255000 0.601429 0.002857 0.006667
1 0.269286 0.591905 0.002857 0.008571
1 0.266786 0.587143 0.002143 0.008571
1 0.281786 0.564762 0.002143 0.009524
0 0.252500 0.514762 0.010714 0.042857
0 0.056786 0.609524 0.020714 0.013333
1 0.087143 0.532381 0.005714 0.009524
5 0.051786 0.495714 0.016429 0.012381
4 0.706071 0.409048 0.010714 0.016190
4 0.732143 0.495238 0.015714 0.011429
4 0.708214 0.483810 0.017857 0.015238
4 0.708571 0.475238 0.017143 0.013333
4 0.707857 0.467619 0.017143 0.013333
4 0.705000 0.459524 0.014286 0.010476
4 0.702143 0.450952 0.017143 0.014286
4 0.701429 0.440476 0.014286 0.012381
4 0.732857 0.503810 0.014286 0.009524
4 0.741786 0.485238 0.010714 0.014286
4 0.738214 0.472381 0.007857 0.009524
0 0.450714 0.269048 0.018571 0.018095
0 0.500357 0.243810 0.027857 0.011429
6 0.492143 0.413810 0.027143 0.014286
0 0.013929 0.691429 0.010714 0.017143
