1 0.644286 0.777284 0.004286 0.019036
1 0.607500 0.864213 0.005000 0.017766
1 0.565714 0.722081 0.004286 0.015228
5 0.502857 0.887056 0.014286 0.030457
5 0.481786 0.750635 0.013571 0.031726
6 0.544643 0.743655 0.027857 0.081218
4 0.477500 0.703046 0.012143 0.022843
4 0.461429 0.704949 0.011429 0.024112
4 0.467500 0.653553 0.010714 0.022843
4 0.452500 0.638959 0.009286 0.016497
4 0.518929 0.625000 0.010714 0.021574
6 0.502143 0.601523 0.014286 0.043147
4 0.455000 0.570431 0.010000 0.021574
4 0.466429 0.561548 0.011429 0.021574
4 0.504643 0.554569 0.009286 0.020305
4 0.495000 0.512690 0.008571 0.017766
4 0.437143 0.503807 0.008571 0.017766
4 0.444643 0.487310 0.007857 0.017766
5 0.479286 0.483503 0.008571 0.020305
4 0.442143 0.471447 0.007143 0.013959
4 0.438929 0.446066 0.006429 0.013959
4 0.428571 0.450508 0.007143 0.015228
4 0.411786 0.392132 0.007857 0.012690
4 0.421786 0.383883 0.006429 0.013959
4 0.451786 0.390228 0.007857 0.013959
4 0.453929 0.362310 0.006429 0.013959
4 0.419286 0.361041 0.005714 0.011421
4 0.418571 0.351523 0.007143 0.010152
4 0.417143 0.341371 0.005714 0.010152
10 0.424643 0.343274 0.003571 0.008883
5 0.440000 0.321701 0.005714 0.013959
9 0.445000 0.305838 0.010000 0.025381
9 0.490714 0.313452 0.032857 0.025381
6 0.516786 0.310914 0.015000 0.015228
4 0.480714 0.321701 0.008571 0.008883
6 0.475357 0.309645 0.015000 0.015228
9 0.475714 0.302030 0.015714 0.012690
9 0.501786 0.303934 0.026429 0.016497
4 0.424286 0.309010 0.007143 0.011421
4 0.429643 0.300127 0.005000 0.011421
4 0.435714 0.293147 0.005714 0.012690
4 0.441071 0.284898 0.005000 0.011421
4 0.434286 0.281726 0.005714 0.010152
4 0.446071 0.280457 0.005000 0.010152
4 0.439286 0.274746 0.005714 0.011421
4 0.432143 0.268401 0.005714 0.008883
4 0.438214 0.268401 0.005000 0.011421
4 0.436786 0.258249 0.006429 0.013959
4 0.430000 0.255076 0.005714 0.010152
4 0.428929 0.249365 0.006429 0.011421
6 0.428214 0.243020 0.006429 0.013959
4 0.426786 0.229061 0.005000 0.008883
4 0.407500 0.282995 0.005000 0.010152
4 0.380357 0.324873 0.012143 0.010152
4 0.380000 0.315355 0.011429 0.008883
4 0.380000 0.309645 0.011429 0.007614
4 0.362500 0.319162 0.009286 0.011421
4 0.367500 0.316624 0.009286 0.011421
4 0.363214 0.312183 0.010714 0.010152
4 0.353929 0.308376 0.009286 0.010152
4 0.401071 0.225888 0.005000 0.007614
9 0.399643 0.211294 0.005000 0.013959
4 0.407857 0.194797 0.004286 0.008883
4 0.398571 0.191624 0.004286 0.007614
4 0.406786 0.184010 0.003571 0.007614
4 0.397143 0.182741 0.004286 0.007614
6 0.396071 0.173223 0.005000 0.013959
0 0.400357 0.104061 0.035000 0.124365
