4 0.033571 0.769048 0.067143 0.120952
4 0.185357 0.504762 0.050714 0.083810
4 0.258571 0.497619 0.044286 0.079048
1 0.153929 0.559048 0.022143 0.047619
4 0.637143 0.364286 0.030000 0.046667
4 0.637500 0.338095 0.025000 0.040000
4 0.630357 0.292857 0.015000 0.033333
4 0.628929 0.278095 0.035000 0.030476
4 0.872857 0.364762 0.054286 0.041905
4 0.975000 0.403333 0.050000 0.044762
5 0.915714 0.360952 0.061429 0.047619
5 0.963571 0.363810 0.042857 0.032381
5 0.988571 0.361905 0.022857 0.030476
10 0.398929 0.584286 0.046429 0.040952
1 0.729643 0.865714 0.029286 0.066667
1 0.742857 0.860952 0.021429 0.066667
1 0.353929 0.471905 0.020714 0.020000
1 0.346786 0.468095 0.013571 0.044762
1 0.228929 0.327143 0.012143 0.027619
1 0.121786 0.327619 0.012143 0.028571
1 0.554643 0.448571 0.009286 0.040000
1 0.563571 0.451429 0.015714 0.038095
1 0.737857 0.339524 0.010000 0.027619
1 0.733571 0.335238 0.011429 0.026667
1 0.893929 0.658571 0.023571 0.046667
2 0.905714 0.683333 0.021429 0.033333
2 0.204286 0.267143 0.010000 0.021905
2 0.320000 0.309524 0.011429 0.024762
2 0.787143 0.259048 0.007143 0.015238
2 0.800714 0.264286 0.004286 0.018095
2 0.893214 0.202857 0.003571 0.009524
2 0.581786 0.304286 0.007857 0.020000
3 0.580714 0.308095 0.007143 0.023810
3 0.785714 0.266667 0.010000 0.013333
3 0.893929 0.206190 0.006429 0.010476
10 0.798929 0.269524 0.015000 0.013333
10 0.319643 0.314762 0.020714 0.020000
10 0.203929 0.269524 0.012143 0.015238
10 0.203214 0.321429 0.007857 0.020000
10 0.192500 0.320952 0.010714 0.022857
10 0.497857 0.403333 0.027143 0.027619
10 0.471071 0.430952 0.030714 0.023810
5 0.418214 0.464286 0.042143 0.092381
5 0.429643 0.400952 0.085000 0.043810
3 0.477143 0.414762 0.008571 0.021905
10 0.394286 0.379048 0.055714 0.034286
7 0.158929 0.410952 0.035000 0.021905
1 0.609286 0.438095 0.010000 0.036190
1 0.610357 0.423810 0.009286 0.034286
1 0.771786 0.302857 0.005000 0.022857
1 0.674286 0.289048 0.007143 0.023810
1 0.739286 0.302381 0.011429 0.029524
1 0.860000 0.282857 0.010000 0.022857
1 0.531071 0.280952 0.006429 0.026667
1 0.903214 0.317143 0.010714 0.020952
1 0.214286 0.288095 0.008571 0.023810
1 0.218214 0.287143 0.005000 0.020000
1 0.418929 0.295238 0.007857 0.024762
1 0.398571 0.290952 0.008571 0.021905
1 0.357143 0.356190 0.011429 0.026667
1 0.343214 0.321429 0.010714 0.029524
1 0.363214 0.320476 0.007857 0.029524
2 0.473571 0.300476 0.010000 0.020000
2 0.408571 0.293810 0.008571 0.021905
1 0.233571 0.347143 0.008571 0.027619
4 0.127857 0.377619 0.078571 0.044762
8 0.250357 0.272857 0.026429 0.029524
8 0.183571 0.251429 0.028571 0.032381
1 0.177500 0.252857 0.007857 0.016190
4 0.243929 0.253810 0.035000 0.021905
4 0.209286 0.242857 0.045714 0.022857
5 0.185357 0.232857 0.040714 0.025714
8 0.349286 0.289048 0.037143 0.039048
2 0.342857 0.293333 0.008571 0.019048
8 0.298929 0.285714 0.019286 0.043810
1 0.889643 0.169048 0.003571 0.010476
4 0.863571 0.116190 0.005714 0.007619
4 0.848929 0.198571 0.012143 0.012381
4 0.773929 0.180476 0.015000 0.014286
4 0.802857 0.182381 0.017143 0.014286
5 0.906429 0.160000 0.018571 0.028571
5 0.738214 0.230476 0.020714 0.024762
5 0.762143 0.234762 0.018571 0.025714
4 0.713214 0.228095 0.020714 0.018095
4 0.732500 0.212857 0.019286 0.021905
4 0.750000 0.220952 0.011429 0.019048
4 0.759643 0.209524 0.017857 0.019048
4 0.771429 0.223810 0.014286 0.020952
4 0.753571 0.151905 0.011429 0.012381
4 0.693571 0.168095 0.018571 0.014286
4 0.331786 0.166190 0.020714 0.016190
4 0.418214 0.200000 0.020714 0.017143
4 0.439643 0.202381 0.017857 0.014286
4 0.455000 0.205238 0.015714 0.014286
4 0.469643 0.208095 0.022143 0.016190
4 0.527500 0.193810 0.016429 0.014286
4 0.510000 0.189524 0.021429 0.015238
4 0.500000 0.189048 0.017143 0.014286
4 0.369643 0.189048 0.022143 0.014286
5 0.362500 0.178571 0.020714 0.012381
5 0.343214 0.186190 0.023571 0.014286
5 0.447500 0.178571 0.026429 0.016190
5 0.470714 0.185238 0.018571 0.021905
1 0.346786 0.200476 0.003571 0.016190
4 0.582143 0.192381 0.028571 0.019048
4 0.570000 0.183810 0.018571 0.015238
4 0.557143 0.172381 0.022857 0.011429
4 0.700000 0.168095 0.020000 0.010476
4 0.715000 0.163810 0.008571 0.009524
4 0.691071 0.134762 0.013571 0.010476
4 0.682143 0.135238 0.020000 0.011429
4 0.669286 0.163333 0.012857 0.010476
4 0.652143 0.167619 0.020000 0.013333
4 0.627500 0.159048 0.009286 0.011429
4 0.653571 0.148095 0.014286 0.008571
4 0.639286 0.160000 0.011429 0.011429
4 0.623214 0.171429 0.015000 0.017143
7 0.583214 0.169048 0.012143 0.018095
0 0.750714 0.185238 0.005714 0.014286
1 0.753214 0.175714 0.003571 0.006667
1 0.808929 0.139048 0.003571 0.011429
0 0.900714 0.081429 0.028571 0.018095
1 0.895000 0.147619 0.002857 0.007619
1 0.899286 0.151905 0.002857 0.008571
4 0.892143 0.119048 0.004286 0.007619
4 0.898214 0.107143 0.005000 0.010476
4 0.843571 0.136190 0.005714 0.007619
4 0.832143 0.142857 0.005714 0.011429
4 0.837143 0.130000 0.007143 0.006667
9 0.847857 0.118095 0.011429 0.017143
4 0.886786 0.114762 0.006429 0.008571
4 0.855714 0.114286 0.005714 0.005714
4 0.905000 0.110952 0.005714 0.006667
4 0.833929 0.113810 0.005000 0.006667
1 0.995000 0.285714 0.005714 0.009524
1 0.997500 0.293333 0.005000 0.015238
1 0.933929 0.182857 0.003571 0.011429
