9 0.721786 0.727619 0.103571 0.291429
6 0.836786 0.792381 0.167857 0.340952
6 0.666429 0.489048 0.030000 0.071429
6 0.710714 0.474286 0.054286 0.120000
0 0.976071 0.437143 0.043571 0.055238
8 0.543214 0.563333 0.032143 0.052381
6 0.620000 0.260000 0.011429 0.026667
5 0.632500 0.299048 0.013571 0.028571
6 0.651071 0.309524 0.016429 0.032381
4 0.758571 0.293810 0.008571 0.012381
10 0.221071 0.611429 0.026429 0.030476
10 0.227857 0.600000 0.025714 0.030476
10 0.249286 0.582857 0.028571 0.022857
10 0.254286 0.575714 0.024286 0.020000
10 0.261071 0.566667 0.025000 0.020952
10 0.267500 0.645714 0.029286 0.026667
10 0.278929 0.636190 0.027857 0.024762
10 0.318929 0.641429 0.027857 0.023810
10 0.331786 0.618571 0.030714 0.027619
10 0.338214 0.614286 0.025000 0.022857
10 0.297500 0.589524 0.029286 0.019048
10 0.323571 0.594762 0.028571 0.027619
10 0.305357 0.573810 0.026429 0.014286
10 0.333214 0.587619 0.023571 0.020952
1 0.612143 0.300000 0.002857 0.013333
1 0.613214 0.330476 0.003571 0.013333
1 0.617500 0.330000 0.003571 0.016190
2 0.626786 0.331429 0.005000 0.011429
2 0.637857 0.325714 0.004286 0.013333
10 0.637500 0.330476 0.005000 0.009524
10 0.626429 0.335714 0.004286 0.010476
6 0.609643 0.206190 0.007857 0.020000
6 0.612857 0.201429 0.008571 0.021905
0 0.603929 0.177619 0.015000 0.025714
0 0.603214 0.202381 0.006429 0.020000
6 0.724643 0.219524 0.006429 0.014286
9 0.721786 0.211905 0.043571 0.016190
