4 0.537143 0.477619 0.040000 0.044762
4 0.413571 0.587619 0.097143 0.110476
4 0.146786 0.547143 0.135000 0.105714
4 0.335357 0.483333 0.075000 0.061905
4 0.291786 0.470952 0.069286 0.048571
4 0.362143 0.414286 0.060000 0.032381
4 0.467143 0.394286 0.024286 0.024762
4 0.452857 0.382857 0.018571 0.020952
9 0.497143 0.360476 0.035714 0.039048
4 0.538214 0.340476 0.009286 0.012381
4 0.524286 0.358571 0.011429 0.012381
4 0.517500 0.336667 0.012143 0.012381
4 0.523571 0.352381 0.010000 0.013333
1 0.043929 0.456190 0.017857 0.038095
2 0.662143 0.481905 0.012857 0.034286
2 0.637143 0.437143 0.011429 0.032381
2 0.683214 0.412381 0.012143 0.024762
2 0.721071 0.485238 0.012143 0.033333
10 0.662857 0.497619 0.018571 0.035238
10 0.638571 0.447619 0.025714 0.026667
10 0.685357 0.421905 0.023571 0.022857
10 0.722857 0.494286 0.021429 0.024762
1 0.765714 0.486667 0.011429 0.055238
1 0.780357 0.496667 0.015000 0.058095
4 0.616786 0.364762 0.009286 0.015238
1 0.565714 0.362381 0.005714 0.018095
0 0.587857 0.373333 0.012857 0.028571
