4 0.467143 0.670952 0.071429 0.054286
4 0.624286 0.740476 0.077143 0.065714
4 0.767500 0.597143 0.070714 0.051429
4 0.629286 0.500476 0.040000 0.037143
4 0.301429 0.578095 0.042857 0.041905
4 0.352857 0.496190 0.047143 0.036190
4 0.272500 0.472857 0.032143 0.029524
4 0.253929 0.430000 0.025000 0.025714
4 0.550357 0.407143 0.012143 0.021905
4 0.552500 0.385238 0.012143 0.021905
4 0.552857 0.364762 0.014286 0.020952
4 0.541429 0.323810 0.011429 0.020952
4 0.545714 0.270476 0.010000 0.013333
4 0.558929 0.250952 0.013571 0.014286
4 0.582500 0.242381 0.007857 0.014286
4 0.925357 0.719524 0.096429 0.050476
4 0.921786 0.655238 0.075000 0.040000
1 0.299643 0.908571 0.025000 0.040000
1 0.175714 0.701429 0.017143 0.031429
4 0.155714 0.340000 0.018571 0.017143
4 0.088571 0.332381 0.017143 0.019048
1 0.569643 0.454286 0.005000 0.020952
2 0.246429 0.341905 0.007143 0.009524
2 0.371429 0.425238 0.007143 0.010476
2 0.475714 0.398095 0.005714 0.009524
2 0.439286 0.432857 0.005714 0.010476
2 0.452500 0.442381 0.006429 0.010476
10 0.475714 0.401905 0.007143 0.011429
10 0.451786 0.448095 0.010714 0.010476
10 0.438929 0.437143 0.010714 0.009524
10 0.371786 0.430476 0.012143 0.009524
10 0.246429 0.347143 0.010000 0.010476
0 0.268571 0.362381 0.005714 0.018095
0 0.663214 0.961905 0.042143 0.041905
5 0.531071 0.391905 0.017857 0.039048
