9 0.272143 0.925761 0.142857 0.145939
4 0.376786 0.965102 0.092143 0.067259
4 0.541071 0.802665 0.075000 0.102792
4 0.458571 0.757614 0.068571 0.106599
6 0.709286 0.673858 0.137143 0.129442
9 0.493214 0.538706 0.052143 0.229695
4 0.528929 0.445431 0.049286 0.058376
4 0.552857 0.432741 0.050000 0.060914
4 0.494643 0.386421 0.047857 0.049492
1 0.688214 0.385787 0.013571 0.035533
1 0.739643 0.406091 0.010714 0.032995
1 0.745000 0.401650 0.010000 0.034264
1 0.827143 0.475888 0.011429 0.032995
1 0.783929 0.416878 0.012143 0.029188
4 0.591071 0.095812 0.027857 0.024112
