10 0.264286 0.258249 0.010000 0.008883
2 0.265357 0.256980 0.005000 0.008883
5 0.425000 0.253173 0.030000 0.024112
5 0.446429 0.305203 0.028571 0.021574
4 0.493214 0.315355 0.020714 0.019036
4 0.463214 0.333122 0.029286 0.016497
4 0.417500 0.333122 0.027857 0.021574
1 0.340000 0.600254 0.004286 0.007614
0 0.347500 0.498096 0.005000 0.011421
4 0.015714 0.750635 0.031429 0.026650
4 0.118214 0.775381 0.025000 0.020305
4 0.102143 0.725254 0.030000 0.026650
4 0.261071 0.813452 0.023571 0.022843
4 0.365000 0.844543 0.024286 0.021574
4 0.439643 0.818528 0.026429 0.027919
6 0.200357 0.836929 0.062143 0.041878
5 0.300357 0.780457 0.030714 0.027919
5 0.371786 0.881345 0.029286 0.029188
1 0.296071 0.986675 0.003571 0.011421
1 0.347500 0.966371 0.002143 0.006345
1 0.348929 0.954949 0.005000 0.006345
1 0.353929 0.953680 0.003571 0.006345
1 0.343929 0.947970 0.003571 0.007614
6 0.568214 0.216371 0.050714 0.046954
9 0.611071 0.299492 0.039286 0.027919
5 0.592857 0.361041 0.028571 0.026650
5 0.548214 0.350254 0.025000 0.017766
6 0.542857 0.317259 0.050000 0.038071
4 0.566786 0.289340 0.026429 0.025381
4 0.592143 0.331218 0.028571 0.025381
4 0.505714 0.345178 0.028571 0.022843
5 0.557143 0.977792 0.020000 0.039340
9 0.630714 0.935279 0.028571 0.073604
5 0.622857 0.843274 0.017143 0.046954
6 0.683214 0.762056 0.033571 0.074873
4 0.720357 0.943528 0.026429 0.021574
4 0.823571 0.969543 0.030000 0.027919
4 0.675357 0.963832 0.020714 0.021574
4 0.754286 0.984137 0.030000 0.029188
4 0.786786 0.225888 0.017857 0.038071
4 0.852143 0.170685 0.021429 0.039340
5 0.865714 0.187183 0.020000 0.039340
5 0.842857 0.252538 0.025714 0.050761
5 0.885714 0.135152 0.024286 0.044416
5 0.845357 0.121827 0.023571 0.048223
9 0.830357 0.229695 0.033571 0.071066
9 0.875714 0.104061 0.031429 0.065990
6 0.915357 0.014594 0.016429 0.029188
