4 0.467641 0.887291 0.040710 0.084416
4 0.518789 0.828850 0.038622 0.076994
4 0.670668 0.974954 0.060543 0.048237
4 0.658925 0.923469 0.058977 0.058442
7 0.899008 0.369202 0.017223 0.033395
6 0.883090 0.447124 0.040710 0.029685
4 0.878132 0.434601 0.031837 0.025046
4 0.849426 0.475417 0.027662 0.045455
4 0.816023 0.419759 0.031837 0.030612
4 0.725992 0.415584 0.017745 0.037106
4 0.694676 0.411874 0.024008 0.029685
4 0.677192 0.403061 0.026618 0.030612
4 0.651879 0.394249 0.028184 0.027829
4 0.629697 0.382653 0.028706 0.028757
5 0.611952 0.370594 0.030793 0.030612
4 0.598121 0.362245 0.033403 0.023191
4 0.582203 0.350186 0.034969 0.026902
4 0.573069 0.338126 0.028184 0.025046
4 0.538100 0.451763 0.015658 0.042672
4 0.538883 0.419759 0.017223 0.038033
4 0.474426 0.452226 0.015658 0.039889
5 0.552714 0.306122 0.026096 0.025974
4 0.473382 0.299165 0.030271 0.023191
4 0.480167 0.290816 0.030271 0.017625
4 0.543319 0.294527 0.028184 0.021336
4 0.542015 0.279221 0.027662 0.022263
4 0.476775 0.271800 0.027662 0.018553
4 0.545146 0.267625 0.026618 0.019481
4 0.546451 0.251855 0.021921 0.021336
4 0.477818 0.261596 0.024530 0.014842
4 0.484081 0.244898 0.026618 0.020408
4 0.540188 0.241651 0.022965 0.021336
4 0.530271 0.230983 0.022965 0.022263
4 0.531315 0.220779 0.025052 0.018553
4 0.487474 0.205473 0.025052 0.017625
5 0.491127 0.184601 0.021921 0.018553
4 0.533664 0.186456 0.019311 0.016698
4 0.495825 0.174397 0.025052 0.016698
1 0.512004 0.169759 0.003132 0.016698
1 0.515397 0.208720 0.003653 0.016698
1 0.520877 0.199443 0.002088 0.012987
1 0.546712 0.211967 0.002610 0.015770
0 0.535230 0.197588 0.009916 0.018553
9 0.473904 0.022263 0.011482 0.029685
2 0.428236 0.089518 0.002610 0.008349
10 0.427453 0.094620 0.003132 0.009276
0 0.432933 0.066790 0.003653 0.011132
