5 0.416071 0.776650 0.055000 0.109137
5 0.480000 0.621193 0.037143 0.077411
5 0.465000 0.500000 0.017143 0.043147
5 0.490000 0.571066 0.024286 0.053299
4 0.475000 0.548858 0.042857 0.041878
6 0.451071 0.464467 0.020714 0.048223
6 0.443214 0.444797 0.026429 0.041878
1 0.097857 0.634518 0.012857 0.043147
1 0.119286 0.602157 0.011429 0.041878
1 0.231786 0.454315 0.003571 0.015228
1 0.227143 0.452411 0.005714 0.024112
1 0.232857 0.434645 0.005714 0.021574
1 0.244643 0.431472 0.005000 0.020305
1 0.278929 0.370558 0.003571 0.012690
1 0.221071 0.452411 0.005000 0.016497
1 0.214286 0.453680 0.005714 0.024112
1 0.217143 0.449873 0.004286 0.021574
1 0.290357 0.348985 0.003571 0.010152
1 0.289286 0.348350 0.002857 0.011421
4 0.331429 0.346447 0.008571 0.010152
1 0.336786 0.346447 0.002143 0.012690
1 0.282500 0.348985 0.002143 0.007614
1 0.268214 0.352792 0.002143 0.007614
1 0.135000 0.509518 0.005714 0.024112
