4 0.291071 0.349048 0.026429 0.020000
4 0.293571 0.326667 0.027143 0.019048
4 0.302500 0.266190 0.023571 0.018095
4 0.178571 0.600952 0.034286 0.020952
4 0.186429 0.558095 0.034286 0.024762
4 0.184643 0.580952 0.037857 0.020952
4 0.167143 0.628095 0.040000 0.021905
4 0.161429 0.654286 0.038571 0.019048
4 0.687143 0.562857 0.022857 0.040000
4 0.690000 0.451429 0.031429 0.019048
4 0.529286 0.216667 0.011429 0.018095
5 0.597143 0.274286 0.011429 0.020952
5 0.611071 0.276667 0.012143 0.020000
5 0.632857 0.270476 0.014286 0.022857
6 0.377500 0.040000 0.010714 0.030476
6 0.546786 0.067619 0.010714 0.024762
6 0.494286 0.151905 0.011429 0.025714
6 0.641786 0.317143 0.017857 0.055238
4 0.781071 0.637619 0.037857 0.025714
4 0.667143 0.384762 0.024286 0.015238
4 0.680000 0.420000 0.020000 0.017143
4 0.671071 0.398571 0.019286 0.012381
4 0.568571 0.107619 0.017143 0.009524
4 0.557143 0.114286 0.015714 0.009524
0 0.588571 0.224762 0.021429 0.028571
4 0.575714 0.152381 0.008571 0.011429
4 0.563214 0.174762 0.010714 0.018095
4 0.558929 0.082857 0.015000 0.009524
0 0.571786 0.118095 0.003571 0.009524
1 0.543571 0.112857 0.002857 0.008571
4 0.550000 0.051905 0.007143 0.008571
4 0.562500 0.102381 0.013571 0.008571
4 0.148929 0.709524 0.043571 0.028571
6 0.787143 0.343810 0.040000 0.064762
6 0.860714 0.329048 0.045714 0.069524
6 0.880714 0.320476 0.042857 0.061905
6 0.968571 0.417619 0.062857 0.037143
6 0.978214 0.561905 0.043571 0.068571
6 0.952500 0.549524 0.036429 0.051429
6 0.800000 0.431905 0.031429 0.039048
1 0.811071 0.481429 0.005000 0.012381
6 0.911429 0.314762 0.022857 0.052381
1 0.657143 0.404762 0.002857 0.011429
1 0.659286 0.406190 0.002857 0.012381
4 0.925714 0.585238 0.018571 0.033333
4 0.976786 0.589524 0.023571 0.030476
0 0.351786 0.228571 0.019286 0.038095
4 0.315000 0.157619 0.017143 0.010476
4 0.313214 0.153810 0.016429 0.008571
1 0.409643 0.050952 0.002143 0.008571
1 0.424643 0.047143 0.003571 0.008571
0 0.439643 0.042381 0.007857 0.027619
