4 0.294643 0.500000 0.045000 0.089524
4 0.334286 0.452857 0.048571 0.092381
4 0.230000 0.298095 0.034286 0.068571
4 0.280000 0.304286 0.037143 0.065714
4 0.239286 0.190952 0.032857 0.058095
4 0.151429 0.065238 0.034286 0.050476
4 0.237857 0.090952 0.024286 0.042857
4 0.440000 0.616667 0.052857 0.100000
4 0.413214 0.686190 0.057857 0.107619
4 0.407143 0.874762 0.062857 0.126667
4 0.570714 0.831905 0.064286 0.117143
4 0.015714 0.108095 0.030000 0.023810
4 0.020357 0.132381 0.040714 0.022857
4 0.019643 0.156667 0.036429 0.023810
4 0.021786 0.182857 0.042143 0.028571
4 0.020000 0.211429 0.037143 0.017143
4 0.021786 0.244762 0.042143 0.032381
4 0.029643 0.284286 0.056429 0.042857
4 0.097500 0.056190 0.030714 0.051429
4 0.107857 0.108571 0.032857 0.051429
4 0.123214 0.164762 0.037857 0.060952
4 0.143214 0.237143 0.036429 0.055238
8 0.156071 0.189524 0.022143 0.041905
4 0.159643 0.292857 0.037857 0.063810
4 0.291071 0.173810 0.035000 0.054286
4 0.316071 0.230000 0.039286 0.054286
4 0.186071 0.378571 0.040714 0.067619
4 0.240714 0.543333 0.051429 0.090476
4 0.041071 0.398095 0.075000 0.062857
4 0.057857 0.441429 0.072857 0.060000
4 0.089643 0.521429 0.065000 0.052381
4 0.098214 0.578571 0.085000 0.069524
4 0.110357 0.621429 0.077857 0.069524
4 0.171429 0.892857 0.091429 0.094286
4 0.170357 0.967143 0.102143 0.061905
4 0.323214 0.873810 0.057857 0.122857
10 0.257857 0.834762 0.030000 0.016190
10 0.286786 0.951429 0.029286 0.022857
10 0.251786 0.899048 0.029286 0.022857
4 0.209286 0.463333 0.052857 0.069524
6 0.338214 0.014762 0.062143 0.027619
5 0.358929 0.063333 0.055000 0.039048
4 0.372143 0.083810 0.054286 0.043810
4 0.374286 0.113333 0.051429 0.045714
4 0.407500 0.170476 0.057857 0.049524
4 0.426071 0.195238 0.057857 0.045714
4 0.441786 0.228095 0.062143 0.048571
4 0.468929 0.284762 0.062143 0.053333
4 0.485357 0.310952 0.059286 0.046667
4 0.501786 0.345714 0.070714 0.049524
4 0.512857 0.383810 0.065714 0.059048
4 0.553929 0.440476 0.062143 0.056190
5 0.352857 0.316667 0.037143 0.058095
10 0.380714 0.308095 0.007143 0.018095
10 0.390357 0.319524 0.006429 0.018095
1 0.401786 0.324286 0.003571 0.016190
10 0.369643 0.355714 0.025000 0.020000
4 0.389286 0.404286 0.045714 0.077143
4 0.445000 0.527619 0.050000 0.081905
4 0.510000 0.687143 0.064286 0.101905
4 0.524643 0.956190 0.066429 0.087619
10 0.445357 0.027619 0.023571 0.015238
10 0.493571 0.089048 0.022857 0.014286
10 0.503214 0.105238 0.017857 0.018095
1 0.492500 0.079524 0.007857 0.012381
10 0.534286 0.157619 0.021429 0.020000
4 0.631429 0.972857 0.051429 0.054286
7 0.655000 0.342381 0.020000 0.023810
10 0.711429 0.423810 0.011429 0.028571
1 0.632857 0.449524 0.007143 0.020952
1 0.642500 0.448095 0.007857 0.031429
4 0.568929 0.486667 0.067857 0.064762
4 0.595714 0.518095 0.065714 0.070476
4 0.619286 0.555238 0.074286 0.070476
4 0.632143 0.604762 0.077143 0.078095
4 0.660000 0.645714 0.082857 0.080000
4 0.694286 0.703810 0.081429 0.080000
4 0.725714 0.790000 0.090000 0.080952
4 0.787857 0.874762 0.087143 0.100000
4 0.814643 0.947619 0.096429 0.100952
10 0.971071 0.773333 0.027857 0.038095
10 0.875714 0.696667 0.014286 0.035238
