0 0.616071 0.360952 0.016429 0.020952
0 0.502143 0.097143 0.011429 0.036190
0 0.512143 0.068095 0.014286 0.012381
0 0.524286 0.054286 0.008571 0.015238
6 0.868571 0.562381 0.071429 0.069524
6 0.965714 0.544762 0.058571 0.055238
6 0.873929 0.604286 0.043571 0.042857
6 0.965357 0.482381 0.069286 0.107619
6 0.549286 0.418095 0.025714 0.041905
6 0.567857 0.325238 0.031429 0.027619
6 0.542143 0.447143 0.031429 0.060000
6 0.473571 0.201905 0.014286 0.032381
6 0.482500 0.073333 0.012143 0.024762
6 0.335714 0.275714 0.015714 0.042857
6 0.010714 0.180952 0.020000 0.032381
6 0.026786 0.177143 0.046429 0.038095
6 0.006786 0.139524 0.013571 0.025714
6 0.051071 0.217143 0.060714 0.026667
6 0.022143 0.212857 0.041429 0.023810
6 0.071071 0.200476 0.050714 0.021905
6 0.063929 0.195238 0.062143 0.030476
6 0.071071 0.186667 0.047857 0.019048
6 0.075000 0.180952 0.044286 0.020952
6 0.073929 0.171905 0.043571 0.018095
6 0.080357 0.158095 0.017857 0.013333
6 0.179643 0.180000 0.037857 0.019048
6 0.179643 0.193333 0.049286 0.024762
6 0.233571 0.185238 0.025714 0.018095
6 0.175357 0.172381 0.030714 0.020952
6 0.225714 0.162857 0.048571 0.026667
6 0.179286 0.156667 0.048571 0.018095
6 0.178214 0.161905 0.040714 0.022857
6 0.229643 0.150952 0.032143 0.018095
6 0.029643 0.139524 0.022143 0.023810
6 0.151786 0.134286 0.015000 0.019048
6 0.185714 0.132381 0.014286 0.019048
6 0.195000 0.131905 0.010000 0.016190
6 0.163214 0.134762 0.016429 0.016190
6 0.098571 0.137143 0.017143 0.020952
6 0.044643 0.139048 0.025000 0.022857
6 0.288214 0.131429 0.010714 0.017143
4 0.749643 0.607143 0.032143 0.029524
4 0.780357 0.589048 0.029286 0.027619
4 0.662500 0.747619 0.030714 0.051429
4 0.570000 0.474286 0.017143 0.026667
4 0.611071 0.465714 0.029286 0.022857
4 0.662500 0.453810 0.022143 0.025714
4 0.746429 0.478095 0.014286 0.028571
4 0.767143 0.480476 0.015714 0.029524
4 0.821429 0.485238 0.021429 0.031429
4 0.862143 0.484762 0.022857 0.028571
4 0.913929 0.583810 0.033571 0.028571
4 0.918214 0.538095 0.029286 0.024762
5 0.882143 0.481905 0.018571 0.034286
5 0.803214 0.480952 0.016429 0.032381
5 0.784643 0.480952 0.016429 0.028571
5 0.770000 0.631905 0.028571 0.031429
6 0.812143 0.600000 0.041429 0.036190
6 0.814286 0.564762 0.034286 0.036190
6 0.598929 0.538095 0.017857 0.028571
4 0.866786 0.418571 0.020714 0.025714
4 0.784643 0.437143 0.022143 0.028571
4 0.796786 0.435238 0.020714 0.026667
4 0.822143 0.424762 0.024286 0.022857
4 0.810714 0.432381 0.022857 0.022857
5 0.837857 0.422857 0.021429 0.024762
5 0.842143 0.410000 0.022857 0.023810
5 0.505000 0.426667 0.018571 0.034286
4 0.515357 0.466190 0.015000 0.031429
4 0.499643 0.467619 0.015000 0.030476
4 0.524286 0.500000 0.017143 0.034286
9 0.531429 0.561429 0.044286 0.101905
4 0.967857 0.803810 0.027143 0.053333
2 0.938214 0.624286 0.005000 0.010476
2 0.760357 0.778095 0.005000 0.015238
2 0.768929 0.844286 0.006429 0.010476
7 0.757857 0.773810 0.010000 0.033333
7 0.771071 0.839524 0.017857 0.023810
10 0.935714 0.624762 0.015714 0.013333
10 0.716429 0.570000 0.007143 0.014286
2 0.717857 0.566667 0.005714 0.009524
2 0.683214 0.635238 0.005000 0.015238
8 0.682143 0.650476 0.015714 0.019048
10 0.682500 0.636190 0.009286 0.007619
10 0.667500 0.425714 0.003571 0.011429
10 0.628929 0.418095 0.007857 0.013333
10 0.611429 0.404286 0.010000 0.010476
10 0.565357 0.417619 0.007857 0.010476
10 0.599286 0.406667 0.010000 0.009524
2 0.566429 0.414762 0.004286 0.008571
2 0.630357 0.418095 0.005000 0.013333
2 0.569286 0.408095 0.004286 0.008571
1 0.661429 0.390476 0.004286 0.013333
1 0.613214 0.405714 0.003571 0.013333
4 0.648929 0.417143 0.029286 0.017143
4 0.647500 0.402381 0.025000 0.014286
4 0.640714 0.394286 0.024286 0.015238
4 0.635357 0.383810 0.023571 0.013333
4 0.628929 0.373810 0.025000 0.016190
4 0.602857 0.338095 0.018571 0.013333
4 0.617500 0.324286 0.020714 0.014286
5 0.595357 0.330000 0.017857 0.016190
5 0.610000 0.345238 0.020000 0.014286
5 0.563214 0.347143 0.023571 0.016190
4 0.583571 0.400476 0.024286 0.014286
4 0.581429 0.389524 0.022857 0.015238
4 0.575714 0.380476 0.024286 0.012381
4 0.573571 0.367619 0.025714 0.013333
4 0.567143 0.356190 0.021429 0.013333
5 0.232500 0.131905 0.009286 0.010476
4 0.260714 0.135714 0.008571 0.010476
5 0.332143 0.105238 0.005714 0.008571
5 0.344286 0.107619 0.007143 0.007619
4 0.240000 0.130952 0.007143 0.012381
4 0.268929 0.135714 0.007857 0.010476
4 0.277857 0.135714 0.007143 0.010476
4 0.284643 0.219048 0.007857 0.013333
5 0.240357 0.172857 0.013571 0.010476
5 0.337143 0.142381 0.005714 0.010476
6 0.294643 0.215238 0.010714 0.022857
6 0.316429 0.145238 0.021429 0.012381
0 0.335714 0.074286 0.015714 0.022857
4 0.348214 0.090952 0.005000 0.010476
4 0.400357 0.178095 0.007857 0.013333
4 0.461071 0.152381 0.007857 0.009524
4 0.410357 0.059524 0.010714 0.006667
4 0.477857 0.155238 0.005714 0.011429
4 0.350000 0.110000 0.007143 0.008571
0 0.376429 0.113333 0.011429 0.017143
9 0.386071 0.125238 0.017857 0.027619
0 0.372857 0.190476 0.008571 0.019048
0 0.366429 0.322381 0.025714 0.016190
2 0.391786 0.248095 0.003571 0.006667
2 0.481429 0.324286 0.002857 0.012381
10 0.392857 0.252381 0.002857 0.009524
10 0.481071 0.324762 0.009286 0.011429
1 0.310714 0.227619 0.002857 0.009524
0 0.357500 0.266190 0.009286 0.012381
0 0.506429 0.267619 0.004286 0.009524
4 0.485714 0.248095 0.010000 0.016190
4 0.526071 0.093810 0.012143 0.008571
4 0.543929 0.080000 0.005000 0.009524
4 0.542143 0.092381 0.004286 0.007619
4 0.483929 0.098571 0.006429 0.008571
4 0.471071 0.124286 0.006429 0.008571
4 0.498214 0.122381 0.005000 0.008571
4 0.496429 0.060000 0.005714 0.007619
4 0.493214 0.083810 0.005000 0.005714
4 0.496786 0.070952 0.006429 0.006667
4 0.489643 0.108095 0.005000 0.008571
5 0.482143 0.123333 0.005714 0.010476
5 0.476786 0.106667 0.006429 0.007619
4 0.527500 0.104762 0.012143 0.007619
4 0.497857 0.138571 0.005714 0.010476
0 0.487500 0.137143 0.006429 0.017143
0 0.513214 0.180476 0.019286 0.016190
0 0.507500 0.041905 0.009286 0.019048
0 0.519643 0.008095 0.006429 0.016190
4 0.511429 0.010476 0.004286 0.005714
0 0.413214 0.024286 0.015000 0.021905
4 0.409643 0.970952 0.053571 0.039048
5 0.504286 0.501905 0.015714 0.028571
4 0.483214 0.400476 0.015000 0.025714
4 0.553929 0.341429 0.017857 0.014286
6 0.621071 0.310000 0.025000 0.021905
4 0.493214 0.388095 0.015000 0.023810
6 0.513214 0.320000 0.009286 0.019048
10 0.749643 0.441429 0.009286 0.010476
1 0.747500 0.426667 0.005000 0.011429
1 0.751786 0.425714 0.005000 0.011429
10 0.672143 0.445238 0.008571 0.008571
1 0.589286 0.281429 0.002857 0.008571
0 0.616429 0.227143 0.021429 0.016190
0 0.305357 0.237619 0.005000 0.018095
