6 0.153214 0.922589 0.070714 0.068528
0 0.537500 0.741117 0.006429 0.012690
10 0.650714 0.807741 0.005714 0.021574
6 0.946786 0.968909 0.043571 0.059645
6 0.829643 0.795685 0.047857 0.149746
6 0.891429 0.875000 0.061429 0.161168
5 0.876071 0.923858 0.030714 0.078680
4 0.853929 0.930838 0.022143 0.062183
4 0.797143 0.680203 0.021429 0.055838
4 0.784643 0.604695 0.019286 0.054569
4 0.692857 0.595812 0.018571 0.046954
4 0.656071 0.475254 0.016429 0.041878
5 0.770714 0.536168 0.022857 0.054569
5 0.752500 0.437183 0.016429 0.046954
5 0.730714 0.345178 0.018571 0.048223
5 0.696786 0.203680 0.017857 0.049492
4 0.741429 0.395305 0.017143 0.039340
1 0.811429 0.401015 0.005714 0.015228
1 0.823571 0.410533 0.005714 0.011421
1 0.522500 0.316624 0.003571 0.011421
10 0.621429 0.088832 0.005714 0.015228
2 0.621429 0.087563 0.004286 0.012690
