1 0.226071 0.185238 0.013571 0.021905
10 0.252857 0.179524 0.030000 0.023810
1 0.361786 0.263810 0.010714 0.024762
5 0.258571 0.269048 0.054286 0.058095
8 0.313929 0.308571 0.060714 0.064762
8 0.406071 0.275714 0.033571 0.039048
1 0.425357 0.275238 0.007857 0.028571
2 0.450714 0.232381 0.008571 0.022857
10 0.508929 0.147619 0.019286 0.026667
10 0.562143 0.100952 0.007143 0.034286
10 0.572143 0.098571 0.005714 0.029524
3 0.536429 0.077143 0.010000 0.024762
4 0.510714 0.260476 0.017143 0.033333
6 0.709286 0.080476 0.082857 0.149524
4 0.657857 0.205238 0.042857 0.071429
4 0.593571 0.330476 0.048571 0.072381
1 0.606786 0.350000 0.006429 0.023810
5 0.550000 0.429524 0.045714 0.074286
6 0.499286 0.430000 0.071429 0.122857
2 0.495000 0.400476 0.008571 0.014286
1 0.415714 0.395238 0.011429 0.024762
1 0.402500 0.394762 0.010714 0.025714
8 0.370357 0.381905 0.053571 0.068571
1 0.344643 0.383810 0.009286 0.028571
10 0.360714 0.415238 0.020000 0.026667
2 0.335357 0.394762 0.010714 0.018095
2 0.363929 0.450000 0.015000 0.023810
2 0.360000 0.462857 0.015714 0.019048
2 0.283214 0.422857 0.015000 0.022857
3 0.303929 0.436190 0.017857 0.030476
1 0.426786 0.444762 0.009286 0.022857
1 0.414643 0.491905 0.006429 0.018095
1 0.425000 0.533333 0.011429 0.017143
3 0.424643 0.531905 0.012143 0.033333
10 0.332143 0.521905 0.018571 0.030476
2 0.383214 0.519048 0.012143 0.019048
2 0.369643 0.524762 0.012143 0.015238
2 0.358214 0.546667 0.013571 0.019048
2 0.345714 0.585714 0.011429 0.015238
1 0.361786 0.571429 0.010714 0.019048
1 0.390714 0.543810 0.014286 0.020952
8 0.405000 0.525238 0.031429 0.046667
8 0.359643 0.600952 0.043571 0.059048
10 0.351429 0.637143 0.025714 0.013333
1 0.338571 0.671905 0.014286 0.018095
1 0.339643 0.699524 0.017857 0.020000
3 0.338571 0.697143 0.020000 0.034286
10 0.080000 0.718571 0.037143 0.021905
10 0.042500 0.767143 0.026429 0.027619
10 0.051071 0.943333 0.027857 0.027619
1 0.078214 0.963810 0.023571 0.020952
1 0.075714 0.989048 0.028571 0.018095
1 0.104643 0.975714 0.017857 0.012381
1 0.115714 0.993810 0.024286 0.010476
10 0.151786 0.979524 0.033571 0.039048
1 0.156429 0.884762 0.024286 0.013333
2 0.202500 0.832857 0.015000 0.016190
3 0.180000 0.809524 0.025714 0.026667
8 0.193571 0.794762 0.048571 0.044762
1 0.237857 0.820952 0.015714 0.013333
10 0.238929 0.858571 0.030714 0.037143
10 0.265357 0.811429 0.032143 0.024762
2 0.261786 0.812857 0.017857 0.021905
2 0.277857 0.884286 0.020000 0.023810
10 0.274286 0.888095 0.038571 0.044762
4 0.317857 0.933810 0.080000 0.130476
1 0.445714 0.939524 0.014286 0.021905
1 0.520714 0.933810 0.010000 0.020000
1 0.379643 0.798571 0.009286 0.012381
1 0.414286 0.810000 0.010000 0.020000
8 0.417857 0.797143 0.054286 0.059048
10 0.946071 0.901429 0.032143 0.037143
10 0.927500 0.916667 0.030714 0.033333
4 0.849643 0.851905 0.090714 0.086667
5 0.762143 0.777619 0.087143 0.101905
10 0.776786 0.843810 0.039286 0.028571
2 0.779643 0.843333 0.016429 0.023810
2 0.694286 0.801429 0.017143 0.018095
10 0.692857 0.804286 0.034286 0.027619
10 0.663571 0.749524 0.030000 0.024762
2 0.662857 0.745238 0.018571 0.021905
3 0.625357 0.616667 0.026429 0.025714
2 0.623571 0.637143 0.010000 0.013333
1 0.609643 0.654286 0.010714 0.011429
1 0.617500 0.721429 0.013571 0.014286
2 0.636071 0.652381 0.013571 0.017143
2 0.642143 0.665238 0.010000 0.020000
1 0.627857 0.800476 0.010000 0.014286
1 0.587857 0.780952 0.011429 0.017143
1 0.727857 0.894286 0.017143 0.015238
1 0.740000 0.903333 0.011429 0.018095
1 0.733214 0.931905 0.016429 0.025714
8 0.739286 0.922381 0.054286 0.054286
8 0.798929 0.969524 0.056429 0.057143
1 0.808929 0.984762 0.015000 0.022857
1 0.780714 0.985238 0.018571 0.018095
2 0.671071 0.986190 0.012143 0.023810
3 0.630000 0.952857 0.020000 0.031429
2 0.652143 0.899524 0.010000 0.023810
2 0.588214 0.920952 0.013571 0.019048
8 0.669286 0.876190 0.051429 0.064762
8 0.580357 0.919524 0.055000 0.088571
8 0.598571 0.825238 0.034286 0.039048
8 0.553214 0.783333 0.042143 0.067619
8 0.502143 0.746190 0.040000 0.069524
8 0.467500 0.726190 0.043571 0.039048
1 0.551786 0.785714 0.012143 0.026667
1 0.566429 0.767143 0.010000 0.021905
1 0.556786 0.759524 0.009286 0.023810
1 0.527857 0.756190 0.010000 0.017143
2 0.501786 0.698095 0.016429 0.017143
3 0.501786 0.700000 0.010714 0.038095
2 0.493929 0.766190 0.010714 0.014286
2 0.475714 0.754286 0.010000 0.015238
1 0.455714 0.690952 0.010000 0.014286
5 0.356071 0.734762 0.069286 0.100000
8 0.282857 0.741429 0.048571 0.067619
2 0.273214 0.730476 0.012143 0.015238
