4 0.027500 0.460476 0.032143 0.018095
6 0.016786 0.432381 0.033571 0.038095
4 0.198571 0.427619 0.021429 0.022857
4 0.212500 0.409524 0.022143 0.020952
4 0.232500 0.387143 0.020714 0.021905
10 0.191786 0.408571 0.012143 0.011429
10 0.201429 0.400000 0.011429 0.011429
10 0.187500 0.400000 0.010714 0.011429
10 0.328571 0.316190 0.008571 0.005714
2 0.328214 0.310952 0.003571 0.012381
4 0.373929 0.319048 0.020714 0.011429
4 0.393571 0.302381 0.008571 0.012381
4 0.405357 0.302857 0.009286 0.013333
4 0.415000 0.338571 0.015714 0.018095
4 0.432500 0.340000 0.012143 0.017143
0 0.450357 0.181429 0.012143 0.054286
4 0.513571 0.338571 0.022857 0.018095
4 0.519643 0.329524 0.022143 0.013333
4 0.529286 0.457143 0.031429 0.026667
4 0.532143 0.442857 0.032857 0.020952
10 0.529643 0.680476 0.019286 0.021905
10 0.536429 0.657619 0.018571 0.016190
10 0.535000 0.670952 0.020000 0.020000
1 0.566429 0.681429 0.007143 0.016190
5 0.486071 0.883810 0.066429 0.066667
2 0.458571 0.727143 0.007143 0.016190
3 0.457857 0.731905 0.008571 0.023810
1 0.407500 0.532857 0.006429 0.014286
1 0.405000 0.530000 0.007143 0.016190
4 0.335714 0.246667 0.008571 0.015238
