4 0.200357 0.233333 0.093571 0.059048
4 0.292857 0.651905 0.045714 0.124762
4 0.279643 0.821429 0.049286 0.138095
4 0.265000 0.963810 0.052857 0.072381
2 0.166786 0.961905 0.017857 0.022857
3 0.170000 0.956667 0.017143 0.056190
2 0.308214 0.986190 0.019286 0.021905
3 0.311429 0.979048 0.010000 0.041905
5 0.299286 0.510000 0.042857 0.096190
4 0.315357 0.372857 0.047857 0.117143
1 0.337143 0.417619 0.015714 0.025714
1 0.226786 0.282857 0.017857 0.024762
1 0.189643 0.439048 0.019286 0.017143
1 0.141429 0.278095 0.020000 0.024762
1 0.212143 0.400000 0.015714 0.020952
1 0.221786 0.380952 0.019286 0.022857
1 0.547500 0.441429 0.009286 0.021905
5 0.410000 0.583810 0.052857 0.137143
1 0.534643 0.676190 0.012143 0.020952
1 0.657500 0.684762 0.019286 0.019048
4 0.945714 0.674286 0.064286 0.127619
4 0.802143 0.257619 0.041429 0.098095
5 0.815357 0.024762 0.070714 0.049524
1 0.763571 0.109524 0.014286 0.034286
1 0.753929 0.106667 0.015000 0.034286
1 0.758571 0.065714 0.017143 0.040000
4 0.629643 0.945714 0.049286 0.108571
3 0.170357 0.494762 0.032143 0.035238
10 0.193929 0.357143 0.036429 0.020952
10 0.207857 0.323810 0.031429 0.026667
3 0.201071 0.301429 0.032143 0.021905
3 0.186071 0.394286 0.032143 0.017143
3 0.150000 0.361905 0.024286 0.041905
3 0.170000 0.351429 0.021429 0.028571
10 0.224643 0.372857 0.032143 0.031429
3 0.189286 0.430476 0.030000 0.017143
3 0.160357 0.179048 0.016429 0.040000
1 0.058929 0.115238 0.022143 0.032381
1 0.021071 0.159048 0.022143 0.032381
1 0.792500 0.700952 0.019286 0.017143
1 0.848214 0.863810 0.022143 0.019048
1 0.870000 0.903333 0.024286 0.031429
1 0.804643 0.899524 0.017857 0.023810
1 0.751071 0.960952 0.020714 0.024762
1 0.787143 0.957143 0.020000 0.024762
1 0.846071 0.930476 0.022143 0.026667
1 0.863571 0.934762 0.024286 0.020000
7 0.826429 0.880476 0.048571 0.040952
1 0.743571 0.779048 0.015714 0.019048
6 0.697500 0.711905 0.047857 0.159048
1 0.718214 0.803333 0.016429 0.020000
1 0.721071 0.814762 0.006429 0.016190
1 0.730714 0.796190 0.018571 0.022857
