4 0.567143 0.662857 0.034286 0.057143
4 0.546429 0.609048 0.027143 0.039048
4 0.275714 0.904286 0.105714 0.088571
9 0.498571 0.501429 0.035714 0.063810
5 0.525000 0.564286 0.028571 0.048571
4 0.515000 0.543810 0.025714 0.032381
4 0.482143 0.422857 0.011429 0.013333
4 0.471071 0.401429 0.010714 0.012381
4 0.458571 0.379048 0.008571 0.009524
4 0.450000 0.364286 0.007143 0.010476
4 0.329286 0.658571 0.052857 0.054286
4 0.373214 0.595238 0.026429 0.032381
4 0.263929 0.689524 0.056429 0.059048
4 0.170357 0.733333 0.053571 0.036190
5 0.838571 0.658095 0.052857 0.068571
4 0.481786 0.462381 0.016429 0.021905
5 0.330357 0.526190 0.026429 0.025714
4 0.343214 0.512857 0.026429 0.027619
1 0.374286 0.740476 0.011429 0.033333
1 0.355357 0.840476 0.013571 0.031429
1 0.312857 0.836190 0.012857 0.036190
1 0.320714 0.734762 0.011429 0.031429
1 0.378571 0.736190 0.012857 0.032381
2 0.314286 0.811905 0.015714 0.025714
10 0.317857 0.820000 0.027143 0.028571
1 0.283214 0.976667 0.015000 0.042857
1 0.305714 0.976190 0.015714 0.041905
2 0.421429 0.631905 0.010000 0.020000
3 0.421429 0.639048 0.010000 0.026667
4 0.264286 0.590952 0.021429 0.037143
4 0.288571 0.587143 0.028571 0.037143
4 0.312143 0.579524 0.025714 0.039048
0 0.357500 0.464286 0.016429 0.065714
0 0.365357 0.395238 0.010714 0.060952
4 0.983929 0.732857 0.032143 0.044762
3 0.775714 0.745238 0.025714 0.023810
1 0.778929 0.743333 0.010714 0.035238
