6 0.110714 0.593333 0.221429 0.219048
1 0.235000 0.601905 0.040000 0.057143
1 0.205357 0.638571 0.042143 0.060000
1 0.160000 0.415714 0.037143 0.056190
3 0.163929 0.424286 0.053571 0.039048
4 0.318571 0.507143 0.135714 0.109524
4 0.486429 0.402857 0.128571 0.100952
4 0.610000 0.335238 0.115714 0.099048
4 0.929643 0.528571 0.136429 0.148571
2 0.760000 0.392857 0.022857 0.054286
10 0.756071 0.399524 0.042143 0.050476
3 0.801429 0.479524 0.037143 0.060000
8 0.747857 0.527619 0.082857 0.085714
5 0.717857 0.268095 0.105714 0.105714
5 0.810714 0.216667 0.094286 0.080952
5 0.892500 0.170476 0.086429 0.072381
5 0.962857 0.128571 0.074286 0.083810
1 0.780000 0.107619 0.014286 0.047619
1 0.882500 0.206190 0.023571 0.046667
1 0.655714 0.980000 0.032857 0.040000
5 0.623571 0.671905 0.150000 0.128571
2 0.504643 0.668571 0.029286 0.040000
2 0.516786 0.664762 0.035000 0.057143
10 0.513214 0.665714 0.053571 0.076190
4 0.362500 0.861905 0.205000 0.137143
4 0.102143 0.945714 0.204286 0.106667
