6 0.046190 0.366883 0.057933 0.067718
4 0.137787 0.386364 0.056367 0.049165
5 0.156054 0.398423 0.061587 0.052876
4 0.190762 0.416512 0.054802 0.048237
4 0.216075 0.433210 0.058455 0.055659
8 0.264092 0.442950 0.036534 0.043599
1 0.234081 0.449907 0.013048 0.037106
1 0.238779 0.488404 0.012004 0.047310
7 0.198069 0.462430 0.034969 0.047310
7 0.248956 0.486549 0.040710 0.052876
7 0.302714 0.507421 0.030271 0.046382
1 0.308194 0.494898 0.013048 0.049165
4 0.211639 0.532468 0.067328 0.061224
4 0.027401 0.532468 0.053758 0.072356
5 0.122129 0.636364 0.090814 0.105751
10 0.167276 0.684601 0.022443 0.050093
1 0.119781 0.588590 0.017223 0.047310
2 0.116388 0.572820 0.015658 0.034323
10 0.182411 0.692486 0.017223 0.049165
10 0.195981 0.711503 0.032881 0.046382
7 0.228340 0.651206 0.060021 0.066790
1 0.318633 0.684601 0.010960 0.057514
1 0.389092 0.727737 0.017223 0.069573
1 0.424843 0.698980 0.012526 0.069573
1 0.430585 0.719852 0.009395 0.044527
2 0.459812 0.782931 0.016701 0.061224
2 0.477818 0.738868 0.013048 0.051020
2 0.487474 0.746753 0.012526 0.050093
1 0.520094 0.820037 0.015136 0.077922
10 0.489562 0.882653 0.022965 0.104824
1 0.597338 0.779685 0.015136 0.054731
10 0.561587 0.948516 0.046973 0.065863
8 0.795929 0.885900 0.075157 0.111317
7 0.822547 0.756030 0.049061 0.094620
2 0.830115 0.748145 0.021399 0.051020
7 0.970251 0.672078 0.049061 0.058442
7 0.903706 0.644712 0.040188 0.076067
2 0.857255 0.544991 0.012004 0.025046
2 0.847860 0.532931 0.013048 0.034323
4 0.882829 0.568182 0.054802 0.067718
4 0.794885 0.461967 0.041754 0.055659
4 0.777662 0.425325 0.036534 0.043599
4 0.761482 0.386827 0.028184 0.040816
4 0.743215 0.350649 0.027140 0.029685
1 0.721033 0.618275 0.014092 0.058442
1 0.698069 0.568182 0.009916 0.038033
1 0.723904 0.543135 0.010438 0.049165
1 0.718163 0.536178 0.009395 0.042672
5 0.678497 0.489796 0.032359 0.076067
5 0.671190 0.435529 0.027140 0.051020
4 0.658664 0.383117 0.024008 0.055659
1 0.691806 0.418367 0.006785 0.027829
1 0.686065 0.415584 0.007829 0.035250
7 0.624478 0.500928 0.019311 0.038961
2 0.629958 0.608534 0.018789 0.040816
2 0.613257 0.615955 0.013570 0.035250
2 0.600470 0.628479 0.012004 0.034323
10 0.579593 0.596011 0.026618 0.038033
7 0.620042 0.583488 0.049061 0.059369
7 0.513831 0.615955 0.054802 0.077922
7 0.527401 0.576067 0.047495 0.055659
8 0.527401 0.519481 0.039144 0.061224
4 0.588727 0.511596 0.055324 0.069573
7 0.448069 0.581169 0.031837 0.052876
2 0.436065 0.565399 0.013048 0.032468
2 0.424843 0.559833 0.011482 0.036178
2 0.417276 0.557050 0.008873 0.032468
1 0.406837 0.466605 0.014092 0.044527
7 0.383612 0.711039 0.066806 0.089981
7 0.661534 0.210111 0.009916 0.015770
4 0.604645 0.201299 0.015136 0.025974
4 0.646138 0.326067 0.019833 0.051020
7 0.319415 0.660946 0.053236 0.076994
7 0.456420 0.760668 0.071503 0.085343
8 0.713727 0.234694 0.015136 0.024119
7 0.902923 0.246753 0.024008 0.020408
10 0.905271 0.233766 0.004697 0.011132
10 0.910230 0.236085 0.005219 0.012059
6 0.951461 0.242579 0.028184 0.021336
5 0.985647 0.246753 0.027662 0.027829
