3 0.277500 0.809524 0.059286 0.114286
4 0.158214 0.682857 0.199286 0.114286
1 0.383214 0.563810 0.020714 0.076190
8 0.383214 0.501429 0.085000 0.061905
1 0.366429 0.486667 0.018571 0.062857
1 0.383214 0.478571 0.015000 0.065714
1 0.465000 0.499048 0.015714 0.064762
1 0.458929 0.467143 0.013571 0.069524
10 0.517143 0.539048 0.025714 0.083810
1 0.387857 0.177619 0.005714 0.020000
1 0.394643 0.170952 0.006429 0.031429
3 0.405714 0.162857 0.008571 0.034286
1 0.417857 0.173333 0.008571 0.036190
1 0.370714 0.085714 0.005714 0.019048
3 0.726071 0.607143 0.057857 0.067619
4 0.625714 0.329524 0.057143 0.076190
4 0.774286 0.340952 0.082857 0.078095
4 0.687500 0.252857 0.055000 0.054286
4 0.629286 0.199048 0.041429 0.043810
4 0.595714 0.163810 0.035714 0.036190
5 0.470000 0.155238 0.025714 0.043810
5 0.561071 0.129524 0.026429 0.036190
4 0.536786 0.110952 0.022143 0.025714
4 0.847143 0.251429 0.072857 0.049524
5 0.764643 0.181429 0.076429 0.063810
5 0.748571 0.156667 0.038571 0.029524
4 0.639643 0.112381 0.027857 0.024762
4 0.617143 0.071429 0.015714 0.017143
4 0.586786 0.062381 0.017857 0.016190
6 0.576071 0.048095 0.022143 0.031429
4 0.511786 0.085714 0.020714 0.026667
4 0.497857 0.072381 0.017143 0.020952
4 0.484643 0.056190 0.016429 0.019048
5 0.473214 0.045714 0.012143 0.020952
5 0.465714 0.039048 0.012857 0.017143
0 0.453571 0.046190 0.014286 0.025714
0 0.630714 0.052381 0.025714 0.030476
0 0.547857 0.034762 0.021429 0.012381
1 0.942500 0.448095 0.030714 0.061905
1 0.776429 0.129048 0.008571 0.025714
1 0.728929 0.110000 0.006429 0.023810
1 0.666786 0.095714 0.005000 0.018095
1 0.671429 0.099048 0.004286 0.019048
0 0.671429 0.037143 0.030000 0.028571
0 0.608214 0.018095 0.026429 0.028571
0 0.642500 0.029524 0.033571 0.036190
2 0.517143 0.531905 0.024286 0.063810
2 0.271429 0.790000 0.042857 0.071429
2 0.730357 0.606190 0.033571 0.067619
2 0.406071 0.160000 0.009286 0.032381
