1 0.329286 0.896190 0.027143 0.055238
1 0.355714 0.911429 0.021429 0.062857
1 0.408929 0.849524 0.025000 0.051429
1 0.481429 0.604762 0.015714 0.047619
1 0.505714 0.580476 0.011429 0.039048
1 0.520714 0.581905 0.015714 0.041905
1 0.529643 0.548571 0.012143 0.040000
1 0.517857 0.542381 0.011429 0.039048
1 0.506429 0.529524 0.011429 0.040000
1 0.496429 0.533333 0.011429 0.043810
1 0.539643 0.510952 0.012143 0.042857
1 0.521786 0.501905 0.012143 0.036190
1 0.514643 0.497619 0.009286 0.037143
1 0.543929 0.419524 0.010714 0.035238
1 0.553929 0.422381 0.009286 0.035238
1 0.594286 0.357619 0.010000 0.033333
1 0.606429 0.312381 0.008571 0.028571
1 0.597143 0.306190 0.008571 0.031429
1 0.590357 0.303333 0.009286 0.031429
1 0.581429 0.292381 0.008571 0.026667
1 0.574286 0.291429 0.008571 0.028571
1 0.607500 0.265714 0.007857 0.028571
1 0.607143 0.241429 0.007143 0.023810
1 0.625714 0.242381 0.007143 0.025714
1 0.615714 0.198571 0.007143 0.021905
1 0.613214 0.185238 0.006429 0.016190
1 0.618571 0.185714 0.005714 0.019048
1 0.626429 0.180000 0.005714 0.020952
1 0.618571 0.178095 0.005714 0.019048
1 0.636429 0.167619 0.007143 0.020952
1 0.630000 0.166667 0.005714 0.017143
1 0.625357 0.165238 0.005000 0.018095
1 0.633571 0.150952 0.007143 0.018095
1 0.624643 0.149524 0.005000 0.017143
1 0.620357 0.144286 0.006429 0.020000
1 0.628214 0.143810 0.005000 0.017143
1 0.632143 0.141905 0.005714 0.017143
1 0.632143 0.137619 0.005714 0.020000
1 0.625714 0.137619 0.005714 0.018095
1 0.623214 0.125714 0.006429 0.019048
1 0.508929 0.106667 0.003571 0.017143
1 0.512143 0.106667 0.004286 0.017143
1 0.486071 0.105714 0.005000 0.017143
1 0.685000 0.218571 0.008571 0.021905
1 0.738929 0.155714 0.007857 0.020000
1 0.712857 0.143810 0.007143 0.015238
4 0.678571 0.119048 0.027143 0.019048
1 0.735714 0.124286 0.004286 0.016190
3 0.736786 0.128571 0.013571 0.009524
1 0.741786 0.120952 0.003571 0.017143
10 0.754643 0.124286 0.012143 0.012381
