4 0.047500 0.962381 0.075000 0.075238
6 0.148571 0.493810 0.065714 0.145714
5 0.221071 0.504762 0.050714 0.097143
5 0.276429 0.200952 0.060000 0.116190
5 0.557143 0.277143 0.045714 0.133333
6 0.526429 0.605714 0.060000 0.192381
5 0.799643 0.547143 0.087857 0.052381
5 0.505357 0.765238 0.045000 0.119048
4 0.647143 0.896190 0.100000 0.068571
4 0.968214 0.664286 0.056429 0.128571
4 0.911071 0.647619 0.049286 0.123810
4 0.356786 0.349048 0.050714 0.128571
4 0.252500 0.348095 0.053571 0.122857
4 0.425714 0.040000 0.042857 0.080000
4 0.061071 0.022381 0.079286 0.044762
4 0.045000 0.067619 0.090000 0.062857
4 0.032143 0.187619 0.064286 0.064762
5 0.022143 0.247143 0.044286 0.071429
8 0.504643 0.043333 0.040714 0.040952
1 0.501429 0.027143 0.011429 0.027619
0 0.449643 0.271905 0.015000 0.040952
10 0.507857 0.482381 0.027143 0.027619
0 0.441071 0.507619 0.015000 0.040000
0 0.053214 0.664762 0.033571 0.047619
1 0.095714 0.770000 0.028571 0.020000
1 0.290000 0.786190 0.022857 0.020000
10 0.010357 0.893810 0.020714 0.048571
10 0.035714 0.891429 0.030000 0.045714
2 0.005714 0.894286 0.011429 0.024762
2 0.034643 0.896190 0.029286 0.026667
0 0.483571 0.982381 0.035714 0.035238
2 0.473929 0.903810 0.017857 0.026667
10 0.474643 0.903810 0.025000 0.045714
1 0.511429 0.918571 0.014286 0.033333
1 0.523571 0.922857 0.017143 0.032381
1 0.582857 0.778095 0.015714 0.015238
1 0.565714 0.935714 0.012857 0.031429
1 0.585000 0.924286 0.012857 0.029524
1 0.598214 0.709524 0.013571 0.022857
1 0.608571 0.640476 0.014286 0.020000
1 0.592500 0.657619 0.010714 0.020000
1 0.573214 0.706190 0.010714 0.014286
1 0.569286 0.639524 0.014286 0.014286
1 0.556786 0.634762 0.010714 0.012381
0 0.645000 0.751429 0.027143 0.034286
2 0.656786 0.614286 0.012143 0.013333
1 0.730000 0.902857 0.021429 0.024762
8 0.593571 0.326190 0.024286 0.077143
1 0.581786 0.316190 0.009286 0.024762
1 0.655714 0.154286 0.012857 0.034286
1 0.666071 0.217619 0.019286 0.033333
1 0.615000 0.318571 0.014286 0.023810
1 0.625357 0.353810 0.013571 0.018095
1 0.568214 0.189048 0.009286 0.014286
1 0.586071 0.085238 0.012143 0.029524
1 0.641786 0.075714 0.013571 0.029524
1 0.630357 0.024286 0.009286 0.020000
5 0.566786 0.095714 0.029286 0.094286
10 0.633571 0.209048 0.015714 0.037143
2 0.634643 0.198571 0.016429 0.021905
1 0.704286 0.328095 0.012857 0.021905
0 0.705000 0.113810 0.020000 0.046667
3 0.712857 0.152381 0.022857 0.017143
3 0.702500 0.030000 0.056429 0.048571
1 0.644643 0.048571 0.010714 0.022857
1 0.619643 0.018571 0.012143 0.037143
1 0.588929 0.017143 0.010714 0.028571
1 0.584643 0.050952 0.010714 0.018095
1 0.584286 0.044286 0.010000 0.029524
2 0.571786 0.021905 0.013571 0.024762
1 0.815714 0.381905 0.020000 0.019048
1 0.942500 0.548095 0.019286 0.016190
0 0.851071 0.605714 0.026429 0.051429
