5 0.026071 0.479695 0.029286 0.083756
5 0.436429 0.872462 0.064286 0.156091
4 0.032857 0.390228 0.031429 0.059645
4 0.254643 0.359137 0.032143 0.065990
4 0.428214 0.361041 0.039286 0.074873
4 0.539286 0.595178 0.060000 0.131980
4 0.627500 0.559010 0.062143 0.115482
4 0.486786 0.260152 0.036429 0.071066
4 0.337143 0.119289 0.024286 0.043147
4 0.333571 0.039340 0.025714 0.040609
4 0.273571 0.246193 0.028571 0.055838
4 0.224286 0.052030 0.018571 0.035533
10 0.380714 0.060914 0.011429 0.027919
2 0.916071 0.729061 0.009286 0.026650
2 0.908571 0.713198 0.010000 0.022843
1 0.880357 0.635787 0.007857 0.030457
2 0.760000 0.584391 0.008571 0.024112
2 0.760714 0.573604 0.012857 0.017766
1 0.667500 0.347081 0.005000 0.026650
2 0.688929 0.347716 0.007857 0.012690
1 0.703214 0.343274 0.006429 0.024112
1 0.700714 0.338832 0.004286 0.025381
1 0.611429 0.225254 0.014286 0.031726
1 0.605000 0.213832 0.004286 0.024112
1 0.585714 0.223350 0.005714 0.025381
1 0.578214 0.228426 0.005000 0.025381
1 0.572500 0.223985 0.007857 0.026650
1 0.558929 0.241117 0.006429 0.022843
1 0.550000 0.230330 0.004286 0.026650
1 0.523929 0.209391 0.003571 0.022843
1 0.530357 0.208756 0.005000 0.024112
1 0.535000 0.198604 0.007143 0.026650
1 0.527857 0.195431 0.004286 0.020305
1 0.523929 0.200508 0.006429 0.025381
1 0.505714 0.098985 0.004286 0.020305
1 0.454286 0.007614 0.004286 0.015228
1 0.433571 0.005711 0.002857 0.011421
1 0.403214 0.013959 0.005000 0.020305
1 0.399286 0.010787 0.004286 0.019036
