1 0.042500 0.072970 0.009286 0.031726
1 0.017143 0.147843 0.011429 0.029188
1 0.023571 0.152284 0.008571 0.030457
9 0.034643 0.201142 0.069286 0.128173
4 0.012857 0.437817 0.025714 0.081218
1 0.006429 0.687817 0.012857 0.035533
1 0.036429 0.639594 0.015714 0.035533
1 0.102143 0.951777 0.015714 0.025381
10 0.080714 0.700508 0.028571 0.040609
1 0.149286 0.918147 0.014286 0.024112
1 0.218929 0.840102 0.012143 0.025381
1 0.244643 0.845178 0.016429 0.022843
1 0.208929 0.692893 0.009286 0.025381
1 0.305357 0.819162 0.009286 0.024112
1 0.306071 0.805838 0.007857 0.022843
1 0.360357 0.930838 0.010714 0.024112
10 0.217500 0.794416 0.030714 0.035533
10 0.225714 0.776650 0.028571 0.040609
10 0.234286 0.766497 0.025714 0.032995
10 0.258214 0.725254 0.023571 0.036802
10 0.300000 0.695431 0.020000 0.030457
10 0.327143 0.718274 0.024286 0.030457
2 0.334286 0.593909 0.011429 0.027919
5 0.563214 0.840102 0.047857 0.121827
9 0.617500 0.636421 0.096429 0.275381
9 0.681786 0.394670 0.053571 0.185279
4 0.740714 0.274746 0.022857 0.062183
1 0.716786 0.292513 0.007857 0.024112
5 0.698929 0.305203 0.020714 0.057107
1 0.711786 0.056472 0.005000 0.021574
1 0.693571 0.089467 0.004286 0.026650
1 0.716786 0.057107 0.005000 0.020305
1 0.722500 0.060279 0.005000 0.024112
1 0.656786 0.230330 0.005000 0.021574
1 0.647857 0.225888 0.004286 0.022843
1 0.621429 0.282995 0.005714 0.022843
1 0.624286 0.295685 0.005714 0.027919
1 0.625000 0.302665 0.007143 0.026650
1 0.632500 0.283629 0.006429 0.024112
1 0.635714 0.286168 0.005714 0.024112
1 0.132143 0.324873 0.010000 0.030457
1 0.155714 0.291878 0.011429 0.040609
4 0.169643 0.013325 0.030714 0.026650
