4 0.504643 0.376904 0.010714 0.022843
4 0.524643 0.309645 0.009286 0.020305
4 0.592857 0.309010 0.008571 0.019036
4 0.584643 0.437817 0.012143 0.030457
4 0.603929 0.497462 0.015000 0.032995
4 0.537500 0.202411 0.006429 0.011421
4 0.542500 0.145939 0.006429 0.012690
4 0.541429 0.159898 0.005714 0.010152
4 0.541786 0.185914 0.006429 0.011421
4 0.581429 0.194797 0.005714 0.013959
0 0.563929 0.080584 0.026429 0.077411
5 0.610714 0.369924 0.012857 0.031726
5 0.590714 0.601523 0.015714 0.048223
5 0.511071 0.302030 0.009286 0.017766
5 0.580714 0.173858 0.007143 0.015228
4 0.588214 0.239213 0.007857 0.019036
9 0.553929 0.283629 0.009286 0.039340
6 0.581429 0.156726 0.005714 0.024112
6 0.580000 0.136421 0.008571 0.024112
9 0.585357 0.212563 0.009286 0.024112
1 0.693571 0.782360 0.007143 0.026650
1 0.681786 0.784898 0.007857 0.026650
1 0.686071 0.788071 0.006429 0.025381
1 0.696786 0.767132 0.007857 0.026650
1 0.698929 0.908629 0.007857 0.035533
1 0.676786 0.664340 0.006429 0.024112
1 0.669286 0.659898 0.005714 0.020305
1 0.693571 0.289340 0.004286 0.015228
1 0.705714 0.329315 0.004286 0.016497
1 0.684286 0.266497 0.002857 0.010152
1 0.687500 0.258883 0.005000 0.015228
4 0.691071 0.246827 0.025000 0.016497
1 0.427500 0.628173 0.006429 0.025381
1 0.420714 0.623731 0.007143 0.026650
1 0.447857 0.500635 0.005714 0.019036
1 0.448571 0.492386 0.004286 0.017766
1 0.753214 0.828680 0.007857 0.025381
1 0.043929 0.928934 0.009286 0.027919
1 0.054286 0.937817 0.007143 0.030457
0 0.507500 0.210025 0.040714 0.034264
0 0.607500 0.199239 0.010714 0.038071
0 0.602857 0.125635 0.011429 0.025381
10 0.541071 0.224619 0.003571 0.010152
1 0.541429 0.223350 0.002857 0.007614
1 0.552857 0.307741 0.002857 0.011421
10 0.552500 0.311548 0.003571 0.013959
