4 0.765357 0.781429 0.039286 0.054286
4 0.725357 0.726667 0.042143 0.049524
4 0.639643 0.720952 0.035000 0.047619
4 0.681071 0.670000 0.040714 0.048571
4 0.591786 0.664286 0.036429 0.044762
4 0.643214 0.619048 0.035000 0.043810
4 0.530714 0.573810 0.031429 0.040952
4 0.496786 0.528571 0.027857 0.036190
4 0.532857 0.477619 0.030000 0.037143
4 0.467143 0.490476 0.030000 0.036190
5 0.442500 0.451905 0.029286 0.035238
4 0.416429 0.418095 0.027143 0.038095
4 0.387500 0.364762 0.026429 0.032381
10 0.440357 0.321429 0.012143 0.016190
