1 0.598214 0.500000 0.035000 0.104762
1 0.678571 0.480952 0.028571 0.089524
1 0.671429 0.351429 0.027143 0.078095
1 0.560714 0.188095 0.011429 0.050476
1 0.710357 0.309048 0.025000 0.063810
1 0.644643 0.233810 0.017857 0.048571
2 0.648929 0.243333 0.017857 0.037143
2 0.665357 0.182381 0.015000 0.033333
2 0.508571 0.236667 0.017143 0.046667
2 0.741429 0.834286 0.071429 0.106667
10 0.752143 0.862381 0.068571 0.168571
3 0.702143 0.374286 0.020000 0.062857
3 0.687857 0.262381 0.020000 0.046667
3 0.663929 0.192381 0.026429 0.026667
10 0.510714 0.248571 0.025714 0.040000
3 0.492500 0.184286 0.020714 0.025714
3 0.422500 0.191905 0.029286 0.029524
3 0.423214 0.157619 0.013571 0.021905
3 0.439286 0.174762 0.022857 0.025714
3 0.475000 0.169524 0.014286 0.024762
10 0.412500 0.140000 0.013571 0.017143
1 0.374643 0.210000 0.015000 0.050476
1 0.489286 0.177143 0.010000 0.036190
1 0.423571 0.186190 0.017143 0.040952
1 0.484286 0.182381 0.012857 0.039048
2 0.473929 0.157143 0.009286 0.028571
2 0.461786 0.160476 0.016429 0.033333
2 0.437857 0.163810 0.015714 0.034286
2 0.422857 0.144762 0.008571 0.024762
2 0.411786 0.133333 0.009286 0.022857
1 0.643571 0.123810 0.007143 0.028571
1 0.637857 0.118571 0.007143 0.029524
1 0.618571 0.117619 0.008571 0.027619
1 0.623929 0.115714 0.007857 0.031429
4 0.667500 0.072857 0.036429 0.021905
4 0.656071 0.057619 0.035000 0.016190
4 0.675357 0.079048 0.036429 0.022857
4 0.298571 0.614762 0.207143 0.225714
4 0.152143 0.410952 0.118571 0.117143
4 0.181071 0.285238 0.106429 0.080952
5 0.094286 0.363333 0.134286 0.119048
4 0.050714 0.324286 0.101429 0.101905
4 0.060000 0.266667 0.105714 0.068571
4 0.278214 0.306190 0.090714 0.111429
9 0.292500 0.368571 0.267857 0.316190
5 0.170357 0.227143 0.069286 0.060000
4 0.093929 0.213810 0.059286 0.048571
4 0.158214 0.202857 0.049286 0.045714
4 0.191071 0.180952 0.059286 0.045714
4 0.130714 0.170476 0.077143 0.043810
4 0.356786 0.166667 0.073571 0.045714
4 0.402500 0.162857 0.040714 0.043810
4 0.390000 0.136190 0.035714 0.036190
1 0.012857 0.207143 0.022857 0.042857
1 0.439286 0.103333 0.030000 0.023810
4 0.477500 0.071905 0.022143 0.021905
4 0.499286 0.054762 0.014286 0.016190
4 0.527857 0.051429 0.012857 0.015238
4 0.528214 0.066667 0.025000 0.017143
1 0.202143 0.133810 0.010000 0.035238
1 0.182857 0.140000 0.010000 0.034286
1 0.164286 0.138095 0.010000 0.034286
1 0.156071 0.139048 0.012143 0.034286
1 0.147857 0.140476 0.011429 0.029524
1 0.138214 0.142381 0.010714 0.031429
1 0.129643 0.142381 0.009286 0.029524
1 0.123571 0.140000 0.012857 0.034286
1 0.133571 0.134762 0.010000 0.031429
1 0.143929 0.143333 0.010714 0.029524
1 0.149643 0.140000 0.010714 0.032381
1 0.149643 0.139524 0.015000 0.042857
1 0.156429 0.135238 0.012857 0.038095
1 0.165357 0.135238 0.010714 0.034286
1 0.171429 0.133810 0.010000 0.035238
1 0.175000 0.134286 0.010000 0.032381
1 0.179643 0.136190 0.009286 0.032381
1 0.185000 0.137143 0.010000 0.032381
1 0.185357 0.132857 0.009286 0.035238
1 0.198929 0.133333 0.010714 0.034286
2 0.246786 0.110476 0.007857 0.022857
2 0.263929 0.116190 0.009286 0.022857
2 0.261071 0.114762 0.009286 0.021905
10 0.264643 0.120476 0.015000 0.020000
10 0.250357 0.114762 0.017857 0.018095
1 0.442143 0.032381 0.004286 0.011429
2 0.448571 0.028095 0.004286 0.006667
2 0.388214 0.042381 0.005000 0.010476
6 0.357857 0.049524 0.047143 0.026667
4 0.373214 0.103333 0.032143 0.037143
4 0.342857 0.109048 0.031429 0.027619
4 0.307143 0.106667 0.032857 0.026667
4 0.335000 0.096667 0.028571 0.025714
5 0.356071 0.081905 0.026429 0.028571
4 0.364286 0.095238 0.025714 0.026667
4 0.397500 0.095238 0.026429 0.022857
4 0.413929 0.085714 0.020714 0.020952
4 0.430714 0.078095 0.024286 0.017143
6 0.382500 0.081905 0.033571 0.026667
4 0.386429 0.069524 0.020000 0.020952
4 0.399643 0.077143 0.019286 0.019048
5 0.412857 0.070000 0.020000 0.021905
1 0.393571 0.063333 0.004286 0.016190
9 0.417143 0.049524 0.040000 0.034286
4 0.425714 0.067143 0.014286 0.018095
4 0.436071 0.063333 0.016429 0.018095
4 0.445714 0.056667 0.015714 0.018095
4 0.431071 0.075238 0.019286 0.017143
6 0.461786 0.051905 0.025000 0.029524
6 0.469286 0.037619 0.018571 0.027619
5 0.486786 0.044762 0.012143 0.017143
4 0.501429 0.041429 0.014286 0.014286
4 0.484286 0.039048 0.010000 0.013333
4 0.492143 0.032381 0.010000 0.013333
4 0.505000 0.033333 0.008571 0.013333
4 0.512500 0.032381 0.009286 0.013333
9 0.505357 0.018571 0.020714 0.025714
9 0.526429 0.024286 0.010000 0.010476
4 0.530357 0.040000 0.015000 0.015238
5 0.540714 0.081429 0.032857 0.023810
4 0.554643 0.076190 0.029286 0.022857
1 0.558929 0.079524 0.007857 0.020000
1 0.587857 0.047619 0.004286 0.015238
1 0.582143 0.047619 0.004286 0.015238
1 0.576786 0.050476 0.005000 0.015238
1 0.601071 0.032381 0.003571 0.013333
1 0.604643 0.030476 0.003571 0.011429
4 0.597143 0.029524 0.008571 0.013333
4 0.612857 0.025714 0.010000 0.007619
4 0.616429 0.016667 0.007143 0.010476
4 0.580714 0.027143 0.008571 0.010476
4 0.568571 0.024286 0.008571 0.012381
4 0.555357 0.023810 0.009286 0.011429
4 0.563571 0.017143 0.008571 0.011429
0 0.551786 0.005714 0.055000 0.011429
4 0.612500 0.023810 0.007857 0.011429
6 0.403214 0.035714 0.026429 0.035238
