6 0.120000 0.449873 0.044286 0.100254
6 0.192857 0.329949 0.032857 0.063452
6 0.055000 0.321701 0.048571 0.077411
6 0.031071 0.318528 0.039286 0.060914
4 0.094643 0.426396 0.027857 0.050761
4 0.146429 0.378173 0.022857 0.040609
4 0.130000 0.345812 0.021429 0.031726
4 0.070714 0.368655 0.025714 0.034264
4 0.098929 0.267766 0.017857 0.022843
4 0.207143 0.269036 0.014286 0.025381
4 0.169643 0.242386 0.012143 0.020305
4 0.193929 0.220812 0.012143 0.020305
4 0.148929 0.292513 0.017857 0.034264
5 0.184286 0.259518 0.014286 0.029188
4 0.117857 0.232234 0.012857 0.020305
4 0.151429 0.203680 0.008571 0.016497
4 0.177500 0.105330 0.005000 0.010152
4 0.182143 0.090736 0.005714 0.008883
4 0.199643 0.168147 0.009286 0.013959
4 0.200714 0.140228 0.007143 0.013959
4 0.202500 0.119924 0.006429 0.011421
4 0.191071 0.114213 0.006429 0.012690
4 0.187857 0.127538 0.007143 0.013959
4 0.211786 0.113579 0.006429 0.011421
5 0.117500 0.195431 0.010714 0.020305
4 0.129643 0.214467 0.013571 0.017766
4 0.150357 0.163071 0.009286 0.016497
5 0.165000 0.154188 0.007143 0.013959
6 0.132857 0.157995 0.014286 0.029188
6 0.136786 0.187183 0.013571 0.031726
6 0.157500 0.130711 0.010714 0.025381
6 0.163571 0.114848 0.008571 0.024112
6 0.145357 0.130076 0.012143 0.021574
4 0.144643 0.144670 0.007857 0.015228
9 0.211071 0.086929 0.007857 0.021574
0 0.191786 0.056472 0.043571 0.041878
6 0.539286 0.677665 0.054286 0.144670
6 0.508214 0.597081 0.050714 0.100254
1 0.578571 0.726523 0.008571 0.036802
1 0.587500 0.721447 0.007857 0.036802
5 0.482857 0.536802 0.021429 0.048223
1 0.227857 0.434645 0.007143 0.021574
1 0.238214 0.373731 0.006429 0.021574
1 0.246071 0.352792 0.005000 0.017766
1 0.253571 0.359772 0.004286 0.021574
4 0.445714 0.428299 0.015714 0.034264
4 0.356429 0.337563 0.011429 0.022843
4 0.430714 0.334391 0.020000 0.029188
4 0.376071 0.246193 0.007857 0.017766
4 0.388929 0.257614 0.016429 0.012690
4 0.432143 0.295051 0.017143 0.016497
4 0.390357 0.264594 0.007857 0.016497
4 0.381071 0.254442 0.007857 0.013959
4 0.346429 0.214467 0.008571 0.012690
4 0.350357 0.219543 0.007857 0.012690
4 0.354286 0.222081 0.010000 0.015228
4 0.358929 0.229695 0.010714 0.015228
4 0.308571 0.175761 0.007143 0.008883
4 0.301786 0.175127 0.005000 0.010152
4 0.298214 0.164340 0.006429 0.008883
4 0.303214 0.166878 0.003571 0.008883
4 0.346071 0.251269 0.007857 0.017766
4 0.395714 0.273477 0.010000 0.016497
4 0.368929 0.251269 0.010714 0.017766
5 0.333214 0.200508 0.007857 0.015228
4 0.326786 0.197335 0.007857 0.013959
4 0.321429 0.192259 0.007143 0.011421
4 0.322143 0.187817 0.007143 0.012690
4 0.312500 0.179569 0.007857 0.011421
4 0.304643 0.185914 0.006429 0.011421
6 0.294643 0.182107 0.013571 0.026650
9 0.350000 0.292513 0.012857 0.031726
9 0.388571 0.375635 0.021429 0.050761
5 0.350714 0.241117 0.011429 0.020305
6 0.255714 0.135152 0.008571 0.016497
4 0.260714 0.147843 0.005714 0.011421
9 0.261071 0.117386 0.009286 0.011421
9 0.246429 0.119924 0.005714 0.016497
0 0.245357 0.090102 0.029286 0.030457
0 0.064286 0.068528 0.068571 0.091371
0 0.073214 0.196066 0.036429 0.034264
