4 0.425714 0.274112 0.012857 0.032995
4 0.495000 0.105330 0.008571 0.025381
4 0.708571 0.334391 0.037143 0.026650
4 0.705000 0.314086 0.037143 0.024112
4 0.757857 0.312817 0.035714 0.026650
4 0.757500 0.331218 0.035000 0.022843
4 0.496429 0.127538 0.012857 0.024112
4 0.313929 0.340736 0.036429 0.026650
5 0.498929 0.147843 0.010714 0.024112
5 0.513214 0.107868 0.010714 0.032995
6 0.501786 0.177665 0.017857 0.063452
0 0.551786 0.224619 0.033571 0.048223
0 0.389286 0.232234 0.032857 0.050761
0 0.351786 0.413706 0.025000 0.060914
4 0.326429 0.243020 0.022857 0.029188
1 0.333571 0.402919 0.005714 0.021574
1 0.328571 0.375000 0.004286 0.021574
1 0.323929 0.374365 0.005000 0.022843
1 0.340357 0.369924 0.005000 0.019036
1 0.335357 0.362944 0.005000 0.022843
1 0.372143 0.276015 0.007143 0.021574
1 0.365000 0.277284 0.005714 0.019036
1 0.337143 0.281726 0.005714 0.020305
1 0.356786 0.272208 0.005000 0.019036
1 0.352143 0.270939 0.004286 0.019036
1 0.357857 0.253807 0.004286 0.020305
1 0.367857 0.248096 0.005714 0.016497
1 0.368571 0.227157 0.004286 0.017766
1 0.578571 0.190990 0.004286 0.019036
1 0.585000 0.169416 0.004286 0.016497
1 0.595357 0.198604 0.003571 0.013959
0 0.586429 0.244289 0.038571 0.026650
1 0.565000 0.258249 0.004286 0.019036
1 0.581071 0.224619 0.003571 0.020305
1 0.572857 0.137056 0.004286 0.017766
1 0.570357 0.136421 0.006429 0.019036
1 0.581071 0.143401 0.005000 0.017766
1 0.585357 0.145939 0.005000 0.017766
1 0.567857 0.150381 0.005714 0.019036
1 0.565714 0.112944 0.004286 0.015228
1 0.563214 0.122462 0.003571 0.016497
1 0.563214 0.072970 0.003571 0.013959
1 0.730000 0.437183 0.005714 0.026650
1 0.733571 0.401650 0.004286 0.024112
1 0.728571 0.401650 0.004286 0.024112
1 0.633929 0.237310 0.005000 0.017766
1 0.825714 0.886421 0.008571 0.036802
1 0.833571 0.891497 0.010000 0.034264
1 0.800357 0.689721 0.007857 0.029188
1 0.790714 0.678299 0.007143 0.031726
1 0.737143 0.487310 0.007143 0.025381
1 0.808929 0.652919 0.007857 0.029188
1 0.851786 0.983503 0.012143 0.030457
1 0.456786 0.439086 0.006429 0.027919
1 0.474643 0.420685 0.006429 0.024112
1 0.565714 0.433376 0.005714 0.024112
1 0.562143 0.421954 0.005714 0.026650
1 0.561429 0.409264 0.005714 0.024112
