4 0.516786 0.521429 0.005000 0.002857
4 0.520357 0.520000 0.003571 0.003810
4 0.526071 0.519048 0.003571 0.003810
4 0.527857 0.517143 0.002857 0.003810
4 0.518571 0.514286 0.002857 0.001905
4 0.530000 0.523333 0.004286 0.004762
4 0.516786 0.530000 0.005000 0.004762
4 0.525357 0.533333 0.005000 0.005714
4 0.514643 0.556190 0.007857 0.009524
6 0.459286 0.533333 0.010000 0.007619
4 0.466071 0.524286 0.010714 0.004762
1 0.496786 0.538095 0.002143 0.005714
4 0.495357 0.532857 0.010714 0.004762
6 0.496786 0.530476 0.009286 0.005714
6 0.495714 0.527143 0.012857 0.008571
0 0.491786 0.512857 0.037857 0.023810
1 0.488929 0.551905 0.002143 0.010476
1 0.553571 0.541905 0.001429 0.007619
1 0.553929 0.549524 0.002143 0.007619
1 0.542143 0.568571 0.002857 0.013333
1 0.546071 0.560952 0.002143 0.011429
1 0.575357 0.568095 0.003571 0.012381
4 0.551071 0.533333 0.012143 0.005714
4 0.554286 0.532381 0.011429 0.005714
4 0.554286 0.530952 0.012857 0.006667
4 0.551071 0.530000 0.010714 0.006667
5 0.545000 0.521429 0.011429 0.004762
0 0.548571 0.508571 0.031429 0.015238
4 0.527143 0.511905 0.002857 0.002857
0 0.521786 0.500476 0.016429 0.014286
4 0.510714 0.587143 0.012857 0.016190
4 0.509643 0.621905 0.036429 0.019048
5 0.567857 0.642381 0.020000 0.031429
4 0.513214 0.654762 0.020714 0.027619
4 0.502857 0.683810 0.024286 0.038095
4 0.601786 0.572857 0.027857 0.012381
6 0.616071 0.568095 0.036429 0.025714
5 0.619643 0.577143 0.023571 0.015238
4 0.619643 0.581429 0.026429 0.012381
4 0.623214 0.587619 0.027857 0.013333
6 0.617857 0.593810 0.035714 0.018095
6 0.625000 0.603333 0.040000 0.021905
6 0.628929 0.609048 0.037857 0.023810
6 0.596786 0.616190 0.029286 0.024762
6 0.641071 0.619048 0.020714 0.024762
4 0.640357 0.637143 0.046429 0.022857
1 0.695714 0.622381 0.005714 0.021905
1 0.695000 0.616667 0.005714 0.020000
6 0.671429 0.617143 0.041429 0.030476
6 0.692143 0.651905 0.038571 0.042857
4 0.716786 0.621429 0.025000 0.021905
4 0.754286 0.650000 0.035714 0.029524
4 0.799643 0.623333 0.032143 0.021905
4 0.837857 0.620476 0.032857 0.021905
4 0.862500 0.621429 0.037857 0.021905
4 0.831071 0.633810 0.050714 0.021905
6 0.847857 0.658095 0.060000 0.040000
6 0.921071 0.616667 0.046429 0.027619
4 0.928929 0.650000 0.047857 0.031429
4 0.985357 0.661429 0.029286 0.035238
4 0.968929 0.707143 0.062143 0.033333
4 0.970714 0.737143 0.058571 0.041905
4 0.965357 0.800476 0.069286 0.061905
4 0.930000 0.690000 0.075714 0.035238
4 0.882857 0.708095 0.074286 0.035238
4 0.843571 0.690952 0.070000 0.027619
4 0.790714 0.708095 0.080000 0.035238
4 0.736786 0.827143 0.047857 0.069524
6 0.615714 0.735714 0.048571 0.086667
4 0.417500 0.903333 0.052143 0.113333
4 0.503929 0.795238 0.039286 0.072381
4 0.502500 0.733810 0.029286 0.050476
4 0.435714 0.772381 0.037143 0.059048
4 0.453929 0.723810 0.032143 0.043810
1 0.419643 0.683810 0.006429 0.032381
1 0.407857 0.684286 0.007143 0.031429
1 0.295357 0.668095 0.006429 0.025714
4 0.425714 0.619048 0.038571 0.022857
4 0.440357 0.616190 0.032143 0.017143
4 0.442500 0.608095 0.033571 0.018095
4 0.447143 0.601905 0.034286 0.017143
4 0.453214 0.590476 0.027857 0.013333
4 0.459286 0.586667 0.022857 0.013333
4 0.456786 0.581905 0.027857 0.011429
4 0.397857 0.572857 0.030000 0.012381
6 0.392857 0.576667 0.037143 0.023810
4 0.386071 0.586190 0.025000 0.012381
5 0.380357 0.588095 0.022143 0.016190
4 0.379643 0.592381 0.023571 0.011429
4 0.369286 0.593810 0.028571 0.014286
4 0.363571 0.601905 0.028571 0.015238
5 0.348929 0.606667 0.032143 0.019048
4 0.347143 0.613333 0.038571 0.017143
4 0.393214 0.629524 0.043571 0.020952
6 0.386786 0.639048 0.050714 0.028571
4 0.348929 0.645238 0.037857 0.020000
4 0.329286 0.652381 0.038571 0.022857
4 0.304286 0.661429 0.038571 0.027619
4 0.344286 0.670000 0.054286 0.031429
1 0.214286 0.641429 0.007143 0.023810
1 0.198571 0.700000 0.007143 0.028571
1 0.194286 0.699048 0.005714 0.030476
4 0.227143 0.672381 0.030000 0.034286
1 0.104643 0.666667 0.007857 0.022857
1 0.105357 0.666190 0.007857 0.023810
1 0.045357 0.773333 0.016429 0.047619
4 0.228214 0.712857 0.066429 0.027619
4 0.235714 0.734286 0.078571 0.028571
4 0.133214 0.655714 0.043571 0.027619
4 0.095714 0.659048 0.050000 0.024762
4 0.038214 0.658571 0.053571 0.027619
4 0.020000 0.656667 0.040000 0.031429
4 0.035000 0.830000 0.070000 0.082857
9 0.199286 0.822381 0.118571 0.109524
4 0.177143 0.894762 0.145714 0.075238
4 0.131429 0.958095 0.165714 0.083810
