4 0.508929 0.014594 0.016429 0.029188
4 0.580357 0.068528 0.017857 0.068528
4 0.561429 0.276650 0.018571 0.073604
4 0.610357 0.112944 0.017857 0.063452
5 0.618929 0.256345 0.016429 0.073604
4 0.596071 0.480330 0.019286 0.072335
6 0.590000 0.263959 0.030000 0.175127
9 0.627143 0.430203 0.031429 0.187817
1 0.678214 0.294416 0.003571 0.010152
1 0.680714 0.293147 0.004286 0.012690
1 0.704643 0.685914 0.006429 0.013959
1 0.668571 0.785533 0.005714 0.010152
5 0.601429 0.658629 0.017143 0.071066
5 0.568929 0.609772 0.016429 0.074873
4 0.491786 0.609137 0.017857 0.065990
9 0.637500 0.708756 0.029286 0.191624
6 0.601071 0.923858 0.023571 0.116751
0 0.650357 0.823604 0.005000 0.017766
10 0.722143 0.901650 0.007143 0.011421
10 0.727500 0.904188 0.007857 0.019036
2 0.721429 0.904822 0.005714 0.012690
2 0.729286 0.904822 0.007143 0.010152
1 0.203214 0.762056 0.007857 0.011421
1 0.276429 0.748731 0.004286 0.010152
