1 0.522857 0.954286 0.022857 0.049524
2 0.750000 0.726190 0.032857 0.056190
1 0.788929 0.632857 0.012143 0.040952
10 0.781786 0.633810 0.045000 0.029524
1 0.728214 0.502857 0.013571 0.028571
1 0.553571 0.458095 0.010000 0.026667
1 0.425000 0.469524 0.007143 0.020952
1 0.514286 0.470476 0.005714 0.017143
1 0.520714 0.467619 0.007143 0.024762
1 0.054286 0.368571 0.007143 0.020952
1 0.038214 0.379524 0.010714 0.020000
2 0.188214 0.408095 0.010714 0.018095
2 0.222857 0.400476 0.008571 0.016190
2 0.303929 0.367619 0.005000 0.015238
3 0.302143 0.371905 0.014286 0.008571
1 0.372143 0.425714 0.007143 0.015238
1 0.386071 0.426190 0.007857 0.025714
1 0.395000 0.424286 0.008571 0.025714
1 0.377857 0.342381 0.004286 0.012381
1 0.354286 0.337143 0.004286 0.011429
1 0.350000 0.336190 0.004286 0.011429
1 0.373571 0.329524 0.004286 0.011429
1 0.378929 0.326667 0.003571 0.011429
1 0.390714 0.375238 0.005714 0.020952
1 0.402500 0.367619 0.006429 0.019048
1 0.460357 0.367143 0.006429 0.014286
1 0.468214 0.365714 0.005000 0.015238
1 0.474286 0.367143 0.004286 0.014286
1 0.491071 0.377143 0.006429 0.019048
1 0.577500 0.382381 0.006429 0.018095
1 0.432857 0.331429 0.002857 0.009524
1 0.435357 0.330476 0.003571 0.009524
2 0.492143 0.360000 0.005714 0.011429
2 0.495000 0.361429 0.005714 0.010476
10 0.673571 0.390952 0.020000 0.012381
10 0.608214 0.421905 0.015000 0.011429
2 0.668929 0.418095 0.006429 0.013333
4 0.546786 0.338571 0.017857 0.008571
5 0.522500 0.327619 0.012143 0.009524
0 0.555000 0.330000 0.040000 0.018095
4 0.402857 0.316190 0.020000 0.013333
0 0.367500 0.301905 0.040714 0.022857
