8 0.548929 0.867619 0.023571 0.076190
2 0.546429 0.874762 0.014286 0.020000
5 0.615357 0.610000 0.033571 0.115238
5 0.602500 0.407143 0.016429 0.044762
5 0.587500 0.245714 0.017857 0.043810
5 0.582500 0.161905 0.013571 0.055238
10 0.575000 0.207143 0.005714 0.018095
2 0.575000 0.209524 0.004286 0.005714
1 0.459643 0.250000 0.003571 0.012381
5 0.528929 0.230000 0.010714 0.021905
1 0.613929 0.159048 0.002143 0.007619
1 0.569286 0.133333 0.002857 0.009524
4 0.586786 0.127619 0.009286 0.009524
4 0.600357 0.114762 0.010714 0.008571
1 0.624643 0.124762 0.002143 0.005714
5 0.514643 0.170476 0.019286 0.011429
4 0.467857 0.192857 0.014286 0.016190
3 0.509286 0.158571 0.007143 0.006667
2 0.508571 0.155714 0.004286 0.004762
10 0.534286 0.153333 0.011429 0.009524
2 0.531429 0.154286 0.002857 0.007619
0 0.548214 0.146190 0.007857 0.008571
1 0.525357 0.102381 0.002143 0.006667
10 0.522857 0.099048 0.004286 0.005714
2 0.521786 0.098095 0.002143 0.005714
4 0.505714 0.102857 0.014286 0.009524
4 0.457857 0.114286 0.014286 0.007619
4 0.459286 0.108571 0.014286 0.007619
4 0.460357 0.104762 0.013571 0.007619
4 0.453929 0.101905 0.010714 0.005714
4 0.466786 0.098095 0.012143 0.009524
4 0.431071 0.109048 0.012143 0.006667
4 0.429643 0.113333 0.015000 0.007619
4 0.428214 0.121429 0.013571 0.012381
4 0.454643 0.128571 0.016429 0.007619
4 0.427500 0.072857 0.003571 0.008571
4 0.471429 0.080476 0.004286 0.008571
4 0.466786 0.071905 0.006429 0.008571
4 0.457143 0.072381 0.004286 0.005714
4 0.498571 0.012381 0.004286 0.005714
4 0.503571 0.011429 0.004286 0.005714
5 0.513571 0.017619 0.005714 0.004762
6 0.528929 0.034762 0.010714 0.018095
6 0.515357 0.037143 0.007857 0.011429
4 0.900714 0.253333 0.031429 0.013333
4 0.895714 0.246190 0.027143 0.012381
4 0.886071 0.234762 0.025000 0.014286
4 0.835000 0.142857 0.015714 0.011429
4 0.848929 0.149524 0.009286 0.013333
4 0.943571 0.166667 0.024286 0.011429
4 0.915000 0.205714 0.015714 0.019048
4 0.720714 0.130952 0.008571 0.008571
4 0.686786 0.086190 0.006429 0.008571
4 0.707857 0.110952 0.008571 0.008571
4 0.649643 0.048571 0.006429 0.005714
4 0.870000 0.213333 0.024286 0.013333
4 0.876071 0.223810 0.026429 0.011429
4 0.880000 0.227143 0.027143 0.012381
5 0.969643 0.210476 0.025000 0.019048
10 0.928571 0.204286 0.011429 0.006667
10 0.933929 0.210000 0.009286 0.010476
9 0.741071 0.131905 0.013571 0.029524
9 0.680714 0.057619 0.011429 0.014286
9 0.658929 0.040952 0.010714 0.015238
5 0.670000 0.063333 0.017143 0.023810
5 0.697500 0.096190 0.012143 0.013333
5 0.703571 0.085238 0.008571 0.008571
5 0.782143 0.117143 0.017143 0.009524
4 0.720000 0.104286 0.010000 0.006667
8 0.922857 0.146667 0.015714 0.013333
0 0.978929 0.147143 0.039286 0.014286
0 0.944286 0.150952 0.024286 0.014286
10 0.966786 0.157619 0.010714 0.008571
10 0.983571 0.162381 0.005714 0.008571
2 0.985357 0.160476 0.003571 0.006667
2 0.968571 0.155714 0.002857 0.008571
1 0.860714 0.134286 0.004286 0.007619
2 0.754286 0.162381 0.002857 0.006667
2 0.748214 0.168095 0.003571 0.008571
2 0.762143 0.156667 0.002857 0.006667
2 0.728214 0.117143 0.002143 0.003810
2 0.714643 0.147143 0.003571 0.004762
10 0.746786 0.170000 0.007857 0.006667
10 0.753929 0.164762 0.009286 0.005714
10 0.760357 0.160000 0.009286 0.005714
10 0.727857 0.120476 0.004286 0.004762
10 0.714643 0.149524 0.005000 0.005714
1 0.818929 0.127143 0.003571 0.008571
1 0.862143 0.119048 0.002857 0.007619
1 0.842143 0.090952 0.002857 0.006667
5 0.653214 0.058095 0.005000 0.005714
5 0.731071 0.100000 0.015000 0.013333
5 0.752143 0.111429 0.021429 0.015238
5 0.749286 0.061429 0.011429 0.008571
5 0.754286 0.074762 0.012857 0.006667
4 0.752143 0.068571 0.010000 0.009524
4 0.750357 0.080952 0.007857 0.007619
4 0.744286 0.081429 0.004286 0.008571
4 0.738214 0.077143 0.003571 0.009524
4 0.805000 0.077143 0.007143 0.007619
4 0.797143 0.077143 0.007143 0.007619
4 0.812857 0.077143 0.005714 0.007619
4 0.844286 0.116667 0.014286 0.006667
4 0.841429 0.114762 0.010000 0.006667
4 0.836071 0.111905 0.013571 0.010476
4 0.830714 0.106667 0.011429 0.007619
5 0.828214 0.103333 0.015000 0.010476
4 0.821786 0.100476 0.009286 0.008571
4 0.817857 0.097143 0.010000 0.007619
4 0.815000 0.093810 0.008571 0.006667
4 0.809643 0.088095 0.012143 0.006667
4 0.792857 0.087143 0.012857 0.006667
4 0.795000 0.090952 0.011429 0.008571
4 0.799643 0.094286 0.012143 0.007619
4 0.805357 0.097619 0.016429 0.008571
4 0.813929 0.107143 0.017857 0.008571
4 0.810714 0.104286 0.015714 0.010476
4 0.773214 0.093333 0.010714 0.007619
4 0.763214 0.092857 0.010714 0.006667
4 0.759643 0.090000 0.007857 0.006667
4 0.768571 0.090000 0.011429 0.006667
4 0.788929 0.082381 0.006429 0.008571
4 0.795714 0.082381 0.005714 0.008571
4 0.781429 0.081429 0.010000 0.010476
4 0.773929 0.081905 0.009286 0.009524
4 0.747143 0.051429 0.007143 0.005714
4 0.750357 0.054286 0.006429 0.005714
4 0.856071 0.093810 0.012143 0.008571
4 0.857857 0.088571 0.014286 0.005714
4 0.846786 0.085714 0.012143 0.007619
1 0.951071 0.222857 0.006429 0.015238
5 0.673929 0.040000 0.017857 0.009524
5 0.684286 0.033810 0.010000 0.014286
5 0.691071 0.032381 0.007857 0.017143
4 0.675000 0.027143 0.005714 0.004762
4 0.607500 0.007143 0.005000 0.004762
