4 0.731786 0.728095 0.096429 0.084762
4 0.457857 0.440476 0.021429 0.039048
4 0.428929 0.441905 0.023571 0.036190
4 0.401429 0.448571 0.024286 0.045714
4 0.409286 0.410952 0.020000 0.033333
4 0.433929 0.408571 0.020714 0.030476
4 0.438929 0.386190 0.017857 0.027619
4 0.418214 0.378571 0.016429 0.027619
4 0.444643 0.359048 0.016429 0.026667
4 0.422857 0.354286 0.017143 0.024762
4 0.431071 0.332381 0.016429 0.020952
4 0.437857 0.315714 0.014286 0.020000
4 0.441429 0.296190 0.012857 0.017143
9 0.382143 0.393333 0.042857 0.087619
4 0.453214 0.327619 0.015000 0.024762
4 0.460000 0.308095 0.011429 0.020000
4 0.461429 0.293810 0.011429 0.018095
4 0.447500 0.284286 0.013571 0.018095
4 0.464643 0.280952 0.012143 0.020952
4 0.449286 0.269524 0.011429 0.020952
4 0.466786 0.268095 0.010714 0.014286
4 0.455000 0.259048 0.011429 0.015238
4 0.470714 0.256190 0.011429 0.015238
4 0.458571 0.247619 0.010000 0.015238
4 0.461786 0.239048 0.009286 0.013333
4 0.463214 0.230000 0.009286 0.014286
0 0.506429 0.091429 0.011429 0.026667
0 0.497500 0.139524 0.019286 0.025714
0 0.477857 0.140476 0.015714 0.025714
0 0.500714 0.115238 0.024286 0.013333
2 0.435357 0.231905 0.002143 0.006667
2 0.442143 0.219048 0.002857 0.005714
10 0.442500 0.222857 0.003571 0.005714
10 0.435000 0.236190 0.002857 0.007619
2 0.276786 0.559048 0.006429 0.017143
10 0.277143 0.575238 0.010000 0.017143
0 0.300000 0.528095 0.012857 0.021905
0 0.307143 0.612857 0.010000 0.033333
0 0.243929 0.713333 0.082143 0.137143
4 0.536071 0.148095 0.009286 0.006667
4 0.515000 0.151905 0.008571 0.008571
4 0.563571 0.149048 0.011429 0.008571
2 0.543214 0.162857 0.002143 0.003810
10 0.542857 0.166190 0.002857 0.004762
1 0.454643 0.167619 0.002143 0.005714
