6 0.478214 0.897208 0.035000 0.114213
6 0.398929 0.656726 0.027857 0.087563
6 0.432500 0.410533 0.019286 0.057107
6 0.485357 0.252538 0.015000 0.022843
6 0.556429 0.210025 0.014286 0.019036
4 0.684643 0.865482 0.030714 0.071066
4 0.470000 0.688452 0.021429 0.046954
4 0.635357 0.698604 0.025000 0.054569
4 0.625357 0.590102 0.020714 0.040609
4 0.450357 0.503807 0.015000 0.030457
4 0.458214 0.587563 0.017857 0.035533
4 0.435714 0.673858 0.021429 0.045685
4 0.497857 0.488579 0.015714 0.032995
4 0.546071 0.446701 0.015000 0.027919
4 0.453214 0.435914 0.013571 0.024112
4 0.536071 0.407995 0.012143 0.026650
4 0.458214 0.368655 0.010714 0.019036
4 0.488571 0.335025 0.010000 0.017766
4 0.465714 0.335025 0.008571 0.015228
4 0.471429 0.316624 0.008571 0.013959
4 0.538214 0.305838 0.007857 0.015228
4 0.537857 0.287437 0.010000 0.016497
4 0.566429 0.247462 0.008571 0.012690
4 0.507857 0.261421 0.008571 0.012690
4 0.598929 0.419416 0.020714 0.019036
4 0.585000 0.425761 0.021429 0.016497
4 0.511786 0.234137 0.009286 0.013959
4 0.518571 0.252538 0.008571 0.015228
4 0.546429 0.229061 0.010000 0.011421
4 0.571429 0.227157 0.007143 0.010152
4 0.577500 0.209391 0.009286 0.010152
5 0.520714 0.670685 0.024286 0.062183
5 0.462857 0.302665 0.008571 0.016497
5 0.547500 0.272208 0.009286 0.016497
5 0.467857 0.275381 0.011429 0.017766
9 0.426429 0.344543 0.015714 0.029188
10 0.430714 0.484772 0.005714 0.017766
10 0.446429 0.335025 0.005714 0.017766
4 0.609286 0.399112 0.015714 0.016497
6 0.615357 0.443528 0.035000 0.024112
6 0.077500 0.473350 0.035000 0.027919
6 0.084286 0.500635 0.045714 0.034264
4 0.929286 0.586294 0.017143 0.030457
4 0.935357 0.565990 0.016429 0.025381
4 0.940714 0.552665 0.015714 0.026650
