1 0.647857 0.730952 0.018571 0.073333
1 0.434643 0.609524 0.025000 0.062857
1 0.481786 0.640000 0.016429 0.041905
1 0.511429 0.653333 0.014286 0.045714
1 0.522500 0.629048 0.012143 0.048571
1 0.530357 0.639524 0.010714 0.058095
1 0.547857 0.643333 0.012857 0.058095
1 0.526429 0.662857 0.014286 0.062857
1 0.491071 0.625238 0.020714 0.063810
1 0.468929 0.604286 0.013571 0.061905
1 0.420357 0.477143 0.012143 0.041905
1 0.448214 0.533810 0.013571 0.050476
1 0.462500 0.566667 0.013571 0.049524
1 0.449643 0.567143 0.013571 0.046667
1 0.435357 0.535714 0.015000 0.050476
1 0.393929 0.388095 0.012143 0.025714
2 0.408214 0.439524 0.012143 0.027619
10 0.410357 0.446190 0.016429 0.023810
4 0.477143 0.406190 0.027143 0.031429
4 0.482143 0.430952 0.031429 0.035238
4 0.457857 0.468095 0.034286 0.048571
5 0.481786 0.532381 0.050714 0.083810
4 0.368571 0.439048 0.052857 0.028571
4 0.411786 0.415238 0.025000 0.045714
4 0.413571 0.400476 0.027143 0.031429
4 0.454286 0.330476 0.038571 0.019048
5 0.411786 0.314286 0.010714 0.024762
2 0.631786 0.720000 0.012143 0.032381
1 0.397857 0.375714 0.010000 0.027619
4 0.366429 0.380952 0.042857 0.026667
1 0.450000 0.523333 0.010000 0.044762
10 0.744286 0.918571 0.070000 0.119048
4 0.463571 0.356190 0.042857 0.022857
4 0.482143 0.368095 0.050000 0.027619
1 0.472857 0.391905 0.007143 0.029524
1 0.404286 0.385238 0.010000 0.025714
2 0.739643 0.905714 0.049286 0.083810
