5 0.356786 0.974619 0.030714 0.048223
4 0.462857 0.867386 0.025714 0.059645
4 0.357500 0.860406 0.025000 0.045685
10 0.432143 0.752538 0.010000 0.025381
2 0.431071 0.750635 0.009286 0.024112
10 0.516786 0.774112 0.009286 0.027919
2 0.516429 0.767132 0.008571 0.024112
4 0.512500 0.704949 0.019286 0.041878
4 0.482857 0.607868 0.017143 0.030457
4 0.577500 0.557107 0.016429 0.040609
4 0.575000 0.498096 0.014286 0.034264
4 0.527143 0.482868 0.014286 0.026650
4 0.551786 0.410533 0.013571 0.024112
4 0.551071 0.383883 0.012143 0.021574
9 0.616429 0.413706 0.015714 0.040609
4 0.640000 0.290609 0.010000 0.017766
6 0.655714 0.274746 0.012857 0.034264
4 0.651786 0.258249 0.007857 0.016497
4 0.658929 0.227157 0.007857 0.015228
4 0.673929 0.210660 0.007857 0.015228
4 0.677500 0.190990 0.007857 0.013959
4 0.664286 0.204949 0.007143 0.013959
4 0.666786 0.191624 0.007857 0.012690
4 0.624643 0.192893 0.006429 0.012690
4 0.675714 0.137690 0.007143 0.013959
0 0.656071 0.052665 0.055000 0.102792
