5 0.457857 0.809048 0.068571 0.079048
1 0.521429 0.845238 0.005714 0.025714
1 0.522143 0.813333 0.005714 0.019048
4 0.426429 0.693333 0.027143 0.026667
4 0.426429 0.676190 0.020000 0.019048
4 0.440357 0.725238 0.016429 0.014286
1 0.538214 0.757143 0.005000 0.015238
4 0.511071 0.588571 0.056429 0.049524
4 0.523929 0.561905 0.052143 0.043810
1 0.531786 0.510000 0.005000 0.014286
1 0.577143 0.430952 0.005714 0.020000
5 0.661071 0.231905 0.020714 0.027619
5 0.660357 0.423333 0.050714 0.035238
5 0.649286 0.439048 0.045714 0.034286
4 0.625357 0.491429 0.055000 0.040000
4 0.750714 0.438571 0.024286 0.039048
10 0.677143 0.397143 0.014286 0.011429
1 0.756786 0.501429 0.007857 0.025714
10 0.628929 0.643333 0.027857 0.025714
4 0.671786 0.636190 0.042143 0.068571
4 0.689643 0.694762 0.037857 0.073333
4 0.635714 0.723333 0.047143 0.080952
1 0.791071 0.977619 0.017857 0.037143
4 0.766786 0.403810 0.022143 0.036190
4 0.778929 0.374286 0.022143 0.036190
4 0.817857 0.278571 0.021429 0.029524
4 0.827500 0.247143 0.017857 0.029524
4 0.809286 0.301905 0.020000 0.030476
4 0.858929 0.181905 0.015000 0.020952
4 0.881786 0.122857 0.013571 0.020952
10 0.851071 0.163333 0.010714 0.010476
4 0.890000 0.104762 0.012857 0.019048
4 0.929643 0.008571 0.007857 0.013333
4 0.923929 0.022857 0.006429 0.011429
4 0.914286 0.045238 0.010000 0.014286
4 0.992500 0.047143 0.010714 0.014286
4 0.968571 0.329524 0.021429 0.030476
