4 0.398214 0.489524 0.040714 0.106667
4 0.538929 0.628571 0.036429 0.108571
5 0.543214 0.746667 0.035000 0.100952
1 0.611786 0.868095 0.012143 0.021905
1 0.612857 0.920476 0.014286 0.021905
10 0.624643 0.830000 0.015000 0.040952
1 0.618929 0.509524 0.012143 0.026667
10 0.625000 0.445714 0.014286 0.040000
1 0.601786 0.432857 0.012143 0.020000
4 0.543214 0.405238 0.030714 0.086667
1 0.599286 0.310000 0.011429 0.023810
1 0.615357 0.315238 0.009286 0.022857
2 0.584643 0.278571 0.010714 0.023810
3 0.582857 0.283810 0.010000 0.034286
1 0.608571 0.278571 0.012857 0.027619
1 0.621786 0.258571 0.010714 0.018095
1 0.611786 0.220476 0.010714 0.021905
10 0.551429 0.284286 0.025714 0.073333
1 0.613571 0.164762 0.010000 0.028571
1 0.605714 0.134286 0.010000 0.028571
1 0.558214 0.180000 0.007857 0.020952
10 0.561071 0.154286 0.029286 0.026667
2 0.559286 0.151429 0.010000 0.015238
1 0.608571 0.104286 0.008571 0.025714
1 0.555000 0.086667 0.011429 0.024762
10 0.561786 0.088095 0.007857 0.035238
1 0.546786 0.121429 0.012143 0.023810
2 0.543929 0.110952 0.009286 0.012381
2 0.512143 0.103810 0.012857 0.017143
2 0.525357 0.099524 0.010714 0.018095
2 0.465000 0.107143 0.008571 0.021905
1 0.422857 0.140476 0.010000 0.027619
10 0.455000 0.093333 0.030000 0.019048
5 0.443571 0.176667 0.067143 0.042857
1 0.395714 0.212857 0.011429 0.023810
1 0.350357 0.238095 0.010714 0.032381
0 0.294286 0.135714 0.091429 0.080952
