0 0.460000 0.175714 0.037143 0.060000
5 0.535000 0.220952 0.005714 0.007619
4 0.552143 0.252857 0.007143 0.008571
5 0.585714 0.218571 0.005714 0.008571
0 0.750000 0.418571 0.052857 0.033333
4 0.631786 0.502857 0.016429 0.024762
6 0.605714 0.418571 0.011429 0.020000
10 0.658929 0.530000 0.007857 0.018095
10 0.608571 0.380952 0.005714 0.013333
5 0.501429 0.542857 0.014286 0.036190
5 0.497500 0.633333 0.015000 0.047619
4 0.503214 0.769048 0.019286 0.050476
4 0.374643 0.469048 0.027857 0.016190
6 0.363571 0.509524 0.042857 0.028571
6 0.321071 0.530952 0.076429 0.054286
9 0.358571 0.529048 0.030000 0.033333
4 0.343214 0.570952 0.033571 0.021905
6 0.291429 0.550000 0.030000 0.025714
8 0.232857 0.588095 0.021429 0.020000
10 0.258571 0.550476 0.012857 0.009524
10 0.256429 0.576667 0.014286 0.012381
0 0.353571 0.690000 0.037143 0.046667
0 0.325714 0.845238 0.035714 0.067619
4 0.381071 0.415238 0.025000 0.013333
4 0.496786 0.338095 0.009286 0.015238
0 0.460357 0.448095 0.017857 0.029524
10 0.457500 0.565238 0.009286 0.020000
4 0.891429 0.350476 0.020000 0.011429
4 0.886786 0.343810 0.022143 0.011429
4 0.827857 0.327143 0.014286 0.014286
4 0.851429 0.329524 0.014286 0.011429
4 0.861786 0.329048 0.012143 0.010476
4 0.830714 0.353810 0.015714 0.014286
4 0.780357 0.334762 0.015000 0.010476
4 0.735000 0.335238 0.012857 0.007619
4 0.710714 0.334762 0.012857 0.010476
0 0.583571 0.277619 0.014286 0.023810
