4 0.421786 0.248571 0.010714 0.020952
4 0.485357 0.383333 0.013571 0.031429
4 0.481786 0.483810 0.015000 0.036190
4 0.479286 0.653810 0.017143 0.052381
4 0.474286 0.751905 0.021429 0.065714
4 0.462143 0.974762 0.034286 0.050476
4 0.442143 0.319524 0.012857 0.029524
5 0.415357 0.295238 0.013571 0.024762
10 0.471786 0.836190 0.010714 0.036190
10 0.502143 0.831905 0.014286 0.042857
10 0.467500 0.387619 0.005000 0.017143
10 0.477143 0.325714 0.004286 0.015238
10 0.481071 0.217143 0.003571 0.011429
10 0.484643 0.145238 0.003571 0.010476
10 0.483571 0.128095 0.002857 0.008571
10 0.478571 0.118095 0.002857 0.009524
10 0.478571 0.097619 0.002857 0.008571
10 0.483571 0.043810 0.002857 0.007619
10 0.483571 0.035714 0.002857 0.006667
4 0.481429 0.003810 0.007143 0.007619
3 0.473571 0.263810 0.004286 0.013333
3 0.468571 0.431429 0.004286 0.017143
3 0.467857 0.453810 0.005714 0.018095
10 0.461429 0.434762 0.005714 0.016190
3 0.531786 0.724762 0.007857 0.022857
1 0.423214 0.323810 0.003571 0.013333
1 0.426071 0.323333 0.003571 0.014286
1 0.446071 0.281429 0.003571 0.012381
1 0.405357 0.772857 0.007857 0.018095
2 0.471786 0.835714 0.006429 0.016190
2 0.472857 0.829048 0.008571 0.018095
2 0.532143 0.720476 0.005714 0.014286
2 0.467500 0.384286 0.003571 0.008571
2 0.467857 0.450952 0.004286 0.010476
2 0.468571 0.428095 0.002857 0.010476
2 0.461429 0.432857 0.004286 0.010476
2 0.473571 0.261905 0.002857 0.009524
2 0.477143 0.322857 0.002857 0.009524
