10 0.217857 0.312857 0.032857 0.021905
10 0.353571 0.180000 0.028571 0.020952
10 0.426071 0.192381 0.023571 0.019048
3 0.389286 0.180000 0.007143 0.028571
3 0.331071 0.179048 0.012143 0.024762
1 0.325357 0.177619 0.010714 0.025714
1 0.488214 0.009048 0.007857 0.016190
1 0.519286 0.071429 0.005714 0.026667
1 0.548571 0.084762 0.007143 0.022857
10 0.568214 0.140952 0.009286 0.026667
2 0.567857 0.132857 0.005714 0.020000
10 0.558214 0.180000 0.025000 0.026667
10 0.525000 0.180476 0.012857 0.031429
10 0.464643 0.179524 0.012143 0.033333
3 0.485714 0.171905 0.011429 0.033333
1 0.528214 0.125238 0.007857 0.023810
1 0.515000 0.150952 0.008571 0.035238
1 0.503929 0.160476 0.009286 0.027619
1 0.515714 0.277619 0.008571 0.021905
1 0.517500 0.269524 0.009286 0.022857
2 0.684286 0.052381 0.010000 0.022857
8 0.681429 0.044762 0.024286 0.070476
5 0.637143 0.090000 0.028571 0.094286
10 0.762143 0.141429 0.008571 0.035238
10 0.778929 0.141905 0.015000 0.032381
8 0.818214 0.132381 0.026429 0.049524
8 0.801429 0.142381 0.022857 0.058095
10 0.863214 0.234762 0.010714 0.033333
1 0.872143 0.312381 0.018571 0.017143
10 0.866786 0.423810 0.025000 0.022857
10 0.834286 0.953333 0.022857 0.028571
2 0.757857 0.859524 0.021429 0.012381
10 0.759643 0.846667 0.016429 0.043810
2 0.756786 0.844762 0.022143 0.015238
2 0.673214 0.773810 0.017857 0.018095
10 0.674643 0.774286 0.015000 0.045714
4 0.679643 0.926190 0.040714 0.130476
4 0.828571 0.784286 0.047143 0.109524
8 0.976071 0.849048 0.033571 0.056190
1 0.950000 0.743810 0.020000 0.009524
1 0.813929 0.465714 0.015000 0.022857
2 0.863571 0.501429 0.012857 0.023810
1 0.848214 0.515714 0.017857 0.018095
1 0.871071 0.540952 0.015000 0.017143
1 0.835714 0.563333 0.020000 0.021905
10 0.881429 0.613333 0.025714 0.022857
1 0.907857 0.612381 0.017143 0.011429
1 0.857143 0.630952 0.012857 0.016190
4 0.580357 0.895714 0.087857 0.056190
4 0.585000 0.816190 0.084286 0.051429
4 0.590714 0.689524 0.071429 0.049524
1 0.526071 0.898095 0.010714 0.017143
1 0.526786 0.926667 0.012143 0.013333
1 0.536429 0.867143 0.010000 0.021905
1 0.507500 0.813333 0.010714 0.019048
1 0.507143 0.897619 0.011429 0.020000
1 0.496429 0.916190 0.008571 0.017143
1 0.546429 0.643810 0.014286 0.017143
3 0.562143 0.753810 0.025714 0.020000
1 0.559643 0.748095 0.016429 0.016190
1 0.668571 0.626667 0.011429 0.015238
8 0.654643 0.551429 0.020714 0.068571
10 0.486786 0.682857 0.026429 0.015238
10 0.472857 0.674286 0.028571 0.013333
10 0.446786 0.661429 0.015000 0.040952
10 0.468214 0.636667 0.027857 0.021905
10 0.451071 0.530476 0.026429 0.020952
5 0.568571 0.586190 0.068571 0.067619
4 0.572143 0.483810 0.081429 0.047619
4 0.654643 0.402857 0.035000 0.099048
4 0.653929 0.307143 0.035000 0.092381
1 0.642500 0.460476 0.007857 0.012381
5 0.570357 0.422857 0.073571 0.053333
1 0.524643 0.478095 0.010714 0.019048
1 0.475000 0.393333 0.008571 0.015238
1 0.620357 0.298095 0.010714 0.028571
1 0.608929 0.301905 0.009286 0.022857
5 0.564643 0.293810 0.073571 0.050476
