4 0.817857 0.923333 0.074286 0.044762
6 0.864643 0.748571 0.049286 0.032381
10 0.968571 0.885714 0.032857 0.022857
2 0.967500 0.885238 0.016429 0.020000
8 0.964286 0.717619 0.021429 0.029524
1 0.785714 0.683810 0.011429 0.022857
10 0.687857 0.688571 0.017143 0.019048
10 0.497857 0.892857 0.027143 0.020000
2 0.498929 0.892381 0.013571 0.017143
4 0.445357 0.759048 0.025000 0.055238
4 0.487143 0.682381 0.017143 0.042857
4 0.408571 0.687619 0.027143 0.043810
10 0.480357 0.719524 0.009286 0.025714
2 0.481429 0.715714 0.008571 0.016190
2 0.517500 0.696667 0.006429 0.012381
1 0.524286 0.696667 0.004286 0.010476
4 0.427143 0.610476 0.020000 0.038095
10 0.452500 0.567143 0.007857 0.020000
2 0.451786 0.563333 0.007857 0.012381
10 0.527857 0.527619 0.018571 0.017143
10 0.454643 0.527619 0.006429 0.013333
2 0.454643 0.522381 0.005000 0.010476
1 0.465000 0.512857 0.004286 0.016190
1 0.517857 0.487143 0.004286 0.014286
10 0.497857 0.496667 0.011429 0.018095
4 0.420714 0.475238 0.012857 0.024762
10 0.417143 0.446667 0.011429 0.013333
4 0.431071 0.439524 0.013571 0.025714
0 0.493929 0.428095 0.039286 0.073333
6 0.453929 0.366190 0.009286 0.020000
4 0.417857 0.381905 0.011429 0.015238
4 0.417857 0.367143 0.011429 0.016190
4 0.417143 0.339048 0.010000 0.019048
0 0.467857 0.331429 0.027143 0.053333
6 0.447143 0.318095 0.008571 0.015238
4 0.445714 0.308571 0.008571 0.011429
4 0.445357 0.293333 0.010714 0.015238
4 0.416429 0.294762 0.008571 0.014286
4 0.415000 0.280952 0.008571 0.011429
6 0.438214 0.271429 0.007857 0.017143
4 0.440357 0.260476 0.009286 0.014286
4 0.439643 0.250476 0.007857 0.011429
6 0.415714 0.261429 0.010000 0.021905
4 0.437500 0.237143 0.006429 0.011429
4 0.437857 0.231429 0.007143 0.007619
4 0.435714 0.215714 0.007143 0.010476
4 0.435714 0.210000 0.007143 0.006667
4 0.450000 0.198571 0.007143 0.008571
0 0.414643 0.206667 0.010714 0.068571
4 0.411429 0.135714 0.008571 0.006667
0 0.438214 0.175238 0.025000 0.038095
5 0.440000 0.152381 0.010000 0.007619
4 0.324286 0.733810 0.035714 0.029524
10 0.329643 0.704286 0.016429 0.018095
1 0.325357 0.702381 0.006429 0.012381
10 0.345714 0.710952 0.007143 0.018095
2 0.310000 0.652381 0.005714 0.017143
6 0.269643 0.700952 0.055000 0.045714
10 0.174643 0.700476 0.016429 0.012381
1 0.181429 0.701429 0.007143 0.014286
10 0.099286 0.778571 0.021429 0.016190
2 0.097143 0.776190 0.008571 0.015238
2 0.102857 0.776190 0.007143 0.015238
4 0.102500 0.755238 0.053571 0.032381
4 0.125357 0.693810 0.043571 0.029524
4 0.042857 0.694286 0.034286 0.028571
4 0.014286 0.623333 0.024286 0.035238
4 0.017500 0.767143 0.035000 0.033333
10 0.043929 0.791429 0.022143 0.015238
2 0.044643 0.788571 0.010714 0.017143
0 0.140357 0.326667 0.029286 0.041905
4 0.232857 0.354286 0.025714 0.013333
4 0.315000 0.311429 0.008571 0.011429
4 0.300714 0.279048 0.011429 0.013333
4 0.308929 0.258095 0.009286 0.011429
4 0.311071 0.250000 0.009286 0.010476
4 0.320714 0.221429 0.010000 0.010476
