1 0.028929 0.355714 0.015000 0.023810
1 0.139286 0.291905 0.015714 0.027619
1 0.185357 0.397619 0.017857 0.027619
1 0.203929 0.393810 0.013571 0.025714
3 0.036786 0.361905 0.012143 0.028571
3 0.297500 0.866190 0.023571 0.056190
1 0.193214 0.688571 0.020714 0.028571
1 0.371786 0.848095 0.023571 0.037143
1 0.367500 0.839048 0.015000 0.030476
1 0.382500 0.851905 0.022143 0.023810
1 0.626429 0.374762 0.011429 0.027619
0 0.589286 0.397619 0.027143 0.040952
1 0.667857 0.428095 0.014286 0.025714
1 0.668571 0.411429 0.014286 0.028571
1 0.716429 0.339524 0.010000 0.027619
1 0.711071 0.335714 0.010714 0.023810
1 0.710714 0.308095 0.005714 0.014286
1 0.833571 0.318571 0.011429 0.023810
1 0.820714 0.253333 0.011429 0.028571
1 0.966429 0.243333 0.018571 0.027619
