4 0.195000 0.121429 0.070000 0.042857
7 0.362500 0.233810 0.032143 0.035238
7 0.415714 0.238571 0.044286 0.044762
1 0.405714 0.216667 0.010000 0.016190
1 0.432500 0.295714 0.012143 0.020000
1 0.375357 0.288571 0.010714 0.020952
4 0.490357 0.305714 0.039286 0.089524
0 0.327143 0.377619 0.014286 0.018095
1 0.360357 0.418571 0.010714 0.016190
1 0.388929 0.429048 0.012143 0.012381
1 0.452143 0.447143 0.007143 0.012381
1 0.458214 0.454286 0.006429 0.009524
3 0.459286 0.471905 0.004286 0.021905
0 0.438929 0.502857 0.007857 0.013333
4 0.639286 0.216667 0.057143 0.065714
4 0.711786 0.163333 0.049286 0.039048
4 0.855000 0.036667 0.065714 0.039048
5 0.841786 0.160952 0.065000 0.047619
1 0.941429 0.173333 0.020000 0.019048
4 0.986071 0.193333 0.027857 0.036190
1 0.712500 0.204286 0.013571 0.021905
1 0.582143 0.274762 0.012857 0.023810
5 0.569643 0.465714 0.026429 0.076190
6 0.525714 0.607619 0.032857 0.140952
4 0.569286 0.746667 0.028571 0.087619
1 0.564286 0.978095 0.010000 0.028571
0 0.577857 0.979524 0.008571 0.029524
1 0.710000 0.926667 0.021429 0.017143
0 0.691786 0.858095 0.015000 0.017143
10 0.670000 0.561905 0.024286 0.011429
10 0.691786 0.613810 0.012143 0.031429
10 0.652500 0.496667 0.029286 0.014286
10 0.702500 0.566667 0.022143 0.015238
1 0.355714 0.952381 0.012857 0.015238
1 0.345357 0.954286 0.010714 0.013333
1 0.344286 0.846190 0.017143 0.014286
10 0.331071 0.918095 0.010714 0.030476
1 0.281786 0.940000 0.020714 0.028571
