4 0.685000 0.632857 0.075714 0.183810
4 0.504286 0.892857 0.072857 0.214286
4 0.636786 0.359048 0.053571 0.099048
4 0.502143 0.422857 0.075714 0.089524
4 0.263214 0.477143 0.136429 0.059048
4 0.226429 0.620476 0.151429 0.080952
4 0.243571 0.547619 0.147143 0.068571
4 0.268571 0.413810 0.120000 0.065714
4 0.279286 0.358095 0.117143 0.055238
4 0.283571 0.313810 0.105714 0.058095
4 0.296786 0.270952 0.106429 0.044762
4 0.560000 0.302857 0.048571 0.102857
5 0.573929 0.152857 0.053571 0.101905
5 0.903214 0.371429 0.086429 0.116190
4 0.718571 0.155714 0.054286 0.079048
4 0.653929 0.108571 0.036429 0.057143
4 0.578571 0.014762 0.038571 0.029524
4 0.148214 0.067143 0.080714 0.046667
4 0.033214 0.225714 0.065000 0.089524
4 0.082857 0.220476 0.064286 0.096190
4 0.135000 0.221429 0.064286 0.092381
4 0.188571 0.220000 0.051429 0.087619
4 0.236786 0.224286 0.045000 0.082857
5 0.396071 0.272857 0.055000 0.098095
4 0.210714 0.710000 0.162857 0.086667
4 0.193929 0.816667 0.167857 0.098095
4 0.176429 0.934286 0.180000 0.112381
4 0.175000 0.318571 0.042857 0.088571
4 0.084643 0.390952 0.082143 0.120952
4 0.033929 0.397143 0.067857 0.110476
2 0.563214 0.505714 0.017857 0.040000
3 0.559286 0.520476 0.015714 0.060000
1 0.345357 0.072381 0.012143 0.038095
1 0.307143 0.176190 0.011429 0.038095
1 0.296071 0.175238 0.012143 0.040000
1 0.311071 0.161905 0.015000 0.038095
8 0.277857 0.174762 0.062857 0.037143
2 0.477500 0.204762 0.017857 0.040000
10 0.477857 0.207143 0.015714 0.042857
1 0.479643 0.274762 0.013571 0.042857
1 0.485000 0.252857 0.012857 0.037143
8 0.460714 0.263810 0.032857 0.085714
8 0.412857 0.187619 0.042857 0.040000
1 0.413571 0.162381 0.012857 0.025714
2 0.390000 0.150476 0.011429 0.038095
1 0.395714 0.183333 0.010000 0.035238
3 0.392500 0.159048 0.023571 0.020952
3 0.019643 0.607143 0.039286 0.025714
0 0.940357 0.256190 0.042143 0.043810
1 0.777857 0.166667 0.011429 0.043810
1 0.773929 0.142857 0.013571 0.036190
1 0.738214 0.018571 0.013571 0.033333
1 0.844286 0.125714 0.012857 0.030476
1 0.816071 0.120476 0.015000 0.031429
1 0.829643 0.112381 0.013571 0.028571
1 0.841429 0.116190 0.014286 0.030476
6 0.848214 0.163810 0.079286 0.099048
2 0.766786 0.110476 0.012143 0.038095
2 0.918929 0.048095 0.013571 0.029524
2 0.828214 0.028571 0.013571 0.024762
2 0.803571 0.014286 0.010000 0.028571
1 0.773571 0.012857 0.011429 0.025714
1 0.758929 0.012857 0.007857 0.025714
10 0.799643 0.020000 0.023571 0.017143
10 0.825714 0.039048 0.034286 0.020952
3 0.767143 0.111905 0.012857 0.033333
3 0.861071 0.037143 0.015000 0.024762
3 0.914286 0.058095 0.025714 0.024762
1 0.867500 0.030952 0.012143 0.037143
8 0.784286 0.099048 0.038571 0.026667
1 0.784286 0.085238 0.005714 0.020000
