4 0.253571 0.974619 0.034286 0.048223
9 0.886429 0.795051 0.085714 0.300761
5 0.522500 0.896574 0.030714 0.120558
5 0.381786 0.557741 0.026429 0.064721
5 0.175714 0.805203 0.038571 0.085025
5 0.144643 0.529188 0.035000 0.055838
5 0.300000 0.479695 0.025714 0.058376
4 0.292143 0.327411 0.055714 0.040609
4 0.748214 0.351523 0.055000 0.045685
4 0.856429 0.323604 0.057143 0.043147
5 0.863929 0.288706 0.050714 0.036802
4 0.496071 0.329949 0.052143 0.040609
4 0.332857 0.263325 0.050000 0.039340
5 0.984286 0.207487 0.028571 0.057107
1 0.887143 0.462563 0.007143 0.024112
5 0.080357 0.257614 0.050714 0.035533
6 0.354643 0.124365 0.035000 0.053299
5 0.501786 0.100254 0.016429 0.030457
5 0.536786 0.092005 0.016429 0.036802
9 0.321071 0.033629 0.052143 0.067259
5 0.429643 0.013325 0.020714 0.026650
5 0.503929 0.246827 0.017857 0.041878
1 0.712143 0.011421 0.004286 0.017766
1 0.714286 0.010787 0.002857 0.016497
1 0.721786 0.019036 0.003571 0.020305
1 0.720357 0.008883 0.002143 0.015228
4 0.676071 0.191624 0.015000 0.038071
9 0.686429 0.246827 0.032857 0.092640
9 0.085714 0.088832 0.105714 0.098985
