0 0.548571 0.310000 0.034286 0.020000
0 0.538571 0.270952 0.017143 0.010476
0 0.518929 0.159524 0.029286 0.020000
0 0.502500 0.186667 0.026429 0.024762
0 0.511071 0.130000 0.007857 0.012381
6 0.038929 0.422857 0.037857 0.041905
6 0.053214 0.429524 0.032143 0.034286
6 0.061786 0.434762 0.027857 0.033333
6 0.060357 0.515714 0.027857 0.035238
5 0.233571 0.416190 0.021429 0.015238
4 0.261429 0.450000 0.014286 0.018095
4 0.190000 0.513810 0.028571 0.016190
4 0.172500 0.538571 0.023571 0.016190
4 0.149643 0.575714 0.033571 0.018095
5 0.158929 0.554286 0.030714 0.024762
4 0.581786 0.903810 0.025000 0.066667
4 0.711786 0.918095 0.043571 0.060952
4 0.652500 0.720000 0.036429 0.038095
4 0.638571 0.673333 0.035714 0.034286
4 0.543929 0.624762 0.015000 0.036190
4 0.637143 0.467619 0.025714 0.015238
4 0.589643 0.353333 0.019286 0.013333
4 0.615000 0.413810 0.022857 0.014286
4 0.522857 0.363333 0.008571 0.014286
4 0.475714 0.381429 0.008571 0.018095
4 0.490000 0.384286 0.008571 0.016190
6 0.495000 0.567619 0.020000 0.055238
6 0.521071 0.425238 0.016429 0.029524
6 0.536786 0.409048 0.012143 0.025714
6 0.518571 0.319524 0.011429 0.029524
6 0.501429 0.303333 0.010000 0.020000
6 0.507857 0.269048 0.008571 0.018095
6 0.496071 0.256190 0.009286 0.017143
6 0.503571 0.239048 0.008571 0.019048
6 0.473214 0.222381 0.007857 0.023810
6 0.497857 0.203333 0.007143 0.018095
6 0.490714 0.217143 0.008571 0.020952
6 0.479286 0.249524 0.010000 0.038095
9 0.503571 0.335238 0.012857 0.036190
9 0.482857 0.338571 0.011429 0.039048
5 0.527857 0.383333 0.010000 0.020000
1 0.565714 0.429524 0.002857 0.011429
0 0.468929 0.402857 0.007857 0.015238
4 0.629286 0.458095 0.024286 0.015238
4 0.627143 0.448095 0.022857 0.014286
4 0.625357 0.440000 0.025000 0.013333
4 0.622143 0.429048 0.022857 0.012381
4 0.525000 0.251905 0.007143 0.008571
4 0.480357 0.290476 0.007857 0.011429
4 0.498571 0.280952 0.007143 0.011429
4 0.510357 0.288095 0.006429 0.008571
4 0.510357 0.298571 0.006429 0.010476
4 0.495357 0.270476 0.006429 0.009524
4 0.492857 0.242381 0.004286 0.008571
4 0.468571 0.241905 0.005714 0.009524
4 0.535357 0.230000 0.006429 0.008571
5 0.535714 0.283333 0.005714 0.012381
6 0.506429 0.251905 0.007143 0.014286
4 0.526071 0.245238 0.007857 0.008571
4 0.498214 0.292857 0.006429 0.010476
0 0.465714 0.288571 0.008571 0.013333
0 0.501429 0.221905 0.007143 0.017143
0 0.473929 0.191429 0.015000 0.026667
4 0.505000 0.205238 0.004286 0.006667
4 0.471071 0.210476 0.005000 0.005714
4 0.477143 0.216190 0.004286 0.007619
9 0.477857 0.162381 0.007143 0.012381
5 0.472500 0.167619 0.005000 0.009524
0 0.486429 0.129524 0.031429 0.022857
0 0.470714 0.149524 0.005714 0.005714
6 0.414286 0.175714 0.010000 0.006667
6 0.397857 0.185714 0.027143 0.013333
6 0.394286 0.183810 0.027143 0.011429
6 0.366786 0.189524 0.019286 0.011429
4 0.023929 0.761429 0.039286 0.054286
5 0.070357 0.812857 0.037857 0.056190
5 0.049286 0.804286 0.034286 0.060000
6 0.092143 0.668571 0.091429 0.104762
1 0.407857 0.320952 0.002857 0.013333
1 0.452143 0.284762 0.002857 0.011429
1 0.419286 0.301429 0.002857 0.012381
1 0.412143 0.291429 0.002857 0.011429
1 0.414643 0.275238 0.002143 0.011429
1 0.417500 0.272381 0.003571 0.011429
1 0.410000 0.259524 0.002857 0.012381
1 0.405714 0.262381 0.002857 0.012381
1 0.409286 0.312381 0.002857 0.013333
2 0.471429 0.592381 0.004286 0.011429
2 0.466429 0.600952 0.002857 0.009524
2 0.470714 0.615714 0.004286 0.010476
3 0.471071 0.598571 0.003571 0.012381
3 0.470357 0.620000 0.003571 0.013333
3 0.466429 0.606667 0.002857 0.013333
3 0.591071 0.690952 0.003571 0.018095
2 0.591071 0.689524 0.005000 0.009524
1 0.231786 0.878095 0.006429 0.019048
