1 0.555729 0.474074 0.013542 0.070370
1 0.549479 0.545370 0.015625 0.087037
1 0.508333 0.522222 0.012500 0.077778
1 0.492188 0.516667 0.013542 0.066667
1 0.467708 0.489815 0.016667 0.075926
1 0.488542 0.495370 0.014583 0.061111
1 0.492708 0.485185 0.008333 0.029630
1 0.620313 0.195370 0.007292 0.027778
1 0.611979 0.198148 0.007292 0.029630
1 0.604167 0.195370 0.006250 0.035185
1 0.625000 0.163889 0.004167 0.020370
1 0.635417 0.137037 0.004167 0.022222
1 0.611979 0.161111 0.003125 0.025926
1 0.609375 0.162037 0.004167 0.027778
1 0.606771 0.161111 0.005208 0.025926
1 0.605208 0.145370 0.004167 0.024074
