0 0.186979 0.573611 0.056250 0.037963
0 0.201823 0.597685 0.018229 0.037963
1 0.730729 0.547685 0.009375 0.025000
4 0.649219 0.586111 0.051562 0.033333
4 0.278646 0.875463 0.058333 0.093519
4 0.028646 0.970370 0.057292 0.059259
3 0.078385 0.969907 0.020313 0.060185
2 0.078385 0.951389 0.021354 0.073148
4 0.206510 0.850000 0.049479 0.088889
4 0.139323 0.859722 0.051562 0.087963
4 0.151823 0.781944 0.041146 0.058333
1 0.108333 0.773611 0.015625 0.056481
3 0.090625 0.874074 0.017708 0.051852
2 0.090365 0.850926 0.017188 0.059259
4 0.065625 0.850926 0.055208 0.083333
4 0.079948 0.800000 0.042188 0.057407
3 0.060937 0.718519 0.021875 0.024074
4 0.142448 0.707870 0.029687 0.045370
4 0.175000 0.682870 0.027083 0.043519
4 0.174479 0.646296 0.021875 0.031481
4 0.172135 0.621759 0.017188 0.023148
3 0.188281 0.609259 0.005729 0.016667
2 0.188021 0.602778 0.005208 0.018519
2 0.266146 0.699074 0.009375 0.038889
1 0.124740 0.647685 0.006771 0.028704
4 0.152865 0.606019 0.015104 0.019444
4 0.145833 0.618519 0.016667 0.025926
4 0.117188 0.648148 0.020833 0.027778
4 0.107813 0.694907 0.029167 0.045370
4 0.108333 0.678704 0.027083 0.027778
3 0.239583 0.681944 0.008333 0.023148
2 0.239323 0.676389 0.007812 0.032407
3 0.206510 0.696759 0.008854 0.030556
2 0.207031 0.690278 0.008854 0.037963
2 0.208854 0.664352 0.008333 0.030556
3 0.208333 0.673148 0.008333 0.027778
3 0.224740 0.698611 0.008854 0.026852
2 0.225260 0.689815 0.008854 0.035185
3 0.221875 0.682870 0.009375 0.021296
2 0.221875 0.677778 0.008333 0.027778
3 0.217969 0.660185 0.005729 0.022222
2 0.217969 0.655556 0.004687 0.029630
2 0.222135 0.659722 0.007812 0.025000
3 0.222656 0.666204 0.007812 0.021296
