0 0.183854 0.141204 0.084375 0.097222
10 0.728385 0.954167 0.050521 0.067593
2 0.729167 0.934259 0.023958 0.072222
2 0.565885 0.810185 0.018229 0.057407
10 0.563021 0.826852 0.029167 0.061111
1 0.644792 0.748611 0.015625 0.056481
1 0.528906 0.974537 0.014063 0.050926
6 0.419010 0.832870 0.135937 0.265741
1 0.402604 0.980556 0.012500 0.038889
1 0.777604 0.826389 0.017708 0.073148
3 0.850521 0.891204 0.039583 0.052778
1 0.362760 0.974074 0.011979 0.051852
1 0.233594 0.760185 0.010937 0.068519
1 0.247135 0.751852 0.013021 0.064815
1 0.252604 0.689352 0.013542 0.060185
4 0.468229 0.621759 0.045833 0.060185
4 0.448958 0.486574 0.035417 0.037963
4 0.323958 0.529167 0.031250 0.054630
2 0.335677 0.581944 0.010937 0.036111
3 0.335677 0.595370 0.014063 0.027778
3 0.709635 0.777778 0.019271 0.050000
3 0.655469 0.714815 0.017188 0.042593
3 0.615365 0.664352 0.015104 0.032407
3 0.527865 0.567130 0.010937 0.034259
4 0.284635 0.294444 0.016146 0.020370
4 0.306771 0.334259 0.018750 0.027778
6 0.294271 0.271296 0.017708 0.029630
5 0.285938 0.265741 0.013542 0.020370
6 0.282552 0.253241 0.018229 0.034259
1 0.022656 0.589815 0.010937 0.048148
6 0.259115 0.234722 0.013021 0.019444
4 0.247656 0.237037 0.011979 0.012963
4 0.254427 0.230093 0.009896 0.013889
6 0.245833 0.253704 0.018750 0.031481
6 0.239844 0.211574 0.011979 0.019444
5 0.185156 0.199537 0.008854 0.015741
4 0.222135 0.205556 0.006771 0.014815
6 0.761979 0.372222 0.032292 0.035185
6 0.616406 0.450463 0.050521 0.052778
6 0.544010 0.271296 0.032813 0.029630
6 0.530729 0.263889 0.029167 0.022222
6 0.480729 0.338889 0.057292 0.055556
6 0.365625 0.225000 0.018750 0.018519
4 0.382031 0.243981 0.015104 0.015741
5 0.401562 0.268056 0.011458 0.017593
4 0.396615 0.243519 0.015104 0.014815
7 0.414062 0.483333 0.015625 0.025926
3 0.813021 0.784722 0.029167 0.037963
