6 0.130729 0.041667 0.021875 0.075926
6 0.181771 0.412963 0.048958 0.196296
4 0.221875 0.692593 0.033333 0.088889
6 0.239583 0.545370 0.022917 0.061111
8 0.258854 0.300926 0.040625 0.042593
4 0.353646 0.626852 0.063542 0.064815
10 0.360938 0.676852 0.023958 0.035185
4 0.360417 0.773148 0.070833 0.087037
4 0.402604 0.893519 0.080208 0.090741
4 0.598437 0.405556 0.038542 0.040741
4 0.629167 0.446296 0.043750 0.062963
4 0.648958 0.426852 0.045833 0.057407
10 0.780729 0.364815 0.011458 0.025926
10 0.815104 0.337037 0.015625 0.025926
5 0.783333 0.220370 0.037500 0.037037
5 0.609375 0.012963 0.008333 0.018519
7 0.429167 0.325926 0.027083 0.033333
1 0.936458 0.202778 0.010417 0.024074
4 0.877083 0.137037 0.033333 0.025926
8 0.760417 0.170370 0.018750 0.033333
