0 0.481985 0.107190 0.052206 0.075817
0 0.419485 0.151634 0.038971 0.060131
0 0.562132 0.156863 0.038971 0.062745
0 0.661029 0.235294 0.032353 0.091503
0 0.563603 0.213072 0.041912 0.054902
0 0.584926 0.246405 0.013971 0.030065
0 0.311029 0.250980 0.026471 0.041830
0 0.471691 0.179739 0.019853 0.030065
4 0.434559 0.951634 0.070588 0.096732
5 0.817647 0.847712 0.088235 0.176471
4 0.773897 0.739869 0.072794 0.096732
10 0.803309 0.656863 0.034559 0.043137
4 0.726471 0.645098 0.075000 0.082353
4 0.715441 0.571895 0.075000 0.077124
4 0.688603 0.466013 0.071324 0.050980
4 0.665441 0.391503 0.044118 0.043137
4 0.618750 0.380392 0.027206 0.033987
10 0.605147 0.396078 0.007353 0.031373
2 0.605882 0.390850 0.005882 0.020915
1 0.860662 0.561438 0.009559 0.066667
2 0.847059 0.556209 0.008824 0.027451
1 0.834559 0.560131 0.010294 0.056209
1 0.823162 0.554248 0.008088 0.044444
1 0.818015 0.549673 0.006618 0.037908
1 0.752206 0.459477 0.011765 0.043137
1 0.756250 0.514379 0.011029 0.048366
1 0.764338 0.501307 0.008088 0.045752
1 0.769485 0.510458 0.008088 0.050980
1 0.783456 0.490850 0.008088 0.053595
1 0.779044 0.496078 0.006618 0.058824
1 0.797059 0.500654 0.010294 0.057516
2 0.808824 0.510458 0.011765 0.037908
2 0.816544 0.524183 0.008088 0.033987
2 0.824265 0.531373 0.007353 0.035294
3 0.617279 0.447712 0.008088 0.037908
2 0.617647 0.441176 0.007353 0.032680
10 0.650368 0.537255 0.011029 0.041830
2 0.650368 0.527451 0.011029 0.037908
4 0.550735 0.531373 0.033824 0.061438
7 0.548529 0.477124 0.022059 0.039216
4 0.491176 0.520915 0.039706 0.058824
1 0.590074 0.330719 0.005147 0.031373
4 0.604044 0.346405 0.018382 0.028758
1 0.680147 0.261438 0.004412 0.023529
4 0.605515 0.173856 0.012500 0.013072
4 0.616544 0.175817 0.011029 0.009150
4 0.593382 0.171242 0.014706 0.013072
4 0.568750 0.257516 0.013971 0.020915
4 0.586029 0.275163 0.029412 0.024837
4 0.587868 0.307843 0.021324 0.024837
4 0.484559 0.153595 0.007353 0.009150
0 0.516912 0.201961 0.010294 0.045752
4 0.502206 0.213072 0.010294 0.015686
4 0.500735 0.203922 0.010294 0.015686
4 0.481985 0.246405 0.012500 0.019608
4 0.481985 0.235948 0.012500 0.016993
4 0.478309 0.231373 0.009559 0.015686
4 0.482721 0.218301 0.012500 0.018301
4 0.483088 0.208497 0.011765 0.016993
4 0.480515 0.203268 0.011029 0.019608
4 0.456985 0.193464 0.013971 0.013072
4 0.451471 0.238562 0.013235 0.019608
4 0.442279 0.297386 0.016912 0.030065
4 0.498897 0.339869 0.019853 0.028758
0 0.515809 0.311765 0.013971 0.032680
1 0.416544 0.383007 0.008088 0.033987
5 0.379044 0.484967 0.033088 0.078431
4 0.363971 0.364706 0.026471 0.044444
4 0.303309 0.496078 0.056618 0.066667
7 0.090809 0.767974 0.046324 0.087582
10 0.034926 0.666667 0.016912 0.047059
1 0.075735 0.635294 0.019118 0.057516
4 0.034191 0.542484 0.068382 0.057516
4 0.121691 0.571895 0.061029 0.079739
1 0.079044 0.445752 0.015441 0.047059
10 0.093750 0.483007 0.027206 0.032680
1 0.094853 0.443137 0.008824 0.041830
10 0.094118 0.450327 0.022059 0.030065
3 0.095956 0.447059 0.021324 0.023529
10 0.122426 0.489542 0.015441 0.035294
10 0.126838 0.466013 0.021324 0.030065
4 0.173897 0.467320 0.041912 0.056209
7 0.203309 0.459477 0.028676 0.045752
10 0.208456 0.379739 0.022794 0.019608
4 0.224632 0.430719 0.038971 0.053595
7 0.243382 0.371242 0.013235 0.028758
4 0.247059 0.398693 0.029412 0.044444
4 0.273897 0.362745 0.030147 0.032680
4 0.290074 0.339869 0.024265 0.033987
4 0.248162 0.334641 0.044853 0.031373
4 0.274632 0.325490 0.028676 0.028758
4 0.270588 0.303268 0.041176 0.028758
4 0.307353 0.301961 0.036765 0.028758
4 0.315441 0.287582 0.039706 0.023529
1 0.294485 0.272549 0.005147 0.027451
1 0.288603 0.274510 0.006618 0.028758
4 0.423529 0.227451 0.013235 0.023529
9 0.425000 0.206536 0.022059 0.036601
4 0.437500 0.209150 0.013235 0.020915
10 0.439338 0.201307 0.009559 0.010458
2 0.438971 0.198693 0.004412 0.013072
