4 0.470956 0.494771 0.099265 0.134641
4 0.600735 0.345752 0.069118 0.105882
4 0.816544 0.464052 0.118382 0.088889
4 0.873529 0.375817 0.108824 0.074510
4 0.942279 0.302614 0.094853 0.087582
10 0.214706 0.704575 0.055882 0.075817
2 0.213603 0.692157 0.027206 0.074510
2 0.198162 0.698693 0.018382 0.058824
1 0.190441 0.649673 0.017647 0.081046
2 0.170221 0.973203 0.028676 0.053595
2 0.272794 0.513072 0.016176 0.053595
7 0.343750 0.487582 0.049265 0.054902
2 0.384191 0.413725 0.024265 0.053595
3 0.418382 0.370588 0.036765 0.043137
3 0.378309 0.357516 0.034559 0.045752
1 0.400735 0.418954 0.011765 0.064052
1 0.499632 0.333987 0.011029 0.056209
5 0.391176 0.290850 0.122059 0.121569
4 0.469485 0.289542 0.080147 0.071895
1 0.269853 0.316993 0.017647 0.058824
1 0.273529 0.309150 0.013235 0.061438
1 0.424632 0.218954 0.009559 0.045752
10 0.277206 0.250327 0.014706 0.045752
10 0.299632 0.240523 0.013971 0.047059
1 0.284926 0.219608 0.013971 0.052288
1 0.308088 0.216340 0.016176 0.058824
2 0.086765 0.368627 0.019118 0.031373
5 0.022794 0.335948 0.045588 0.094118
7 0.131618 0.252288 0.048529 0.052288
2 0.130882 0.226144 0.013235 0.031373
10 0.078309 0.237908 0.031618 0.039216
10 0.043015 0.236601 0.030147 0.039216
10 0.013971 0.230719 0.027941 0.040523
7 0.063971 0.509804 0.042647 0.057516
7 0.016544 0.460784 0.033088 0.064052
10 0.461029 0.236601 0.025000 0.039216
3 0.471324 0.215033 0.014706 0.045752
10 0.495588 0.218301 0.020588 0.041830
3 0.504779 0.214379 0.019853 0.039216
10 0.530882 0.225490 0.029412 0.032680
1 0.534191 0.228758 0.008088 0.054902
2 0.537868 0.218301 0.005147 0.026144
10 0.512868 0.200000 0.027206 0.036601
3 0.526103 0.194118 0.022794 0.030065
10 0.529044 0.184314 0.022794 0.033987
10 0.532353 0.177778 0.026471 0.033987
1 0.516544 0.174510 0.006618 0.045752
1 0.523897 0.172549 0.008088 0.036601
7 0.488603 0.188235 0.041912 0.044444
1 0.489706 0.147059 0.008824 0.050980
10 0.598897 0.269281 0.016912 0.039216
2 0.602574 0.260131 0.012500 0.052288
1 0.609559 0.223529 0.008824 0.036601
1 0.602574 0.215033 0.009559 0.048366
1 0.634559 0.219608 0.008824 0.047059
10 0.651838 0.230719 0.018382 0.045752
10 0.688603 0.187582 0.016912 0.037908
2 0.651103 0.226797 0.013971 0.043137
2 0.654412 0.217647 0.013235 0.035294
2 0.690074 0.180392 0.012500 0.049673
4 0.608088 0.135948 0.058824 0.054902
1 0.558456 0.094118 0.009559 0.044444
5 0.626838 0.111111 0.061029 0.065359
1 0.669485 0.137255 0.009559 0.036601
1 0.678676 0.135294 0.010294 0.043137
4 0.647059 0.090196 0.058824 0.054902
7 0.725000 0.162092 0.027941 0.044444
2 0.720956 0.152941 0.011029 0.033987
3 0.719118 0.133333 0.023529 0.031373
2 0.713235 0.126797 0.007353 0.028758
1 0.720221 0.120915 0.011029 0.040523
1 0.795221 0.192157 0.011029 0.049673
1 0.805882 0.310458 0.013235 0.056209
10 0.791544 0.296078 0.018382 0.048366
2 0.790809 0.293464 0.015441 0.053595
4 0.682721 0.060131 0.058088 0.052288
4 0.706985 0.054248 0.050735 0.043137
4 0.713971 0.041830 0.057353 0.041830
4 0.734559 0.028758 0.061765 0.044444
4 0.770588 0.015686 0.054412 0.031373
4 0.916544 0.262745 0.099265 0.067974
4 0.959559 0.244444 0.080882 0.073203
4 0.962132 0.182353 0.075735 0.050980
4 0.970221 0.143137 0.059559 0.045752
4 0.914338 0.060131 0.036029 0.044444
