1 0.469485 0.681699 0.028676 0.090196
1 0.568382 0.593464 0.017647 0.065359
1 0.561765 0.547712 0.016176 0.075817
1 0.617647 0.952941 0.023529 0.094118
1 0.645221 0.944444 0.022794 0.082353
1 0.743750 0.386928 0.021324 0.060131
1 0.723897 0.406536 0.018382 0.057516
1 0.707353 0.448366 0.014706 0.057516
1 0.580515 0.313072 0.012500 0.058824
1 0.570588 0.314379 0.013235 0.064052
1 0.832353 0.249020 0.017647 0.043137
1 0.663971 0.105229 0.010294 0.040523
1 0.946324 0.938562 0.026471 0.088889
1 0.479779 0.220915 0.011029 0.047059
1 0.326838 0.101307 0.011029 0.040523
1 0.318750 0.040523 0.011029 0.033987
2 0.107353 0.528758 0.022059 0.079739
1 0.088971 0.959477 0.022059 0.067974
1 0.098162 0.975163 0.038971 0.044444
1 0.277941 0.109150 0.010294 0.043137
2 0.147426 0.368627 0.018382 0.060131
2 0.155515 0.335948 0.018382 0.039216
2 0.158088 0.330065 0.019118 0.045752
1 0.140074 0.330719 0.015441 0.054902
1 0.140441 0.345098 0.008824 0.033987
1 0.218750 0.341176 0.015441 0.057516
1 0.240074 0.273203 0.012500 0.060131
1 0.255147 0.161438 0.010294 0.043137
2 0.192647 0.226797 0.011765 0.045752
2 0.206250 0.181699 0.015441 0.036601
2 0.215809 0.176471 0.011029 0.023529
2 0.260662 0.135294 0.009559 0.030065
2 0.231618 0.118954 0.007353 0.031373
1 0.204779 0.129412 0.012500 0.041830
1 0.208456 0.123529 0.009559 0.040523
3 0.337500 0.037255 0.019118 0.022222
0 0.149632 0.036601 0.299265 0.067974
10 0.430147 0.626144 0.050000 0.060131
3 0.485662 0.392157 0.024265 0.047059
3 0.469853 0.392157 0.013235 0.047059
3 0.457721 0.390196 0.015441 0.048366
1 0.499632 0.362092 0.011029 0.049673
1 0.472794 0.343791 0.010294 0.054902
1 0.468750 0.362745 0.011029 0.050980
2 0.459191 0.354902 0.012500 0.040523
1 0.469118 0.256863 0.013235 0.050980
1 0.462868 0.242484 0.011029 0.053595
1 0.471324 0.261438 0.010294 0.033987
2 0.446691 0.176471 0.012500 0.036601
10 0.461397 0.179739 0.021324 0.032680
2 0.507353 0.133333 0.010294 0.036601
1 0.516176 0.130719 0.008824 0.039216
2 0.538971 0.116993 0.011765 0.032680
2 0.545956 0.111765 0.011029 0.032680
2 0.541544 0.107190 0.006618 0.020915
2 0.562500 0.104575 0.010294 0.031373
2 0.565809 0.101307 0.008088 0.032680
2 0.575368 0.098693 0.008088 0.032680
2 0.598529 0.091503 0.008824 0.031373
2 0.629412 0.082353 0.011765 0.031373
10 0.645588 0.080392 0.014706 0.030065
10 0.655515 0.073856 0.016912 0.022222
0 0.680515 0.028758 0.586029 0.049673
1 0.645588 0.158824 0.013235 0.043137
1 0.644118 0.150980 0.010294 0.045752
2 0.864338 0.241176 0.013971 0.024837
2 0.877941 0.245752 0.011765 0.023529
1 0.893015 0.198693 0.012500 0.047059
1 0.904412 0.191503 0.011765 0.040523
1 0.915441 0.196732 0.010294 0.032680
1 0.938971 0.088889 0.010294 0.028758
1 0.798162 0.069935 0.005147 0.019608
1 0.932353 0.085621 0.008824 0.037908
1 0.921691 0.077124 0.012500 0.036601
1 0.921691 0.075163 0.009559 0.037908
1 0.988971 0.085621 0.011765 0.043137
1 0.724265 0.967320 0.030882 0.065359
1 0.988235 0.968627 0.023529 0.062745
1 0.961397 0.983007 0.033088 0.033987
1 0.696324 0.988235 0.025000 0.023529
1 0.801103 0.059477 0.012500 0.016993
2 0.613235 0.629412 0.026471 0.074510
10 0.614338 0.637908 0.034559 0.075817
2 0.940441 0.252941 0.016176 0.030065
