0 0.035677 0.313889 0.071354 0.100000
0 0.291406 0.393056 0.059896 0.067593
0 0.333073 0.332407 0.068229 0.074074
0 0.320573 0.253241 0.032813 0.045370
0 0.593750 0.162500 0.020833 0.052778
0 0.577344 0.229167 0.028646 0.078704
0 0.421875 0.326389 0.109375 0.086111
0 0.452344 0.264352 0.028646 0.067593
0 0.413021 0.284722 0.052083 0.049074
0 0.518750 0.314352 0.085417 0.069444
0 0.535937 0.370833 0.040625 0.089815
0 0.561458 0.274537 0.013542 0.034259
10 0.306510 0.679167 0.017188 0.023148
10 0.325781 0.637963 0.011979 0.027778
10 0.330990 0.609722 0.013021 0.019444
10 0.367969 0.978704 0.011979 0.040741
4 0.401302 0.909722 0.032813 0.067593
3 0.481771 0.849074 0.008333 0.050000
2 0.479687 0.861111 0.007292 0.020370
2 0.481250 0.847685 0.008333 0.032407
4 0.453906 0.715741 0.039062 0.053704
4 0.458333 0.676852 0.016667 0.029630
10 0.548438 0.722685 0.007292 0.030556
2 0.548177 0.721296 0.006771 0.022222
2 0.548177 0.719444 0.007812 0.029630
10 0.573698 0.656019 0.006771 0.028704
7 0.556510 0.647685 0.009896 0.028704
2 0.554948 0.644444 0.009896 0.029630
8 0.537760 0.738426 0.014063 0.052778
4 0.536458 0.686574 0.019792 0.039815
4 0.495052 0.525463 0.020313 0.030556
4 0.513542 0.573148 0.019792 0.051852
10 0.513021 0.546759 0.008333 0.015741
2 0.513281 0.538889 0.003646 0.014815
4 0.546875 0.529167 0.017708 0.032407
4 0.567708 0.316667 0.008333 0.016667
4 0.567448 0.332407 0.008854 0.018519
4 0.569531 0.350000 0.010937 0.016667
4 0.561198 0.363889 0.008854 0.022222
1 0.525000 0.481019 0.003125 0.017593
1 0.512500 0.505093 0.005208 0.023148
10 0.517969 0.518519 0.004687 0.020370
2 0.517969 0.512963 0.004687 0.020370
3 0.516667 0.482870 0.003125 0.017593
1 0.517969 0.480093 0.003646 0.021296
4 0.548438 0.419907 0.011458 0.023148
2 0.534896 0.437963 0.004167 0.016667
2 0.535417 0.434259 0.005208 0.018519
4 0.543490 0.457870 0.016146 0.032407
3 0.532031 0.487500 0.004687 0.017593
2 0.532552 0.482870 0.004687 0.015741
