0 0.490074 0.339869 0.075735 0.086275
4 0.515809 0.616993 0.015441 0.031373
4 0.486029 0.543791 0.011765 0.026144
4 0.459191 0.527451 0.012500 0.022222
4 0.216544 0.654902 0.041912 0.031373
4 0.227574 0.675163 0.043382 0.027451
4 0.024265 0.783660 0.048529 0.037908
4 0.773162 0.930719 0.044853 0.065359
4 0.406250 0.566667 0.013971 0.019608
4 0.384191 0.624183 0.015441 0.019608
4 0.381618 0.649673 0.016176 0.023529
9 0.361765 0.742484 0.023529 0.052288
4 0.374632 0.717647 0.022794 0.028758
6 0.046691 0.757516 0.069853 0.040523
5 0.025368 0.728758 0.049265 0.040523
5 0.128676 0.975163 0.066176 0.049673
4 0.737868 0.856209 0.036029 0.054902
4 0.706985 0.789542 0.030147 0.049673
4 0.692279 0.758824 0.028676 0.048366
4 0.666176 0.706536 0.023529 0.037908
4 0.634926 0.647059 0.018382 0.028758
4 0.638235 0.618954 0.016176 0.024837
4 0.668015 0.964052 0.041912 0.071895
4 0.641912 0.888889 0.033824 0.075817
4 0.630882 0.828758 0.035294 0.054902
4 0.614706 0.788889 0.026471 0.040523
4 0.598162 0.741830 0.022794 0.050980
4 0.590809 0.714379 0.018382 0.035294
4 0.586397 0.684314 0.021324 0.048366
4 0.544853 0.541830 0.010294 0.014379
4 0.553309 0.562092 0.012500 0.023529
4 0.558088 0.579739 0.013235 0.024837
4 0.560662 0.601307 0.012500 0.018301
4 0.570956 0.633987 0.018382 0.036601
0 0.282721 0.583660 0.043382 0.077124
4 0.340441 0.583007 0.013235 0.018301
4 0.344118 0.773203 0.016176 0.037908
1 0.733824 0.922876 0.007353 0.047059
1 0.747059 0.952941 0.007353 0.033987
4 0.485662 0.477778 0.008088 0.016993
4 0.472059 0.475817 0.011765 0.015686
4 0.610294 0.589542 0.017647 0.023529
4 0.458456 0.516993 0.011029 0.019608
4 0.497426 0.424837 0.009559 0.013072
4 0.479044 0.420261 0.006618 0.009150
4 0.471691 0.434641 0.008088 0.009150
4 0.479412 0.465359 0.007353 0.013072
4 0.486397 0.503922 0.009559 0.016993
4 0.326838 0.877778 0.033088 0.077124
4 0.318015 0.951634 0.047794 0.067974
4 0.397794 0.599346 0.017647 0.027451
4 0.426471 0.505229 0.008824 0.019608
4 0.421691 0.524837 0.015441 0.014379
4 0.407353 0.548366 0.011765 0.016993
4 0.414338 0.483660 0.025735 0.015686
4 0.412500 0.472549 0.022059 0.011765
1 0.500735 0.688889 0.004412 0.023529
1 0.502206 0.682353 0.007353 0.028758
1 0.457721 0.614379 0.005147 0.023529
1 0.454044 0.637255 0.005147 0.022222
2 0.471324 0.569935 0.004412 0.010458
7 0.470956 0.571895 0.009559 0.014379
2 0.462868 0.553595 0.005147 0.011765
10 0.462132 0.558824 0.006618 0.011765
4 0.558824 0.465359 0.014706 0.018301
4 0.590074 0.450980 0.013971 0.015686
4 0.570588 0.440523 0.016176 0.013072
4 0.576471 0.511111 0.011765 0.013072
4 0.475000 0.398693 0.007353 0.010458
4 0.497794 0.392810 0.004412 0.009150
4 0.502941 0.401961 0.007353 0.006536
9 0.514706 0.393464 0.007353 0.013072
4 0.519118 0.405229 0.008824 0.005229
4 0.553676 0.435294 0.014706 0.010458
4 0.560662 0.437255 0.015441 0.011765
9 0.609926 0.441176 0.024265 0.019608
4 0.451471 0.403922 0.010294 0.010458
2 0.531985 0.537908 0.005147 0.014379
10 0.532353 0.543137 0.007353 0.016993
2 0.503309 0.459477 0.003676 0.011765
10 0.504412 0.464052 0.008824 0.007843
2 0.465074 0.466667 0.003676 0.013072
10 0.465074 0.471242 0.006618 0.011765
0 0.417279 0.440523 0.041912 0.049673
0 0.547794 0.396078 0.013235 0.018301
0 0.574632 0.418954 0.012500 0.024837
0 0.568382 0.491503 0.013235 0.013072
4 0.295588 0.681046 0.023529 0.039216
