0 0.502083 0.543981 0.068750 0.075000
0 0.527344 0.594907 0.020313 0.045370
0 0.603125 0.590278 0.044792 0.052778
4 0.505208 0.591204 0.021875 0.041667
4 0.475000 0.605093 0.023958 0.037963
4 0.469010 0.652315 0.032813 0.050926
10 0.411458 0.717130 0.017708 0.050926
2 0.412760 0.704630 0.015104 0.061111
1 0.203125 0.943981 0.031250 0.112037
3 0.182292 0.939815 0.051042 0.101852
10 0.244792 0.864815 0.045833 0.081481
4 0.510156 0.637037 0.029687 0.053704
4 0.473958 0.781944 0.058333 0.112037
1 0.706771 0.774074 0.009375 0.070370
7 0.639323 0.905093 0.067187 0.162037
2 0.653385 0.896759 0.052604 0.071296
2 0.636458 0.861574 0.017708 0.049074
2 0.618229 0.863426 0.017708 0.049074
3 0.615625 0.740278 0.013542 0.052778
2 0.615625 0.723148 0.014583 0.061111
3 0.721094 0.644444 0.024479 0.033333
3 0.743229 0.656944 0.027083 0.030556
1 0.746615 0.651852 0.007812 0.044444
3 0.536719 0.643519 0.008854 0.033333
2 0.538281 0.635185 0.006771 0.035185
10 0.542188 0.618519 0.007292 0.022222
2 0.542969 0.611111 0.005729 0.027778
3 0.551042 0.644444 0.009375 0.033333
2 0.551042 0.633796 0.008333 0.039815
3 0.563021 0.644444 0.009375 0.033333
2 0.563802 0.635185 0.007812 0.040741
3 0.574479 0.633796 0.021875 0.026852
2 0.576042 0.625463 0.009375 0.039815
1 0.572917 0.616204 0.005208 0.034259
3 0.619271 0.646759 0.022917 0.026852
2 0.619792 0.638426 0.012500 0.036111
3 0.615625 0.639352 0.018750 0.021296
2 0.618229 0.625926 0.009375 0.031481
