0 0.669271 0.089815 0.176042 0.035185
0 0.683854 0.125926 0.157292 0.048148
0 0.740104 0.142593 0.144792 0.051852
0 0.744271 0.172222 0.088542 0.044444
0 0.333854 0.047222 0.059375 0.064815
0 0.364063 0.068519 0.059375 0.044444
0 0.522396 0.144444 0.009375 0.014815
1 0.276042 0.322222 0.006250 0.025926
1 0.185417 0.404630 0.006250 0.027778
0 0.838021 0.298148 0.042708 0.040741
1 0.993750 0.437037 0.012500 0.033333
1 0.977083 0.425926 0.008333 0.029630
0 0.457292 0.093519 0.004167 0.012963
0 0.314063 0.108333 0.003125 0.012963
2 0.696875 0.337963 0.004167 0.016667
1 0.748437 0.329630 0.007292 0.029630
2 0.688542 0.323148 0.008333 0.016667
1 0.684896 0.310185 0.005208 0.024074
2 0.682813 0.316667 0.007292 0.014815
1 0.575000 0.191667 0.004167 0.020370
1 0.578125 0.190741 0.002083 0.014815
4 0.720833 0.851852 0.058333 0.103704
10 0.415104 0.935185 0.017708 0.059259
2 0.415104 0.927778 0.013542 0.044444
2 0.417187 0.927778 0.013542 0.048148
4 0.685417 0.735185 0.047917 0.081481
4 0.658333 0.656481 0.039583 0.064815
4 0.636458 0.601852 0.039583 0.051852
4 0.605729 0.513889 0.028125 0.050000
4 0.587500 0.458333 0.025000 0.035185
4 0.512500 0.425926 0.022917 0.040741
4 0.573958 0.425000 0.025000 0.038889
0 0.367708 0.155556 0.018750 0.018519
4 0.411979 0.312963 0.015625 0.025926
4 0.559375 0.391667 0.020833 0.035185
10 0.372917 0.475926 0.010417 0.029630
2 0.372917 0.466667 0.010417 0.029630
10 0.358854 0.478704 0.011458 0.027778
2 0.359375 0.469444 0.010417 0.031481
10 0.322917 0.390741 0.012500 0.022222
2 0.322917 0.387963 0.008333 0.024074
4 0.313542 0.374074 0.035417 0.033333
6 0.480208 0.346296 0.035417 0.100000
10 0.534375 0.389815 0.008333 0.024074
2 0.535417 0.386111 0.006250 0.027778
1 0.535417 0.363889 0.004167 0.027778
4 0.541667 0.365741 0.020833 0.027778
4 0.542708 0.342593 0.016667 0.025926
4 0.528646 0.318519 0.017708 0.025926
4 0.523438 0.298148 0.015625 0.025926
4 0.517708 0.283333 0.014583 0.022222
4 0.511458 0.265741 0.014583 0.027778
4 0.502604 0.251852 0.013542 0.018519
4 0.498958 0.240741 0.012500 0.018519
4 0.490104 0.229630 0.013542 0.018519
4 0.497917 0.205556 0.022917 0.018519
4 0.484375 0.215741 0.012500 0.016667
4 0.477604 0.205556 0.011458 0.014815
4 0.475521 0.197222 0.011458 0.016667
4 0.467708 0.188889 0.012500 0.014815
4 0.464583 0.182407 0.012500 0.012963
9 0.452083 0.244444 0.020833 0.044444
6 0.461979 0.215741 0.026042 0.053704
10 0.385417 0.298148 0.006250 0.018519
2 0.385417 0.294444 0.004167 0.018519
10 0.392188 0.272222 0.005208 0.014815
2 0.392188 0.267593 0.003125 0.016667
10 0.321875 0.222222 0.004167 0.014815
2 0.322396 0.218519 0.003125 0.018519
4 0.347396 0.215741 0.009375 0.016667
4 0.346354 0.212037 0.007292 0.027778
4 0.342187 0.168519 0.009375 0.011111
5 0.340104 0.144444 0.013542 0.014815
4 0.368229 0.196296 0.011458 0.018519
4 0.367188 0.183333 0.009375 0.014815
0 0.420312 0.136111 0.017708 0.016667
7 0.381771 0.211111 0.007292 0.011111
2 0.381250 0.206481 0.004167 0.009259
10 0.392188 0.205556 0.005208 0.011111
2 0.392188 0.201852 0.005208 0.011111
6 0.382292 0.108333 0.008333 0.016667
9 0.395833 0.128704 0.012500 0.024074
4 0.405729 0.125000 0.007292 0.009259
4 0.408333 0.149074 0.010417 0.012963
4 0.411979 0.116667 0.007292 0.011111
4 0.418229 0.121296 0.007292 0.009259
4 0.432292 0.139815 0.008333 0.012963
4 0.436458 0.146296 0.008333 0.011111
4 0.443229 0.154630 0.009375 0.012963
4 0.448437 0.160185 0.009375 0.012963
4 0.452604 0.165741 0.009375 0.012963
4 0.457292 0.170370 0.010417 0.014815
0 0.481250 0.112037 0.006250 0.012963
0 0.432292 0.158333 0.006250 0.012963
