1 0.140625 0.790741 0.030208 0.087037
7 0.264323 0.713426 0.048438 0.117593
4 0.394531 0.427778 0.033854 0.061111
5 0.508594 0.446759 0.036979 0.076852
4 0.252083 0.415741 0.035417 0.062963
2 0.257031 0.496759 0.018229 0.049074
4 0.262760 0.305093 0.023438 0.036111
4 0.275000 0.287037 0.022917 0.037037
5 0.386979 0.293519 0.020833 0.046296
9 0.479427 0.258796 0.026562 0.073148
4 0.598177 0.350000 0.057813 0.035185
4 0.569271 0.318056 0.054167 0.032407
10 0.291667 0.244444 0.014583 0.018519
10 0.445312 0.276852 0.006250 0.020370
10 0.423698 0.250926 0.004687 0.018519
2 0.445573 0.270370 0.005729 0.020370
2 0.423698 0.244907 0.005729 0.021296
4 0.306771 0.234722 0.017708 0.032407
4 0.290885 0.226852 0.026562 0.022222
6 0.471354 0.218519 0.015625 0.029630
4 0.429948 0.201852 0.013021 0.018519
4 0.433594 0.173611 0.009896 0.013889
9 0.468229 0.199537 0.016667 0.041667
9 0.463542 0.168056 0.012500 0.032407
6 0.460677 0.152778 0.009896 0.020370
7 0.404687 0.214815 0.008333 0.016667
1 0.453385 0.148611 0.002604 0.012037
4 0.441406 0.140741 0.006771 0.009259
6 0.556250 0.730556 0.096875 0.216667
6 0.595573 0.876852 0.114062 0.246296
