0 0.734635 0.213889 0.207813 0.107407
4 0.593229 0.941667 0.060417 0.116667
8 0.474479 0.891204 0.030208 0.113889
2 0.461979 0.724074 0.011458 0.038889
10 0.462500 0.736111 0.011458 0.048148
4 0.166406 0.938426 0.057813 0.123148
2 0.218229 0.833333 0.020833 0.055556
10 0.219792 0.836574 0.033333 0.071296
7 0.203385 0.768519 0.032813 0.083333
7 0.226042 0.691204 0.030208 0.069444
7 0.155208 0.783796 0.044792 0.065741
4 0.254167 0.616204 0.045833 0.087963
4 0.324479 0.572685 0.031250 0.069444
4 0.307292 0.481944 0.029167 0.054630
8 0.330469 0.443519 0.030729 0.048148
1 0.323698 0.468981 0.007812 0.037963
1 0.361979 0.500926 0.008333 0.040741
2 0.386719 0.471759 0.008854 0.034259
10 0.386719 0.477315 0.007812 0.034259
10 0.302083 0.617593 0.021875 0.040741
2 0.301563 0.612963 0.010417 0.025926
2 0.305990 0.609259 0.007812 0.024074
2 0.286198 0.565741 0.008854 0.035185
7 0.290104 0.576852 0.023958 0.055556
10 0.272396 0.515278 0.011458 0.039815
10 0.239323 0.547685 0.022396 0.030556
1 0.271875 0.449537 0.006250 0.032407
1 0.299479 0.438426 0.008333 0.034259
1 0.287240 0.447222 0.006771 0.031481
1 0.289323 0.452315 0.006771 0.034259
10 0.820052 0.850926 0.027604 0.072222
1 0.943229 0.750926 0.018750 0.051852
3 0.752344 0.700000 0.031771 0.033333
2 0.515625 0.449537 0.006250 0.028704
3 0.515365 0.455556 0.005729 0.029630
2 0.484635 0.426852 0.007812 0.024074
10 0.484375 0.432407 0.008333 0.029630
4 0.487760 0.323611 0.022396 0.028704
2 0.451823 0.363426 0.006771 0.021296
10 0.451302 0.366204 0.006771 0.025000
2 0.465625 0.356481 0.006250 0.022222
10 0.465885 0.361574 0.006771 0.023148
1 0.494792 0.295833 0.005208 0.025000
2 0.463281 0.300463 0.005729 0.017593
10 0.463281 0.305556 0.006771 0.022222
2 0.450000 0.301852 0.005208 0.018519
10 0.449740 0.306481 0.005729 0.024074
2 0.460156 0.325000 0.005729 0.016667
10 0.460156 0.328704 0.005729 0.022222
10 0.486719 0.258333 0.005729 0.022222
4 0.435677 0.270833 0.015104 0.025000
5 0.441667 0.247222 0.016667 0.029630
8 0.406771 0.240278 0.009375 0.026852
1 0.860938 0.981481 0.017708 0.037037
1 0.865104 0.968056 0.016667 0.063889
2 0.332292 0.386111 0.006250 0.020370
2 0.289583 0.406481 0.009375 0.025926
10 0.332292 0.388889 0.007292 0.025926
10 0.291927 0.412500 0.017188 0.019444
8 0.279687 0.425000 0.018750 0.031481
8 0.328125 0.332407 0.022917 0.035185
4 0.355729 0.276389 0.015625 0.028704
10 0.359375 0.315741 0.006250 0.024074
2 0.359375 0.310648 0.005208 0.015741
7 0.374479 0.290278 0.013542 0.026852
1 0.367448 0.244907 0.004687 0.021296
1 0.352865 0.253704 0.004687 0.016667
1 0.344792 0.262963 0.005208 0.024074
8 0.462240 0.189815 0.010937 0.020370
8 0.458854 0.177315 0.007292 0.015741
8 0.440625 0.171759 0.006250 0.017593
4 0.361458 0.206019 0.019792 0.021296
4 0.364063 0.195833 0.012500 0.019444
4 0.361719 0.179167 0.010937 0.017593
4 0.376042 0.162037 0.010417 0.016667
4 0.392708 0.160185 0.011458 0.018519
4 0.376823 0.144444 0.009896 0.014815
4 0.377344 0.135648 0.008854 0.013889
2 0.466667 0.225463 0.004167 0.013889
10 0.466667 0.229167 0.005208 0.015741
1 0.466406 0.210185 0.004687 0.016667
2 0.445312 0.191204 0.004167 0.013889
2 0.448698 0.185648 0.003646 0.012037
2 0.437500 0.178241 0.004167 0.013889
2 0.450260 0.163426 0.003646 0.013889
10 0.445052 0.193519 0.003646 0.014815
10 0.448698 0.188426 0.003646 0.013889
10 0.450260 0.165741 0.003646 0.012963
10 0.437500 0.181944 0.004167 0.013889
5 0.419271 0.142130 0.011458 0.023148
8 0.410417 0.159259 0.006250 0.018519
4 0.410156 0.153241 0.009896 0.017593
4 0.402083 0.139352 0.010417 0.013889
4 0.405990 0.130093 0.008854 0.012037
5 0.393750 0.129167 0.015625 0.023148
9 0.383854 0.107407 0.014583 0.022222
8 0.306771 0.294444 0.012500 0.035185
8 0.312500 0.275463 0.012500 0.028704
2 0.159115 0.388889 0.008854 0.025926
10 0.160156 0.395370 0.014063 0.022222
1 0.177083 0.371296 0.007292 0.018519
4 0.937240 0.578704 0.067187 0.050000
8 0.900521 0.606019 0.029167 0.049074
4 0.898698 0.554167 0.060937 0.050926
4 0.848958 0.518981 0.063542 0.054630
4 0.819271 0.501389 0.055208 0.054630
4 0.790365 0.479630 0.045312 0.048148
4 0.761458 0.464352 0.045833 0.047222
4 0.735677 0.424537 0.051562 0.034259
6 0.745052 0.444444 0.057813 0.042593
4 0.651563 0.504167 0.042708 0.036111
4 0.645833 0.471759 0.044792 0.037963
4 0.715104 0.405093 0.039583 0.026852
4 0.708333 0.392130 0.052083 0.032407
4 0.688542 0.367130 0.041667 0.034259
5 0.708073 0.373611 0.039062 0.034259
4 0.668750 0.333796 0.038542 0.028704
5 0.687760 0.350463 0.036979 0.030556
5 0.680469 0.340741 0.036979 0.035185
4 0.665104 0.325926 0.040625 0.029630
5 0.652344 0.291667 0.032813 0.025926
4 0.666927 0.313426 0.039062 0.023148
4 0.657813 0.307407 0.036458 0.025926
4 0.642448 0.287963 0.027604 0.022222
4 0.623437 0.275463 0.023958 0.026852
5 0.605208 0.258333 0.025000 0.033333
6 0.591146 0.235185 0.028125 0.024074
5 0.581510 0.325000 0.039062 0.033333
5 0.582552 0.313426 0.028646 0.026852
5 0.578125 0.306481 0.034375 0.031481
5 0.565365 0.289815 0.039062 0.035185
5 0.563542 0.278241 0.029167 0.028704
5 0.550000 0.261111 0.029167 0.029630
4 0.552604 0.245370 0.026042 0.018519
8 0.588802 0.206019 0.011979 0.026852
4 0.913802 0.216667 0.028646 0.022222
4 0.945052 0.205556 0.025521 0.022222
0 0.557813 0.193519 0.048958 0.057407
7 0.558333 0.227778 0.008333 0.020370
2 0.289844 0.250463 0.006771 0.021296
10 0.289844 0.254167 0.005729 0.021296
6 0.256250 0.229167 0.020833 0.060185
5 0.275521 0.193519 0.021875 0.022222
4 0.280469 0.180093 0.019271 0.015741
4 0.274219 0.161574 0.018229 0.015741
4 0.286198 0.171296 0.019271 0.014815
1 0.237240 0.194907 0.004687 0.019444
2 0.241927 0.220833 0.005729 0.010185
2 0.245573 0.180556 0.004687 0.012963
1 0.238802 0.177778 0.004687 0.014815
1 0.269531 0.179167 0.003646 0.015741
8 0.360677 0.255556 0.009896 0.031481
8 0.351302 0.227778 0.009896 0.027778
2 0.368229 0.153704 0.004167 0.012963
2 0.402865 0.190741 0.004687 0.014815
2 0.393490 0.196296 0.003646 0.012963
2 0.376563 0.195833 0.004167 0.012037
1 0.372135 0.179167 0.003646 0.019444
2 0.384375 0.196759 0.004167 0.013889
2 0.396094 0.184722 0.003646 0.013889
2 0.398177 0.174537 0.003646 0.008333
10 0.403125 0.194907 0.005208 0.015741
10 0.398177 0.178241 0.003646 0.012037
10 0.395833 0.188426 0.004167 0.013889
10 0.393490 0.200926 0.003646 0.014815
10 0.384375 0.200463 0.003125 0.015741
10 0.387240 0.195370 0.003646 0.012963
2 0.386979 0.190741 0.004167 0.011111
10 0.376563 0.200000 0.004167 0.014815
8 0.366146 0.139352 0.006250 0.015741
8 0.366146 0.122685 0.005208 0.015741
1 0.375781 0.121296 0.003646 0.012963
0 0.286979 0.122222 0.093750 0.057407
5 0.398177 0.118519 0.009896 0.014815
2 0.418229 0.122222 0.003125 0.009259
2 0.403906 0.112500 0.002604 0.008333
10 0.381250 0.122685 0.004167 0.010185
10 0.403906 0.114815 0.002604 0.009259
10 0.418229 0.126389 0.003125 0.010185
4 0.503385 0.121759 0.016146 0.019444
