0 0.432353 0.121569 0.192647 0.135948
5 0.300735 0.515033 0.023529 0.060131
5 0.289706 0.396732 0.019118 0.043137
6 0.440809 0.598039 0.031618 0.074510
4 0.481618 0.428105 0.025000 0.037908
4 0.548529 0.435948 0.026471 0.040523
4 0.406250 0.267320 0.013971 0.022222
6 0.435294 0.252288 0.022059 0.054902
2 0.362500 0.539216 0.011765 0.032680
10 0.362500 0.547059 0.011765 0.030065
2 0.360662 0.410458 0.006618 0.026144
10 0.360662 0.416340 0.006618 0.024837
6 0.229044 0.237908 0.040441 0.036601
6 0.222794 0.252941 0.030882 0.024837
4 0.209559 0.288235 0.023529 0.016993
4 0.214706 0.277778 0.023529 0.016993
4 0.181250 0.222876 0.012500 0.014379
4 0.144853 0.221569 0.014706 0.014379
4 0.159926 0.235948 0.012500 0.016993
5 0.122794 0.242484 0.019118 0.024837
4 0.114338 0.228105 0.025735 0.014379
4 0.326838 0.230719 0.009559 0.014379
4 0.333824 0.225490 0.010294 0.014379
4 0.333824 0.222222 0.010294 0.015686
4 0.348162 0.211765 0.008088 0.013072
4 0.966176 0.840523 0.067647 0.101961
4 0.851838 0.689542 0.069853 0.071895
4 0.791176 0.627451 0.051471 0.060131
4 0.838235 0.618954 0.055882 0.058824
4 0.750735 0.565359 0.050000 0.058824
4 0.785662 0.564052 0.044853 0.050980
4 0.707721 0.515686 0.038971 0.045752
4 0.744485 0.511765 0.047794 0.050980
4 0.763603 0.490196 0.038971 0.041830
4 0.648162 0.497386 0.033088 0.037908
4 0.777574 0.464052 0.037500 0.041830
6 0.679779 0.476471 0.037500 0.045752
5 0.825735 0.550980 0.045588 0.056209
4 0.708824 0.473856 0.035294 0.040523
4 0.716544 0.438562 0.031618 0.035294
4 0.682721 0.438562 0.031618 0.032680
5 0.652206 0.443791 0.033824 0.040523
4 0.633088 0.417647 0.029412 0.035294
4 0.658824 0.405229 0.026471 0.028758
4 0.671324 0.392810 0.026471 0.030065
4 0.692647 0.415033 0.030882 0.032680
4 0.719485 0.399346 0.027206 0.032680
4 0.697794 0.378431 0.027941 0.032680
4 0.677574 0.360131 0.024265 0.024837
4 0.689338 0.339216 0.021324 0.024837
4 0.624265 0.396732 0.026471 0.030065
4 0.639706 0.386275 0.026471 0.030065
4 0.649632 0.369281 0.024265 0.030065
5 0.610294 0.375163 0.022059 0.033987
5 0.623897 0.362745 0.024265 0.032680
5 0.612500 0.346405 0.019118 0.026144
5 0.590441 0.344444 0.025000 0.030065
5 0.594118 0.362092 0.020588 0.028758
4 0.637132 0.354248 0.018382 0.023529
4 0.620221 0.337908 0.019853 0.022222
6 0.665809 0.338562 0.025735 0.031373
6 0.637868 0.305229 0.050735 0.061438
6 0.676471 0.318954 0.023529 0.028758
6 0.731250 0.351634 0.063971 0.073203
6 0.749632 0.414379 0.044853 0.065359
6 0.739706 0.333987 0.088235 0.100654
6 0.688235 0.285621 0.041176 0.058824
6 0.638235 0.256863 0.041176 0.050980
6 0.603309 0.252288 0.027206 0.039216
6 0.566544 0.243791 0.027206 0.043137
6 0.425000 0.226144 0.013235 0.041830
9 0.448897 0.224837 0.018382 0.036601
4 0.318015 0.208497 0.012500 0.014379
4 0.333824 0.205882 0.008824 0.014379
4 0.606985 0.326144 0.018382 0.022222
4 0.578676 0.335294 0.017647 0.024837
4 0.578309 0.322876 0.024265 0.023529
4 0.594118 0.311765 0.017647 0.019608
5 0.580147 0.294118 0.019118 0.026144
4 0.568015 0.311111 0.018382 0.018301
4 0.561397 0.303922 0.016912 0.019608
4 0.612500 0.269935 0.014706 0.014379
4 0.525735 0.269935 0.010294 0.016993
4 0.534191 0.278431 0.012500 0.015686
4 0.540074 0.286275 0.012500 0.015686
4 0.544118 0.297386 0.013235 0.019608
4 0.559559 0.275163 0.013235 0.016993
4 0.541176 0.254902 0.013235 0.018301
