4 0.183456 0.352288 0.041912 0.069281
4 0.041912 0.325490 0.050000 0.078431
5 0.205515 0.075817 0.049265 0.047059
2 0.163235 0.049020 0.007353 0.019608
10 0.163971 0.058170 0.011765 0.016993
2 0.383456 0.770588 0.022794 0.050980
10 0.384559 0.805229 0.020588 0.065359
4 0.484559 0.892810 0.072059 0.196078
4 0.621324 0.937255 0.148529 0.125490
4 0.564338 0.586928 0.087500 0.135948
4 0.602941 0.653595 0.108824 0.107190
5 0.690074 0.667320 0.074265 0.168627
1 0.820221 0.678431 0.019853 0.067974
4 0.892279 0.670588 0.138971 0.101961
4 0.775735 0.526144 0.102941 0.079739
6 0.771691 0.416993 0.131618 0.125490
4 0.719485 0.360131 0.084559 0.061438
5 0.447059 0.618954 0.044118 0.116340
5 0.459926 0.514379 0.081618 0.103268
1 0.595956 0.524183 0.012500 0.057516
1 0.652941 0.392157 0.011765 0.052288
2 0.631618 0.554248 0.010294 0.041830
2 0.638971 0.552288 0.010294 0.043137
10 0.638971 0.575163 0.029412 0.052288
5 0.609926 0.364706 0.046324 0.096732
1 0.622426 0.247712 0.011029 0.045752
1 0.599265 0.249020 0.008824 0.043137
1 0.605882 0.240523 0.010294 0.047059
6 0.499632 0.371895 0.174265 0.160784
4 0.479779 0.267320 0.075735 0.053595
4 0.552574 0.211111 0.053676 0.058824
4 0.596324 0.182353 0.058824 0.048366
4 0.569118 0.142484 0.052941 0.039216
1 0.540809 0.162745 0.006618 0.037908
1 0.493750 0.224837 0.006618 0.039216
4 0.497059 0.103268 0.025000 0.041830
4 0.398529 0.362745 0.030882 0.056209
4 0.349632 0.288889 0.028676 0.057516
4 0.402574 0.305882 0.025735 0.054902
4 0.386765 0.256863 0.027941 0.053595
4 0.368750 0.179085 0.021324 0.039216
4 0.369118 0.143791 0.022059 0.031373
4 0.473162 0.008497 0.031618 0.016993
