0 0.149740 0.317130 0.299479 0.202778
4 0.380469 0.859259 0.061979 0.133333
4 0.495573 0.739815 0.045312 0.083333
4 0.492708 0.546759 0.037500 0.058333
4 0.398177 0.447222 0.024479 0.035185
4 0.507812 0.434259 0.022917 0.031481
4 0.474219 0.385648 0.017188 0.026852
4 0.438021 0.374074 0.016667 0.024074
4 0.420312 0.357407 0.014583 0.025926
4 0.493750 0.351389 0.015625 0.025000
4 0.510677 0.313889 0.013021 0.020370
5 0.481771 0.297685 0.011458 0.017593
5 0.464062 0.294907 0.012500 0.021296
4 0.484115 0.284259 0.008854 0.011111
4 0.479687 0.273148 0.009375 0.011111
4 0.463802 0.259259 0.008854 0.014815
6 0.479427 0.256019 0.008854 0.021296
4 0.476042 0.254630 0.008333 0.012963
4 0.474740 0.242130 0.006771 0.012037
0 0.466406 0.212963 0.045312 0.044444
0 0.862760 0.294444 0.024479 0.024074
