4 0.589706 0.849673 0.047059 0.138562
4 0.555882 0.675817 0.042647 0.104575
4 0.475000 0.635294 0.032353 0.091503
4 0.463971 0.852941 0.045588 0.145098
4 0.482353 0.531373 0.030882 0.074510
4 0.352206 0.792157 0.058824 0.154248
4 0.401103 0.478431 0.037500 0.078431
4 0.454412 0.364052 0.051471 0.050980
4 0.404044 0.284967 0.053676 0.033987
4 0.489706 0.250327 0.026471 0.040523
4 0.108824 0.301961 0.060294 0.041830
4 0.455515 0.219608 0.018382 0.036601
1 0.612132 0.686928 0.015441 0.050980
10 0.612500 0.700000 0.019118 0.056209
1 0.634191 0.790850 0.015441 0.047059
10 0.634191 0.808497 0.018382 0.056209
1 0.707721 0.494771 0.009559 0.037908
3 0.707721 0.506536 0.012500 0.037908
1 0.710662 0.367320 0.005147 0.039216
1 0.768750 0.393464 0.008088 0.036601
4 0.538971 0.494771 0.032353 0.069281
4 0.486397 0.428105 0.027206 0.058824
4 0.531250 0.424837 0.024265 0.052288
4 0.572059 0.447059 0.029412 0.060131
4 0.113603 0.263399 0.049265 0.032680
1 0.234559 0.244444 0.005882 0.028758
1 0.246691 0.244444 0.006618 0.028758
5 0.248529 0.213725 0.044118 0.035294
1 0.356985 0.190196 0.003676 0.022222
1 0.351471 0.190850 0.004412 0.023529
1 0.344118 0.186928 0.004412 0.018301
10 0.342647 0.194771 0.007353 0.018301
4 0.356250 0.170588 0.018382 0.030065
4 0.388603 0.108497 0.013971 0.020915
4 0.427206 0.217647 0.020588 0.035294
4 0.412868 0.199346 0.019853 0.035294
4 0.438235 0.173203 0.016176 0.030065
4 0.447426 0.120915 0.013971 0.022222
4 0.461765 0.192810 0.016176 0.030065
4 0.466912 0.174510 0.013235 0.027451
4 0.468750 0.159477 0.015441 0.028758
4 0.471691 0.135294 0.013971 0.024837
4 0.471324 0.120261 0.013235 0.020915
4 0.505882 0.086928 0.010294 0.019608
4 0.481618 0.059477 0.008824 0.014379
4 0.490809 0.035948 0.008088 0.014379
4 0.488971 0.024837 0.007353 0.015686
4 0.488235 0.010458 0.007353 0.013072
4 0.480882 0.003922 0.007353 0.007843
7 0.461029 0.084967 0.007353 0.018301
4 0.572794 0.061438 0.008824 0.013072
4 0.567279 0.050980 0.009559 0.010458
4 0.559926 0.028105 0.006618 0.014379
4 0.557353 0.016993 0.007353 0.013072
4 0.476838 0.049020 0.009559 0.014379
4 0.400368 0.088889 0.011029 0.018301
6 0.406985 0.074510 0.016912 0.023529
1 0.466912 0.029412 0.002941 0.009150
10 0.466544 0.033333 0.005147 0.009150
1 0.458088 0.047059 0.002941 0.010458
10 0.457721 0.049673 0.005147 0.010458
1 0.438603 0.027451 0.002206 0.013072
1 0.428309 0.030719 0.003676 0.014379
1 0.422426 0.047059 0.003676 0.013072
4 0.587868 0.111765 0.012500 0.019608
1 0.528676 0.033333 0.002941 0.009150
3 0.528676 0.036601 0.002941 0.010458
1 0.442279 0.133333 0.003676 0.015686
4 0.442279 0.139869 0.005147 0.015686
4 0.613603 0.191503 0.016912 0.024837
10 0.518382 0.354248 0.014706 0.028758
1 0.520956 0.352941 0.009559 0.026144
1 0.521324 0.346405 0.008824 0.031373
10 0.409191 0.330719 0.021324 0.020915
1 0.408088 0.323529 0.011765 0.032680
1 0.399265 0.376471 0.007353 0.039216
10 0.502574 0.367974 0.009559 0.030065
1 0.502206 0.356863 0.008824 0.026144
1 0.124632 0.364706 0.011029 0.039216
