0 0.234926 0.034641 0.159559 0.061438
0 0.506618 0.139869 0.052941 0.041830
4 0.177206 0.777124 0.067647 0.134641
4 0.251103 0.590850 0.047794 0.088889
4 0.204779 0.583660 0.050735 0.084967
4 0.277574 0.386275 0.030147 0.048366
4 0.238603 0.371242 0.028676 0.041830
10 0.166176 0.545752 0.017647 0.045752
2 0.165809 0.542484 0.018382 0.052288
2 0.167647 0.535948 0.013235 0.044444
4 0.959559 0.609150 0.077941 0.073203
4 0.554044 0.550327 0.072794 0.062745
7 0.514706 0.479739 0.054412 0.054902
2 0.503676 0.476471 0.014706 0.040523
5 0.827574 0.526797 0.066912 0.067974
1 0.979779 0.332026 0.008088 0.028758
5 0.987132 0.297386 0.025735 0.037908
1 0.951838 0.380392 0.006618 0.039216
6 0.937132 0.362745 0.116912 0.084967
6 0.911765 0.343137 0.100000 0.077124
1 0.813235 0.279739 0.005882 0.026144
1 0.775368 0.322876 0.006618 0.028758
7 0.786765 0.311765 0.027941 0.022222
4 0.783456 0.301307 0.036029 0.027451
5 0.800368 0.252941 0.030147 0.027451
6 0.782353 0.275163 0.057353 0.048366
5 0.748529 0.281046 0.035294 0.031373
4 0.722794 0.269935 0.032353 0.027451
4 0.706985 0.260131 0.034559 0.026144
5 0.694485 0.201961 0.028676 0.032680
4 0.680147 0.244444 0.029412 0.026144
4 0.664338 0.234641 0.030147 0.024837
5 0.652206 0.229412 0.026471 0.024837
4 0.546324 0.172549 0.023529 0.018301
4 0.563971 0.177124 0.022059 0.019608
7 0.522059 0.202614 0.011765 0.018301
2 0.519118 0.196732 0.004412 0.014379
4 0.455515 0.175817 0.016912 0.019608
4 0.343015 0.228758 0.015441 0.028758
4 0.334559 0.172549 0.011765 0.020915
4 0.340074 0.131373 0.009559 0.011765
4 0.368750 0.126797 0.013971 0.015686
1 0.303676 0.183660 0.004412 0.019608
6 0.450000 0.122222 0.048529 0.030065
5 0.420221 0.124183 0.011029 0.015686
1 0.402574 0.118954 0.002206 0.013072
4 0.403676 0.116993 0.010294 0.014379
5 0.375735 0.088889 0.008824 0.013072
5 0.379412 0.068627 0.011765 0.011765
7 0.318382 0.211765 0.010294 0.023529
2 0.317647 0.208497 0.004412 0.016993
0 0.369118 0.100000 0.002941 0.011765
4 0.350000 0.080392 0.007353 0.009150
0 0.364338 0.056863 0.015441 0.035294
4 0.334559 0.060131 0.005882 0.010458
5 0.345588 0.067320 0.008824 0.011765
4 0.351838 0.069935 0.011029 0.006536
4 0.329779 0.070588 0.006618 0.007843
4 0.318750 0.062092 0.006618 0.009150
4 0.319485 0.069935 0.006618 0.009150
4 0.323529 0.075817 0.005882 0.010458
4 0.331618 0.081699 0.008824 0.009150
0 0.340441 0.077778 0.002941 0.011765
0 0.310662 0.107843 0.005147 0.016993
