4 0.428385 0.978704 0.136979 0.042593
5 0.618229 0.907407 0.105208 0.120370
5 0.308333 0.793056 0.102083 0.112037
4 0.124219 0.747685 0.110937 0.086111
7 0.035156 0.666667 0.043229 0.051852
1 0.017188 0.589352 0.016667 0.056481
1 0.027083 0.585648 0.020833 0.052778
1 0.043490 0.593981 0.014063 0.058333
2 0.072656 0.582407 0.018229 0.035185
3 0.247917 0.537963 0.012500 0.037037
3 0.232552 0.529630 0.010937 0.037037
2 0.232292 0.518519 0.011458 0.044444
2 0.247135 0.524074 0.011979 0.037037
4 0.322656 0.502315 0.039062 0.063889
4 0.364063 0.511574 0.036458 0.075000
4 0.413021 0.507407 0.036458 0.068519
5 0.460156 0.500926 0.027604 0.079630
1 0.251302 0.421759 0.009896 0.039815
9 0.339844 0.403241 0.067187 0.123148
4 0.378385 0.451389 0.032813 0.052778
4 0.428646 0.430556 0.028125 0.051852
4 0.393750 0.400463 0.029167 0.054630
5 0.435156 0.383333 0.026562 0.061111
4 0.405990 0.365278 0.025521 0.041667
4 0.371094 0.364815 0.024479 0.042593
4 0.377865 0.337500 0.022396 0.039815
4 0.389583 0.311574 0.022917 0.034259
4 0.400781 0.281481 0.019271 0.033333
4 0.394271 0.267130 0.019792 0.030556
4 0.407292 0.250000 0.019792 0.031481
4 0.416146 0.315741 0.020833 0.042593
4 0.449219 0.336111 0.022396 0.038889
4 0.452604 0.302778 0.018750 0.033333
4 0.425260 0.297685 0.018229 0.032407
4 0.431510 0.276389 0.019271 0.030556
4 0.437760 0.255556 0.018229 0.029630
5 0.455729 0.274074 0.017708 0.035185
4 0.461979 0.260185 0.016667 0.029630
4 0.551823 0.462500 0.028646 0.047222
5 0.557552 0.360648 0.020313 0.045370
3 0.630990 0.340278 0.006771 0.021296
2 0.631250 0.333796 0.005208 0.028704
4 0.544531 0.308796 0.020313 0.036111
4 0.595833 0.247222 0.020833 0.025926
4 0.532552 0.165278 0.011979 0.015741
4 0.474219 0.200926 0.011979 0.020370
4 0.428646 0.210185 0.014583 0.022222
1 0.387760 0.197222 0.004687 0.024074
1 0.417187 0.176852 0.004167 0.018519
4 0.439844 0.147222 0.009896 0.016667
4 0.443229 0.133796 0.010417 0.013889
4 0.451562 0.116667 0.008333 0.012963
4 0.457031 0.114352 0.009896 0.012037
1 0.809635 0.187037 0.006771 0.018519
4 0.700260 0.228704 0.033854 0.024074
5 0.569010 0.145833 0.009896 0.019444
4 0.567448 0.139815 0.008854 0.016667
4 0.504427 0.105093 0.007812 0.015741
4 0.466667 0.103704 0.008333 0.011111
4 0.470833 0.099537 0.008333 0.010185
4 0.478906 0.097222 0.007812 0.011111
4 0.482292 0.093981 0.005208 0.010185
4 0.472656 0.093981 0.008854 0.012037
4 0.503906 0.087500 0.006771 0.012037
4 0.517708 0.079167 0.006250 0.008333
4 0.525260 0.080093 0.006771 0.010185
4 0.527865 0.073611 0.006771 0.008333
1 0.555729 0.090741 0.003125 0.009259
0 0.676562 0.190741 0.051042 0.053704
4 0.652344 0.161111 0.030729 0.020370
4 0.652083 0.154630 0.023958 0.022222
4 0.630990 0.121759 0.018229 0.013889
1 0.646615 0.114815 0.003646 0.012963
0 0.619271 0.091667 0.027083 0.040741
4 0.637760 0.072222 0.010937 0.009259
5 0.644531 0.086111 0.011979 0.012963
4 0.653125 0.110648 0.010417 0.012037
0 0.642448 0.137963 0.025521 0.014815
0 0.167708 0.168056 0.128125 0.097222
3 0.077083 0.163426 0.009375 0.013889
2 0.077604 0.158796 0.004167 0.012037
