4 0.221691 0.153595 0.015441 0.022222
1 0.250368 0.156209 0.005147 0.022222
4 0.238603 0.087582 0.022794 0.015686
6 0.075735 0.073856 0.033824 0.030065
6 0.113971 0.075163 0.032353 0.027451
6 0.158456 0.081699 0.033088 0.019608
6 0.258824 0.059477 0.027941 0.022222
4 0.197426 0.088235 0.024265 0.016993
0 0.432353 0.115686 0.016176 0.022222
6 0.397426 0.100654 0.044853 0.039216
1 0.388971 0.111765 0.002941 0.016993
0 0.485662 0.064052 0.008088 0.028758
0 0.778676 0.037908 0.186765 0.073203
0 0.899632 0.067974 0.053676 0.049673
0 0.867279 0.101961 0.062500 0.054902
10 0.667647 0.915033 0.020588 0.081046
2 0.667647 0.898693 0.017647 0.053595
4 0.726103 0.652941 0.044853 0.087582
4 0.685662 0.496078 0.037500 0.069281
4 0.787868 0.515033 0.043382 0.060131
4 0.641176 0.274510 0.025000 0.031373
4 0.601471 0.160784 0.014706 0.020915
6 0.636397 0.504575 0.052206 0.128105
6 0.588971 0.320261 0.035294 0.083660
5 0.545588 0.288889 0.019118 0.049673
3 0.900735 0.583007 0.016176 0.036601
2 0.903309 0.571895 0.012500 0.032680
3 0.913971 0.584314 0.014706 0.039216
2 0.916544 0.574510 0.011029 0.040523
5 0.635662 0.189542 0.018382 0.031373
6 0.555515 0.188889 0.018382 0.032680
4 0.591544 0.111765 0.012500 0.016993
5 0.586397 0.069281 0.009559 0.015686
4 0.550000 0.077124 0.010294 0.015686
5 0.548162 0.084967 0.015441 0.020915
4 0.546691 0.058170 0.009559 0.011765
4 0.540074 0.046405 0.008088 0.014379
4 0.546324 0.022222 0.005882 0.010458
4 0.526103 0.009150 0.006618 0.007843
4 0.497794 0.007190 0.005882 0.009150
0 0.486765 0.011111 0.013235 0.019608
5 0.822794 0.119608 0.023529 0.022222
6 0.781618 0.106536 0.051471 0.045752
7 0.779779 0.144444 0.018382 0.011765
2 0.782721 0.141176 0.003676 0.010458
2 0.777574 0.140523 0.005147 0.014379
4 0.932721 0.133987 0.025735 0.016993
4 0.918382 0.128105 0.020588 0.018301
4 0.911765 0.121569 0.019118 0.018301
5 0.833088 0.091503 0.019118 0.018301
4 0.823529 0.086275 0.020588 0.015686
4 0.936765 0.098693 0.019118 0.014379
4 0.945221 0.102614 0.015441 0.014379
4 0.953676 0.106536 0.017647 0.014379
4 0.963235 0.110458 0.020588 0.016993
5 0.982721 0.115033 0.022794 0.020915
4 0.987868 0.122876 0.015441 0.015686
4 0.989706 0.126144 0.013235 0.014379
