4 0.395956 0.922876 0.065441 0.154248
4 0.260662 0.865359 0.118382 0.096732
5 0.065441 0.949020 0.114706 0.101961
4 0.074265 0.896078 0.082353 0.116340
4 0.030515 0.809804 0.061029 0.098039
10 0.030515 0.843137 0.040441 0.047059
10 0.016176 0.885621 0.032353 0.056209
4 0.283824 0.779739 0.094118 0.087582
4 0.024265 0.579085 0.048529 0.083660
4 0.034191 0.499346 0.066912 0.052288
4 0.076471 0.558824 0.047059 0.079739
4 0.297794 0.670588 0.088235 0.117647
4 0.338971 0.579739 0.035294 0.095425
4 0.338971 0.730065 0.042647 0.105882
4 0.187868 0.449673 0.065441 0.052288
7 0.075000 0.375817 0.032353 0.045752
1 0.131985 0.344444 0.009559 0.035294
2 0.140074 0.395425 0.008088 0.019608
4 0.276838 0.422222 0.065441 0.047059
3 0.298897 0.391503 0.009559 0.035294
10 0.301838 0.363399 0.008088 0.031373
5 0.333824 0.389542 0.029412 0.062745
10 0.363235 0.383660 0.017647 0.037908
4 0.388603 0.413072 0.028676 0.054902
4 0.414338 0.393464 0.025735 0.052288
3 0.381618 0.374510 0.016176 0.024837
10 0.441544 0.362092 0.022794 0.026144
2 0.479044 0.364052 0.009559 0.022222
2 0.497794 0.331373 0.005882 0.024837
4 0.475735 0.463399 0.063235 0.050980
1 0.367647 0.560131 0.013235 0.045752
3 0.365441 0.573856 0.010294 0.036601
2 0.384191 0.543137 0.011029 0.032680
10 0.384559 0.549673 0.011765 0.027451
10 0.389706 0.517647 0.020588 0.033987
2 0.390809 0.510458 0.011029 0.035294
1 0.530515 0.028105 0.005147 0.019608
5 0.538603 0.422876 0.066912 0.058824
4 0.612500 0.426797 0.058824 0.045752
10 0.544853 0.373203 0.020588 0.027451
10 0.527941 0.388889 0.017647 0.022222
3 0.585662 0.369935 0.022794 0.023529
10 0.616176 0.379739 0.005882 0.030065
10 0.640809 0.383660 0.006618 0.027451
3 0.640441 0.371895 0.020588 0.022222
4 0.542279 0.574510 0.041912 0.071895
4 0.686765 0.432680 0.061765 0.044444
1 0.718015 0.383007 0.005147 0.036601
2 0.725000 0.377124 0.011765 0.027451
2 0.740074 0.377124 0.006618 0.019608
10 0.775368 0.411111 0.008088 0.032680
3 0.811029 0.383660 0.020588 0.022222
10 0.863235 0.398693 0.007353 0.031373
10 0.870588 0.392157 0.007353 0.031373
1 0.845588 0.406536 0.007353 0.031373
7 0.903676 0.434641 0.048529 0.040523
10 0.956985 0.438562 0.024265 0.024837
10 0.936029 0.418301 0.007353 0.031373
7 0.646691 0.545098 0.050735 0.036601
4 0.626103 0.600654 0.040441 0.087582
4 0.627206 0.692157 0.041176 0.092810
4 0.521324 0.721569 0.041176 0.107190
1 0.559926 0.759477 0.011029 0.049673
4 0.598529 0.819608 0.042647 0.115033
4 0.672059 0.769281 0.088235 0.077124
4 0.653309 0.896732 0.046324 0.138562
5 0.660294 0.984314 0.047059 0.031373
4 0.852941 0.598039 0.050000 0.090196
5 0.703309 0.613725 0.056618 0.108497
4 0.745221 0.589542 0.058088 0.099346
4 0.788971 0.594771 0.058824 0.088889
1 0.750368 0.532026 0.009559 0.041830
5 0.931618 0.562745 0.075000 0.095425
2 0.010294 0.365359 0.011765 0.032680
1 0.148529 0.352288 0.010294 0.035294
1 0.152206 0.365359 0.008824 0.032680
8 0.123897 0.275817 0.027206 0.047059
