4 0.727206 0.919608 0.083824 0.160784
10 0.786397 0.821569 0.034559 0.035294
4 0.680882 0.696078 0.070588 0.160784
1 0.721691 0.425490 0.012500 0.050980
10 0.716544 0.372549 0.028676 0.036601
10 0.695221 0.341176 0.024265 0.036601
4 0.646324 0.521569 0.045588 0.094118
4 0.626471 0.401961 0.047059 0.095425
4 0.674632 0.272549 0.072794 0.058824
10 0.704412 0.203922 0.017647 0.031373
10 0.686397 0.158170 0.018382 0.023529
10 0.636765 0.196732 0.019118 0.030065
4 0.587132 0.190850 0.030147 0.057516
4 0.576103 0.143137 0.031618 0.058824
1 0.616544 0.162092 0.006618 0.041830
1 0.626103 0.170588 0.006618 0.040523
3 0.636397 0.164706 0.018382 0.028758
4 0.425000 0.483007 0.041176 0.113725
1 0.575735 0.647712 0.011765 0.056209
1 0.572059 0.622876 0.013235 0.066667
1 0.632353 0.142484 0.008824 0.044444
4 0.568750 0.100000 0.028676 0.048366
0 0.615441 0.109804 0.025000 0.039216
1 0.659191 0.115686 0.012500 0.035294
1 0.632353 0.051634 0.008824 0.035294
4 0.563235 0.054248 0.025000 0.045752
4 0.554779 0.016340 0.025735 0.032680
0 0.582353 0.010458 0.017647 0.020915
4 0.364338 0.020261 0.025735 0.040523
4 0.356985 0.060131 0.025735 0.054902
4 0.352941 0.101961 0.027941 0.060131
3 0.298162 0.079739 0.016912 0.026144
1 0.254044 0.107190 0.008088 0.041830
10 0.295588 0.138562 0.017647 0.026144
7 0.333824 0.226144 0.019118 0.047059
5 0.317279 0.291503 0.038971 0.094118
4 0.306250 0.392157 0.040441 0.099346
4 0.267647 0.225490 0.069118 0.066667
4 0.245588 0.283007 0.067647 0.066667
4 0.223529 0.442484 0.079412 0.079739
1 0.318750 0.615686 0.018382 0.057516
10 0.356618 0.573856 0.016176 0.060131
2 0.355515 0.554902 0.013971 0.043137
4 0.242647 0.777778 0.069118 0.180392
1 0.234559 0.909150 0.016176 0.066667
4 0.200735 0.928758 0.070588 0.142484
4 0.098529 0.802614 0.108824 0.175163
