0 0.536979 0.183333 0.073958 0.051852
6 0.367188 0.509259 0.082292 0.085185
6 0.688021 0.522222 0.080208 0.066667
6 0.762500 0.810185 0.075000 0.157407
8 0.415104 0.921296 0.067708 0.157407
7 0.633333 0.667593 0.035417 0.075926
7 0.586979 0.578704 0.032292 0.075926
6 0.631250 0.475000 0.058333 0.046296
3 0.692187 0.559259 0.059375 0.062963
3 0.772396 0.586111 0.053125 0.046296
8 0.413021 0.382407 0.023958 0.053704
7 0.557292 0.500926 0.018750 0.057407
8 0.497917 0.364815 0.014583 0.040741
8 0.450000 0.369444 0.012500 0.038889
8 0.530208 0.330556 0.008333 0.031481
7 0.592708 0.450926 0.047917 0.050000
10 0.534375 0.453704 0.012500 0.044444
10 0.475000 0.462037 0.006250 0.020370
10 0.459896 0.459259 0.005208 0.025926
10 0.364063 0.426852 0.021875 0.024074
10 0.318750 0.500926 0.006250 0.038889
10 0.322917 0.942593 0.041667 0.107407
10 0.833854 0.677778 0.048958 0.051852
10 0.900521 0.674074 0.055208 0.051852
10 0.753646 0.573148 0.034375 0.038889
10 0.790625 0.612037 0.043750 0.050000
10 0.481771 0.362963 0.003125 0.014815
10 0.471354 0.336111 0.019792 0.012963
7 0.267188 0.575926 0.044792 0.040741
1 0.547396 0.568519 0.011458 0.051852
1 0.607812 0.653704 0.013542 0.066667
1 0.544792 0.369444 0.004167 0.027778
1 0.689063 0.573148 0.011458 0.035185
10 0.705729 0.565741 0.034375 0.046296
2 0.629167 0.636111 0.006250 0.035185
2 0.476562 0.448148 0.007292 0.022222
2 0.459896 0.446296 0.005208 0.029630
2 0.471875 0.323148 0.004167 0.020370
2 0.484375 0.321296 0.004167 0.020370
2 0.584375 0.428704 0.008333 0.031481
4 0.605729 0.296296 0.038542 0.025926
10 0.568750 0.345370 0.018750 0.016667
10 0.586979 0.340741 0.021875 0.018519
1 0.523438 0.275926 0.005208 0.022222
2 0.494792 0.288889 0.004167 0.018519
10 0.493750 0.295370 0.006250 0.012963
2 0.519792 0.323148 0.006250 0.016667
10 0.518750 0.333333 0.010417 0.018519
0 0.559896 0.300926 0.048958 0.057407
0 0.538021 0.232407 0.069792 0.046296
