10 0.013603 0.047712 0.027206 0.050980
10 0.039338 0.111111 0.055147 0.065359
10 0.021691 0.181046 0.043382 0.071895
1 0.020221 0.249673 0.027206 0.073203
1 0.009191 0.245752 0.018382 0.065359
5 0.044853 0.353595 0.089706 0.241830
4 0.393015 0.210458 0.094853 0.214379
4 0.276103 0.690196 0.091912 0.303268
1 0.345588 0.641176 0.023529 0.079739
3 0.221324 0.115033 0.027941 0.091503
2 0.218015 0.095425 0.022794 0.078431
10 0.170588 0.279739 0.039706 0.099346
2 0.167647 0.266667 0.030882 0.081046
1 0.820588 0.032026 0.017647 0.064052
10 0.852574 0.012418 0.046324 0.024837
10 0.874632 0.249673 0.058088 0.067974
10 0.862500 0.332680 0.058824 0.058824
6 0.622059 0.050327 0.044118 0.100654
1 0.833824 0.705882 0.033824 0.075817
3 0.963971 0.799346 0.072059 0.066667
10 0.879779 0.639216 0.068382 0.073203
1 0.807353 0.904575 0.041176 0.057516
1 0.813971 0.875163 0.044118 0.074510
