10 0.695956 0.967320 0.031618 0.065359
4 0.488971 0.983660 0.061765 0.032680
10 0.566544 0.982353 0.025735 0.035294
2 0.570956 0.986275 0.019853 0.027451
2 0.495221 0.832026 0.027206 0.058824
3 0.495588 0.853595 0.045588 0.075817
1 0.853676 0.694771 0.023529 0.069281
2 0.864706 0.512418 0.019118 0.044444
7 0.851103 0.531373 0.061029 0.058824
4 0.954044 0.445752 0.090441 0.067974
2 0.769485 0.609150 0.018382 0.041830
10 0.769853 0.638562 0.041176 0.037908
2 0.804779 0.365359 0.009559 0.032680
2 0.794485 0.375163 0.008088 0.026144
10 0.805882 0.391503 0.032353 0.030065
2 0.697794 0.489542 0.017647 0.043137
10 0.697794 0.510458 0.042647 0.037908
1 0.186765 0.895425 0.025000 0.096732
1 0.160662 0.893464 0.036029 0.098039
3 0.156985 0.915686 0.033088 0.079739
2 0.027941 0.683660 0.023529 0.041830
1 0.030147 0.592157 0.013235 0.073203
1 0.073529 0.467974 0.017647 0.073203
2 0.536765 0.622876 0.016176 0.058824
3 0.537132 0.639869 0.041912 0.058824
4 0.287132 0.464706 0.109559 0.077124
5 0.537868 0.476471 0.084559 0.103268
2 0.531618 0.475817 0.011765 0.031373
4 0.639338 0.423529 0.093382 0.073203
2 0.641544 0.415033 0.008088 0.016993
10 0.713603 0.287582 0.015441 0.036601
10 0.707353 0.280392 0.016176 0.032680
10 0.679044 0.277124 0.018382 0.028758
10 0.678309 0.266013 0.013971 0.037908
1 0.670221 0.256863 0.008088 0.043137
2 0.561397 0.382353 0.015441 0.053595
3 0.559191 0.389542 0.034559 0.033987
2 0.578676 0.330065 0.010294 0.045752
10 0.579412 0.342484 0.029412 0.039216
10 0.633824 0.199346 0.019118 0.027451
10 0.607721 0.195425 0.021324 0.027451
4 0.562500 0.152288 0.023529 0.043137
4 0.512500 0.140523 0.020588 0.035294
4 0.552206 0.095425 0.019118 0.033987
1 0.521324 0.054902 0.004412 0.028758
1 0.526471 0.055556 0.004412 0.030065
2 0.511765 0.026144 0.005882 0.015686
10 0.511397 0.036601 0.003676 0.013072
4 0.455882 0.151634 0.025000 0.044444
4 0.448897 0.252941 0.030147 0.061438
4 0.393015 0.242484 0.033088 0.066667
5 0.402941 0.179739 0.036765 0.098039
4 0.388971 0.069281 0.020588 0.028758
4 0.397059 0.050980 0.019118 0.028758
4 0.406985 0.023529 0.016912 0.028758
4 0.411765 0.014379 0.016176 0.023529
4 0.417647 0.007190 0.013235 0.014379
2 0.436765 0.006536 0.004412 0.010458
10 0.437132 0.016993 0.005147 0.015686
2 0.448897 0.003268 0.005147 0.006536
10 0.448897 0.009150 0.005147 0.013072
1 0.374265 0.031373 0.004412 0.020915
10 0.369485 0.035948 0.013971 0.011765
3 0.365809 0.058824 0.006618 0.018301
10 0.355147 0.072549 0.014706 0.016993
7 0.345221 0.099346 0.019853 0.023529
10 0.336029 0.116340 0.014706 0.018301
10 0.340441 0.117647 0.014706 0.015686
10 0.282353 0.105229 0.007353 0.037908
1 0.290441 0.163399 0.007353 0.036601
1 0.283824 0.160131 0.005882 0.040523
3 0.254044 0.169281 0.021324 0.024837
3 0.253309 0.166013 0.018382 0.020915
1 0.280882 0.244444 0.007353 0.039216
1 0.274265 0.243137 0.008824 0.044444
10 0.260294 0.231373 0.017647 0.026144
3 0.259191 0.224183 0.015441 0.032680
10 0.259191 0.216340 0.022794 0.032680
10 0.203676 0.204575 0.023529 0.032680
10 0.219118 0.287582 0.025000 0.026144
3 0.220221 0.280392 0.021324 0.024837
10 0.201103 0.265359 0.022794 0.031373
7 0.206618 0.317647 0.022059 0.054902
1 0.157721 0.226144 0.011029 0.047059
1 0.118750 0.236601 0.013971 0.041830
1 0.109191 0.244444 0.006618 0.028758
7 0.095221 0.239216 0.018382 0.036601
10 0.066912 0.227451 0.023529 0.026144
1 0.060662 0.326797 0.015441 0.057516
1 0.053309 0.324183 0.013971 0.049673
1 0.040074 0.326144 0.015441 0.053595
4 0.014338 0.308497 0.028676 0.065359
1 0.348529 0.324183 0.013235 0.047059
2 0.288971 0.374510 0.013235 0.043137
10 0.288235 0.392157 0.032353 0.039216
