9 0.589583 0.812500 0.106250 0.375000
4 0.691667 0.845370 0.071875 0.187037
5 0.483073 0.661111 0.051562 0.135185
5 0.570833 0.543519 0.044792 0.112963
5 0.501563 0.487963 0.042708 0.092593
5 0.564323 0.411574 0.038021 0.071296
4 0.493490 0.313889 0.036979 0.053704
5 0.564323 0.281481 0.032813 0.061111
2 0.653906 0.341667 0.011979 0.027778
2 0.650781 0.339352 0.013021 0.041667
10 0.651302 0.348148 0.010937 0.037037
4 0.455990 0.093519 0.018229 0.029630
4 0.489323 0.073611 0.016146 0.026852
5 0.474740 0.046296 0.015104 0.031481
