4 0.177574 0.946405 0.168382 0.107190
4 0.195956 0.822876 0.146324 0.142484
4 0.500000 0.439216 0.048529 0.112418
10 0.323529 0.571895 0.022059 0.048366
10 0.203676 0.728758 0.047059 0.058824
10 0.261029 0.744444 0.047059 0.058824
10 0.248897 0.728105 0.046324 0.060131
3 0.269485 0.639869 0.049265 0.053595
1 0.323897 0.741830 0.019853 0.082353
1 0.294485 0.762092 0.022794 0.088889
1 0.301471 0.728105 0.016176 0.081046
1 0.399632 0.432026 0.016912 0.071895
1 0.390074 0.403268 0.013971 0.061438
4 0.710662 0.905882 0.156618 0.143791
4 0.684191 0.781699 0.149265 0.125490
4 0.675735 0.660131 0.141176 0.099346
4 0.816176 0.577124 0.067647 0.145098
4 0.881250 0.779085 0.096324 0.201307
4 0.714706 0.273203 0.076471 0.057516
4 0.580882 0.193464 0.073529 0.057516
4 0.804779 0.257516 0.040441 0.073203
4 0.862868 0.243137 0.063971 0.057516
4 0.748529 0.180392 0.050000 0.060131
4 0.875000 0.160131 0.051471 0.061438
4 0.940441 0.249673 0.060294 0.081046
4 0.961765 0.152941 0.042647 0.047059
4 0.816544 0.094118 0.040441 0.049673
4 0.832353 0.047059 0.033824 0.036601
4 0.761029 0.078431 0.030882 0.047059
4 0.730147 0.022876 0.025000 0.040523
2 0.490074 0.866013 0.025735 0.077124
7 0.486397 0.854248 0.041912 0.181699
2 0.450368 0.432026 0.012500 0.071895
10 0.449265 0.441830 0.026471 0.054902
1 0.588603 0.928758 0.019853 0.061438
1 0.623529 0.881699 0.023529 0.079739
1 0.594485 0.855556 0.019853 0.084967
1 0.602941 0.897386 0.011765 0.050980
4 0.673897 0.592157 0.127206 0.091503
4 0.669118 0.527451 0.113235 0.079739
4 0.668382 0.526144 0.113235 0.079739
5 0.655147 0.430065 0.086765 0.094118
2 0.796691 0.339869 0.013971 0.047059
2 0.795221 0.337255 0.009559 0.044444
10 0.795588 0.354902 0.014706 0.040523
7 0.735294 0.373203 0.051471 0.058824
1 0.750735 0.391503 0.011765 0.048366
1 0.657353 0.336601 0.011765 0.048366
4 0.955147 0.957516 0.089706 0.082353
7 0.579779 0.328105 0.030147 0.065359
7 0.459926 0.261438 0.055147 0.062745
2 0.613235 0.167320 0.008824 0.031373
2 0.621691 0.170588 0.008088 0.032680
2 0.626838 0.155556 0.008088 0.023529
2 0.617279 0.154248 0.008088 0.023529
7 0.624632 0.171895 0.034559 0.032680
1 0.598162 0.137908 0.011029 0.045752
2 0.655882 0.166013 0.010294 0.047059
7 0.666176 0.169281 0.032353 0.045752
5 0.666544 0.103268 0.025735 0.067974
5 0.779044 0.047712 0.024265 0.053595
2 0.913971 0.127451 0.010294 0.035294
2 0.768750 0.122876 0.009559 0.028758
2 0.797794 0.038562 0.007353 0.024837
10 0.769118 0.139216 0.011765 0.027451
10 0.912132 0.139216 0.012500 0.027451
10 0.798162 0.049020 0.009559 0.027451
