4 0.427941 0.815686 0.023529 0.070588
9 0.650000 0.766013 0.055882 0.141176
4 0.379779 0.533333 0.021324 0.039216
4 0.415441 0.426144 0.016176 0.033987
4 0.589706 0.481046 0.020588 0.028758
4 0.472794 0.416340 0.011765 0.024837
4 0.590074 0.415033 0.013971 0.019608
4 0.432353 0.354248 0.011765 0.026144
4 0.440074 0.276471 0.022794 0.022222
4 0.571691 0.252941 0.008088 0.014379
6 0.658088 0.357516 0.029412 0.079739
6 0.549632 0.252288 0.015441 0.039216
6 0.557721 0.152288 0.009559 0.024837
6 0.443382 0.139216 0.011765 0.022222
4 0.521691 0.196732 0.006618 0.009150
4 0.486029 0.160784 0.005882 0.010458
4 0.475368 0.152941 0.005147 0.007843
4 0.471324 0.137908 0.004412 0.009150
4 0.504044 0.127451 0.003676 0.006536
4 0.497059 0.092157 0.002941 0.006536
4 0.480515 0.086275 0.003676 0.005229
6 0.507353 0.082353 0.004412 0.010458
4 0.490441 0.079085 0.002941 0.003922
0 0.484559 0.043791 0.022059 0.058824
4 0.444118 0.118301 0.004412 0.006536
