4 0.244118 0.628105 0.073529 0.118954
4 0.207353 0.492157 0.094118 0.082353
4 0.300368 0.482353 0.041912 0.107190
4 0.315074 0.286928 0.028676 0.056209
4 0.294853 0.237255 0.069118 0.045752
4 0.629412 0.822222 0.080882 0.172549
4 0.708456 0.684314 0.122794 0.100654
4 0.688235 0.615686 0.098529 0.078431
4 0.558456 0.502614 0.050735 0.095425
4 0.529779 0.394118 0.038971 0.074510
4 0.518750 0.336601 0.034559 0.058824
4 0.379412 0.166013 0.026471 0.047059
4 0.414706 0.154248 0.020588 0.041830
4 0.471324 0.147059 0.023529 0.035294
4 0.491912 0.239216 0.032353 0.049673
4 0.483824 0.203922 0.025000 0.039216
4 0.604412 0.313072 0.051471 0.053595
4 0.596691 0.362092 0.074265 0.065359
5 0.323529 0.188889 0.022059 0.064052
4 0.335294 0.168627 0.019118 0.039216
4 0.403676 0.928758 0.067647 0.142484
4 0.617647 0.424837 0.069118 0.049673
4 0.331618 0.093464 0.014706 0.030065
5 0.341544 0.075817 0.011029 0.031373
5 0.413235 0.060784 0.013235 0.030065
5 0.441544 0.065359 0.015441 0.023529
5 0.450000 0.049020 0.023529 0.027451
5 0.459191 0.097386 0.013971 0.032680
5 0.487868 0.100000 0.030147 0.032680
5 0.483824 0.058824 0.032353 0.026144
0 0.410662 0.016340 0.074265 0.030065
10 0.901103 0.883660 0.033088 0.088889
10 0.932721 0.900000 0.025735 0.084967
10 0.672059 0.516340 0.029412 0.036601
0 0.247426 0.329412 0.027206 0.062745
1 0.521691 0.901307 0.012500 0.048366
1 0.525000 0.891503 0.010294 0.078431
1 0.164706 0.501961 0.011765 0.047059
1 0.641176 0.325490 0.010294 0.047059
1 0.652941 0.320915 0.008824 0.045752
10 0.702574 0.418954 0.018382 0.045752
10 0.714706 0.439216 0.014706 0.049673
2 0.444485 0.229412 0.006618 0.030065
2 0.458088 0.250980 0.007353 0.023529
10 0.457721 0.267320 0.009559 0.022222
1 0.196324 0.250980 0.008824 0.041830
2 0.445956 0.113725 0.003676 0.023529
