4 0.025368 0.100654 0.050735 0.099346
5 0.059926 0.118954 0.043382 0.122876
4 0.123529 0.166667 0.073529 0.069281
4 0.142279 0.188889 0.052206 0.100654
4 0.193015 0.226797 0.052206 0.100654
4 0.255147 0.270588 0.076471 0.122876
5 0.339706 0.305882 0.082353 0.083660
4 0.408824 0.356209 0.075000 0.079739
1 0.195221 0.322222 0.019853 0.056209
1 0.212868 0.313072 0.012500 0.053595
2 0.202574 0.315033 0.009559 0.033987
3 0.210662 0.334641 0.034559 0.044444
1 0.249265 0.595425 0.020588 0.077124
2 0.363603 0.754902 0.025735 0.071895
10 0.365074 0.767974 0.041912 0.084967
5 0.442279 0.900654 0.119853 0.198693
4 0.157353 0.394118 0.095588 0.100654
4 0.059926 0.226144 0.068382 0.067974
10 0.013235 0.171895 0.020588 0.040523
2 0.514338 0.443137 0.018382 0.054902
10 0.514706 0.462092 0.035294 0.045752
4 0.545956 0.553595 0.088971 0.142484
4 0.567279 0.703922 0.102206 0.181699
4 0.670221 0.327451 0.066912 0.105882
4 0.779044 0.224837 0.053676 0.104575
4 0.836029 0.104575 0.044118 0.081046
4 0.710662 0.406536 0.068382 0.128105
1 0.966176 0.964052 0.033824 0.069281
2 0.949632 0.766667 0.033088 0.056209
7 0.959191 0.796732 0.081618 0.124183
2 0.868750 0.633987 0.021324 0.060131
10 0.867279 0.643137 0.018382 0.065359
1 0.927574 0.390850 0.019853 0.065359
2 0.857353 0.482353 0.016176 0.041830
2 0.863235 0.462092 0.016176 0.045752
10 0.861029 0.477124 0.019118 0.060131
2 0.893382 0.229412 0.013235 0.037908
10 0.889706 0.241176 0.013235 0.040523
10 0.770221 0.075163 0.015441 0.035294
0 0.590441 0.150980 0.132353 0.173856
0 0.723897 0.039216 0.068382 0.075817
0 0.777206 0.020261 0.039706 0.040523
4 0.611397 0.900654 0.116912 0.198693
