1 0.053309 0.809804 0.013971 0.053595
4 0.023897 0.785621 0.047794 0.060131
4 0.037132 0.751634 0.074265 0.060131
4 0.079779 0.720915 0.071324 0.048366
4 0.106250 0.698039 0.071324 0.047059
10 0.092279 0.672549 0.012500 0.030065
4 0.137132 0.639216 0.052206 0.047059
0 0.156618 0.604575 0.033824 0.027451
10 0.179044 0.587582 0.018382 0.022222
4 0.261029 0.591503 0.025000 0.037908
1 0.186397 0.549020 0.006618 0.028758
4 0.296691 0.548366 0.019853 0.035294
4 0.320956 0.515033 0.019853 0.031373
4 0.336765 0.492810 0.032353 0.023529
4 0.333824 0.481046 0.016176 0.020915
5 0.354412 0.467320 0.014706 0.027451
5 0.357721 0.458824 0.011029 0.023529
4 0.404779 0.463399 0.013971 0.019608
1 0.370221 0.519608 0.005147 0.024837
1 0.390809 0.496732 0.008088 0.026144
1 0.333088 0.603268 0.005882 0.035294
1 0.338971 0.606536 0.007353 0.033987
1 0.350368 0.607190 0.009559 0.032680
1 0.342279 0.588889 0.009559 0.037908
7 0.262868 0.505229 0.013971 0.024837
0 0.291544 0.495425 0.025735 0.031373
10 0.619853 0.799346 0.010294 0.037908
2 0.619118 0.791503 0.011765 0.040523
4 0.733824 0.779085 0.038235 0.057516
5 0.682721 0.646405 0.030147 0.048366
4 0.801838 0.724837 0.043382 0.040523
1 0.783088 0.600654 0.007353 0.027451
1 0.769853 0.598693 0.007353 0.031373
5 0.729779 0.576471 0.024265 0.044444
6 0.652574 0.557516 0.043382 0.090196
1 0.647059 0.609804 0.008824 0.030065
4 0.468015 0.732680 0.027206 0.061438
5 0.456618 0.656863 0.027941 0.066667
7 0.438971 0.596732 0.011765 0.043137
2 0.438971 0.598039 0.010294 0.024837
4 0.465809 0.575163 0.019853 0.033987
2 0.438603 0.524183 0.006618 0.023529
3 0.438971 0.529412 0.007353 0.020915
10 0.558824 0.554248 0.007353 0.020915
2 0.558456 0.547059 0.006618 0.019608
4 0.533456 0.526144 0.015441 0.024837
4 0.509191 0.514379 0.013971 0.024837
4 0.479044 0.520915 0.016912 0.027451
4 0.541176 0.472549 0.011765 0.022222
4 0.579044 0.449673 0.012500 0.020915
1 0.616912 0.509150 0.007353 0.024837
6 0.600735 0.467320 0.023529 0.045752
4 0.343750 0.420915 0.012500 0.018301
5 0.537500 0.454248 0.010294 0.019608
5 0.489338 0.383007 0.008088 0.013072
4 0.510662 0.411765 0.009559 0.013072
5 0.502206 0.402614 0.008824 0.015686
4 0.501103 0.382353 0.008088 0.011765
5 0.491176 0.374510 0.007353 0.011765
0 0.468382 0.420915 0.023529 0.070588
0 0.528309 0.394771 0.024265 0.091503
0 0.496691 0.322876 0.047794 0.088889
4 0.418015 0.432026 0.011029 0.016993
0 0.406250 0.381699 0.099265 0.070588
