4 0.279412 0.913725 0.085294 0.172549
4 0.389338 0.411111 0.036029 0.092810
4 0.562868 0.422222 0.044853 0.065359
4 0.406618 0.292157 0.026471 0.064052
4 0.415809 0.211765 0.019853 0.065359
4 0.475000 0.079739 0.016176 0.036601
4 0.475368 0.049020 0.013971 0.030065
4 0.164706 0.186928 0.058824 0.041830
4 0.173897 0.154902 0.056618 0.032680
4 0.197059 0.132026 0.045588 0.033987
4 0.237132 0.083660 0.024265 0.039216
4 0.252574 0.062092 0.018382 0.030065
4 0.778309 0.348366 0.050735 0.064052
4 0.672794 0.155556 0.019118 0.036601
4 0.640074 0.074510 0.016912 0.031373
4 0.623529 0.052288 0.019118 0.031373
4 0.591176 0.189542 0.025000 0.044444
1 0.019853 0.210458 0.007353 0.033987
1 0.108088 0.118954 0.010294 0.033987
1 0.122059 0.126144 0.007353 0.032680
10 0.085294 0.171242 0.010294 0.026144
7 0.018382 0.239216 0.033824 0.031373
0 0.177206 0.070588 0.076471 0.083660
1 0.078676 0.567974 0.014706 0.053595
1 0.094118 0.556863 0.019118 0.060131
1 0.134926 0.497386 0.013971 0.053595
1 0.150000 0.488889 0.013235 0.052288
1 0.228676 0.402614 0.010294 0.052288
1 0.237868 0.400654 0.012500 0.048366
2 0.404779 0.551634 0.015441 0.057516
3 0.404779 0.562092 0.011029 0.047059
3 0.059559 0.167974 0.010294 0.019608
2 0.245588 0.277778 0.010294 0.043137
10 0.245221 0.281699 0.008088 0.037908
10 0.229779 0.247712 0.012500 0.032680
10 0.353309 0.184314 0.006618 0.028758
2 0.354044 0.176471 0.006618 0.028758
10 0.531618 0.165359 0.007353 0.030065
2 0.531985 0.159477 0.006618 0.023529
7 0.517279 0.055556 0.008088 0.027451
2 0.516912 0.047059 0.004412 0.015686
4 0.297426 0.047059 0.036029 0.020915
10 0.227941 0.016340 0.013235 0.014379
7 0.414706 0.013725 0.008824 0.019608
2 0.414706 0.012418 0.004412 0.014379
1 0.358088 0.016993 0.002941 0.020915
2 0.741912 0.579739 0.022059 0.058824
10 0.743015 0.592810 0.013971 0.053595
1 0.773529 0.450980 0.008824 0.049673
1 0.782721 0.462092 0.009559 0.050980
1 0.780515 0.446405 0.005147 0.027451
1 0.795588 0.478431 0.010294 0.054902
1 0.794118 0.439216 0.005882 0.023529
7 0.791176 0.464706 0.044118 0.071895
2 0.840809 0.402614 0.011029 0.026144
2 0.830882 0.394118 0.008824 0.022222
1 0.820956 0.418301 0.009559 0.054902
1 0.789338 0.420915 0.008088 0.039216
1 0.785294 0.405229 0.007353 0.049673
1 0.766912 0.403922 0.010294 0.052288
1 0.760294 0.400000 0.010294 0.049673
1 0.758088 0.390196 0.005882 0.030065
7 0.741176 0.406536 0.035294 0.054902
1 0.738603 0.413072 0.012500 0.049673
2 0.705882 0.445752 0.016176 0.047059
10 0.706250 0.456209 0.011029 0.039216
6 0.656618 0.420261 0.051471 0.098039
1 0.657353 0.460784 0.011765 0.050980
1 0.673162 0.452941 0.008088 0.053595
10 0.674265 0.479739 0.027941 0.033987
1 0.639706 0.356209 0.007353 0.032680
1 0.637500 0.351634 0.007353 0.036601
7 0.624265 0.368627 0.026471 0.057516
7 0.611397 0.328105 0.019853 0.041830
4 0.596691 0.233333 0.025735 0.053595
2 0.711397 0.308497 0.011029 0.020915
1 0.691544 0.260784 0.008088 0.045752
7 0.703676 0.264706 0.017647 0.048366
3 0.733824 0.311111 0.010294 0.033987
2 0.671691 0.294118 0.009559 0.031373
10 0.669118 0.300000 0.010294 0.032680
1 0.649265 0.235948 0.007353 0.035294
1 0.655515 0.242484 0.006618 0.022222
1 0.679779 0.226144 0.005147 0.023529
1 0.672426 0.218301 0.005147 0.033987
6 0.673529 0.201961 0.026471 0.053595
2 0.634926 0.229412 0.009559 0.035294
3 0.634559 0.239216 0.010294 0.026144
10 0.634926 0.269935 0.006618 0.035294
2 0.636029 0.266667 0.007353 0.033987
1 0.597794 0.135948 0.005882 0.028758
1 0.620588 0.141830 0.005882 0.032680
1 0.598529 0.041830 0.004412 0.020915
1 0.569485 0.032680 0.005147 0.023529
1 0.590074 0.009804 0.003676 0.016993
1 0.585662 0.010458 0.002206 0.020915
1 0.580515 0.009804 0.003676 0.019608
