0 0.426563 0.035185 0.041667 0.066667
0 0.378646 0.077778 0.071875 0.083333
0 0.222135 0.265278 0.025521 0.043519
0 0.621354 0.513426 0.116667 0.091667
0 0.426302 0.305556 0.039062 0.079630
0 0.476823 0.092593 0.016146 0.105556
0 0.471354 0.189815 0.033333 0.094444
0 0.453646 0.260648 0.029167 0.067593
8 0.426042 0.982870 0.055208 0.034259
1 0.457552 0.950000 0.015104 0.057407
1 0.471615 0.945370 0.015104 0.066667
1 0.531250 0.868056 0.012500 0.060185
1 0.561979 0.874074 0.013542 0.064815
1 0.509115 0.768981 0.009896 0.058333
2 0.508854 0.755556 0.008333 0.024074
5 0.659896 0.778704 0.080208 0.137037
1 0.701562 0.858333 0.009375 0.064815
1 0.709635 0.956481 0.014063 0.070370
1 0.694531 0.940278 0.014063 0.062037
1 0.697135 0.975926 0.011979 0.048148
0 0.096354 0.333796 0.096875 0.065741
10 0.467448 0.338889 0.013021 0.024074
0 0.696094 0.424537 0.122396 0.086111
10 0.188281 0.818981 0.021354 0.063889
2 0.185156 0.811111 0.008854 0.040741
2 0.188021 0.808333 0.015625 0.038889
7 0.286458 0.851389 0.053125 0.052778
1 0.315625 0.825463 0.012500 0.050926
7 0.301823 0.792130 0.050521 0.049074
10 0.227865 0.731019 0.009896 0.045370
8 0.343490 0.759722 0.028646 0.054630
1 0.346354 0.725926 0.007292 0.035185
4 0.173177 0.739352 0.058854 0.086111
4 0.119792 0.732407 0.065625 0.081481
1 0.142708 0.604630 0.014583 0.038889
1 0.130729 0.625000 0.008333 0.042593
1 0.132292 0.613889 0.010417 0.040741
10 0.084115 0.558796 0.016146 0.034259
2 0.083333 0.550463 0.012500 0.043519
7 0.080208 0.520370 0.020833 0.035185
2 0.077865 0.511574 0.011979 0.032407
10 0.029687 0.512963 0.028125 0.025926
2 0.028646 0.509722 0.014583 0.039815
1 0.009896 0.379630 0.013542 0.031481
10 0.039062 0.368981 0.014583 0.013889
10 0.049740 0.384722 0.015104 0.019444
10 0.035937 0.454630 0.025000 0.033333
2 0.034635 0.450000 0.011979 0.033333
10 0.052083 0.441667 0.019792 0.024074
2 0.051562 0.438426 0.009375 0.034259
8 0.139583 0.386574 0.031250 0.049074
10 0.102604 0.439352 0.022917 0.028704
8 0.116667 0.439352 0.027083 0.037963
2 0.114062 0.442593 0.009375 0.027778
2 0.101823 0.435185 0.008854 0.029630
2 0.106510 0.433796 0.007812 0.028704
1 0.207292 0.412963 0.008333 0.033333
8 0.187500 0.513889 0.023958 0.046296
2 0.187760 0.512500 0.010937 0.028704
2 0.224479 0.505556 0.011458 0.029630
4 0.211719 0.537963 0.060937 0.075926
4 0.193229 0.490278 0.065625 0.050926
10 0.167187 0.414815 0.011458 0.031481
2 0.166667 0.409722 0.009375 0.032407
2 0.169792 0.408796 0.004167 0.017593
1 0.395833 0.765278 0.011458 0.060185
1 0.439583 0.793056 0.008333 0.058333
1 0.428125 0.726852 0.011458 0.059259
1 0.464844 0.704630 0.008854 0.044444
1 0.445833 0.759259 0.016667 0.055556
1 0.462500 0.771759 0.009375 0.060185
1 0.460156 0.755556 0.013021 0.057407
1 0.388281 0.668981 0.010937 0.050926
1 0.404167 0.666204 0.010417 0.050926
10 0.350781 0.711111 0.029687 0.031481
10 0.321354 0.619907 0.023958 0.039815
2 0.325000 0.612963 0.013542 0.040741
10 0.366146 0.572222 0.016667 0.038889
2 0.366927 0.566204 0.010937 0.039815
0 0.534635 0.574537 0.031771 0.039815
1 0.474740 0.558333 0.006771 0.022222
1 0.445312 0.555556 0.009375 0.038889
1 0.437760 0.555093 0.007812 0.041667
1 0.416146 0.544444 0.010417 0.038889
8 0.426823 0.509722 0.033854 0.049074
2 0.428646 0.488889 0.008333 0.024074
10 0.213021 0.458796 0.019792 0.023148
2 0.219271 0.453241 0.005208 0.023148
2 0.212240 0.453241 0.009896 0.034259
10 0.280469 0.478241 0.015104 0.025000
2 0.280469 0.468056 0.008854 0.028704
1 0.251042 0.482870 0.007292 0.028704
10 0.257552 0.497685 0.022396 0.028704
2 0.251042 0.494907 0.006250 0.019444
2 0.255990 0.493981 0.008854 0.030556
10 0.234375 0.438426 0.020833 0.025000
2 0.233594 0.431019 0.008854 0.030556
1 0.180729 0.292130 0.005208 0.026852
4 0.186198 0.313426 0.026562 0.028704
10 0.170833 0.373148 0.016667 0.022222
2 0.175521 0.366667 0.005208 0.024074
2 0.169271 0.366667 0.009375 0.025926
10 0.157812 0.328704 0.012500 0.024074
2 0.158333 0.325926 0.007292 0.018519
2 0.157552 0.328241 0.010937 0.021296
10 0.227083 0.398611 0.021875 0.021296
2 0.225000 0.390741 0.006250 0.024074
4 0.311458 0.495370 0.047917 0.053704
7 0.322656 0.464815 0.044271 0.042593
2 0.329688 0.464815 0.010417 0.029630
3 0.320312 0.431019 0.020833 0.025000
2 0.320573 0.422685 0.008854 0.026852
10 0.375521 0.504167 0.017708 0.028704
2 0.375521 0.494444 0.009375 0.033333
10 0.383854 0.485185 0.018750 0.024074
2 0.382812 0.481019 0.010417 0.030556
8 0.366667 0.464352 0.017708 0.036111
2 0.361719 0.469907 0.004687 0.025000
2 0.367448 0.464815 0.008854 0.024074
7 0.401042 0.431019 0.021875 0.023148
2 0.399479 0.425000 0.007292 0.022222
10 0.396354 0.444907 0.022917 0.023148
2 0.400781 0.438426 0.004687 0.025000
2 0.395833 0.438889 0.007292 0.024074
8 0.206250 0.366204 0.012500 0.039815
2 0.205990 0.368981 0.009896 0.023148
8 0.221615 0.359722 0.010937 0.034259
2 0.222656 0.361111 0.006771 0.024074
2 0.203906 0.336111 0.007812 0.024074
8 0.208073 0.331944 0.018229 0.039815
7 0.201302 0.296296 0.010937 0.025926
0 0.266927 0.223611 0.056771 0.025000
0 0.288542 0.193981 0.035417 0.052778
0 0.309635 0.171296 0.027604 0.072222
0 0.347135 0.153241 0.047396 0.073148
0 0.246094 0.246296 0.020313 0.024074
1 0.255729 0.274537 0.005208 0.028704
8 0.246875 0.288889 0.009375 0.020370
6 0.246615 0.327778 0.028646 0.059259
4 0.264583 0.312500 0.017708 0.034259
4 0.273177 0.291667 0.020313 0.031481
4 0.285677 0.271296 0.018229 0.027778
4 0.297396 0.254630 0.018750 0.027778
4 0.304427 0.237500 0.018229 0.025000
4 0.316406 0.221296 0.017188 0.027778
10 0.286198 0.313426 0.008854 0.023148
2 0.286719 0.307870 0.005729 0.019444
0 0.385937 0.228241 0.018750 0.045370
4 0.397917 0.265278 0.017708 0.032407
10 0.359375 0.281481 0.007292 0.022222
2 0.359635 0.278241 0.005729 0.021296
10 0.376302 0.316204 0.008854 0.026852
2 0.376042 0.316667 0.006250 0.020370
10 0.480469 0.442593 0.023438 0.029630
2 0.480469 0.439352 0.009896 0.025000
4 0.591146 0.456944 0.059375 0.047222
10 0.500521 0.456019 0.018750 0.025000
2 0.500521 0.451389 0.010417 0.028704
10 0.530729 0.486574 0.021875 0.026852
2 0.529948 0.480093 0.010937 0.026852
10 0.510938 0.500463 0.018750 0.025000
2 0.510417 0.494444 0.010417 0.031481
10 0.512500 0.517593 0.023958 0.031481
2 0.514062 0.518981 0.009375 0.034259
10 0.526823 0.542593 0.023438 0.031481
10 0.507552 0.557870 0.018229 0.025000
10 0.565104 0.543056 0.022917 0.032407
10 0.554688 0.577778 0.009375 0.037037
10 0.479167 0.698611 0.011458 0.039815
10 0.498958 0.697685 0.015625 0.037963
10 0.527604 0.622685 0.010417 0.036111
10 0.657813 0.628241 0.010417 0.041667
10 0.518750 0.695370 0.010417 0.038889
10 0.533333 0.700000 0.014583 0.044444
10 0.545833 0.699074 0.012500 0.040741
10 0.553385 0.708333 0.027604 0.038889
10 0.573177 0.704630 0.011979 0.046296
10 0.585938 0.705556 0.010417 0.042593
10 0.607031 0.701852 0.015104 0.042593
10 0.628125 0.699074 0.015625 0.055556
10 0.646094 0.706944 0.013021 0.041667
10 0.657031 0.709259 0.015104 0.035185
10 0.675781 0.699074 0.014063 0.046296
10 0.689583 0.704630 0.012500 0.046296
10 0.699740 0.716204 0.008854 0.037963
10 0.711458 0.715278 0.012500 0.036111
10 0.720052 0.663426 0.008854 0.041667
10 0.552604 0.650000 0.012500 0.042593
10 0.564583 0.649537 0.010417 0.039815
10 0.547135 0.620370 0.010937 0.050000
10 0.562760 0.620833 0.018229 0.049074
10 0.583594 0.627778 0.020313 0.038889
10 0.585417 0.649074 0.012500 0.044444
10 0.564063 0.586111 0.015625 0.027778
10 0.572135 0.581481 0.018229 0.035185
10 0.584896 0.579630 0.012500 0.040741
10 0.597656 0.580093 0.015104 0.041667
10 0.610677 0.583796 0.010937 0.034259
10 0.615365 0.626852 0.008854 0.040741
10 0.623698 0.619907 0.010937 0.043519
10 0.633333 0.625926 0.012500 0.038889
10 0.646875 0.630556 0.009375 0.031481
10 0.635156 0.585648 0.011979 0.034259
10 0.644792 0.582870 0.008333 0.034259
3 0.652083 0.584722 0.014583 0.034259
10 0.662240 0.585185 0.008854 0.029630
10 0.671354 0.581944 0.012500 0.039815
10 0.684635 0.586574 0.018229 0.036111
10 0.676042 0.631481 0.010417 0.035185
3 0.685937 0.629630 0.012500 0.037037
10 0.700000 0.654630 0.013542 0.046296
10 0.704167 0.630556 0.015625 0.044444
10 0.726562 0.634259 0.012500 0.042593
10 0.736458 0.632870 0.010417 0.039815
10 0.758594 0.592593 0.018229 0.031481
10 0.696875 0.586574 0.014583 0.036111
10 0.713021 0.586111 0.025000 0.040741
10 0.725260 0.590278 0.013021 0.037963
10 0.738542 0.591204 0.010417 0.036111
3 0.691927 0.548148 0.020313 0.029630
7 0.716667 0.525463 0.040625 0.037963
10 0.714844 0.550000 0.008854 0.037037
8 0.751563 0.519907 0.035417 0.060185
10 0.760417 0.552778 0.022917 0.027778
10 0.737240 0.547685 0.020313 0.032407
10 0.780990 0.498611 0.022396 0.025000
2 0.781250 0.492130 0.010417 0.028704
10 0.772917 0.455556 0.016667 0.025926
2 0.778906 0.451852 0.004687 0.025926
2 0.773698 0.447685 0.007812 0.026852
8 0.601562 0.639352 0.015625 0.054630
