1 0.573162 0.926797 0.038971 0.117647
1 0.546691 0.733333 0.030147 0.109804
1 0.623162 0.772549 0.021324 0.099346
1 0.587868 0.712418 0.019853 0.101961
1 0.312132 0.737255 0.022794 0.099346
1 0.343750 0.652941 0.021324 0.092810
1 0.192647 0.778431 0.032353 0.100654
1 0.216176 0.778431 0.032353 0.105882
1 0.225735 0.947712 0.027941 0.104575
1 0.028676 0.491503 0.020588 0.081046
1 0.200368 0.505882 0.018382 0.075817
1 0.185662 0.490850 0.019853 0.087582
1 0.172426 0.450980 0.013971 0.062745
1 0.730882 0.477778 0.016176 0.069281
1 0.359559 0.400000 0.016176 0.070588
1 0.368015 0.398693 0.011029 0.067974
1 0.377574 0.400000 0.016912 0.067974
1 0.401471 0.312418 0.010294 0.060131
1 0.393015 0.315033 0.011029 0.062745
1 0.368750 0.296078 0.013971 0.058824
1 0.381250 0.290196 0.012500 0.062745
1 0.476838 0.343791 0.015441 0.062745
1 0.398162 0.387582 0.015441 0.064052
1 0.376838 0.356863 0.013971 0.065359
8 0.636765 0.300654 0.020588 0.067974
1 0.722426 0.281699 0.011029 0.058824
2 0.641544 0.388235 0.011029 0.065359
2 0.676838 0.387582 0.022794 0.058824
2 0.646691 0.387582 0.019853 0.066667
2 0.707353 0.402614 0.019118 0.062745
2 0.755515 0.390196 0.018382 0.037908
4 0.932353 0.333333 0.075000 0.078431
4 0.978309 0.315686 0.043382 0.111111
4 0.966912 0.235294 0.045588 0.057516
5 0.910294 0.228758 0.048529 0.065359
4 0.863603 0.226797 0.037500 0.048366
4 0.793750 0.218954 0.061029 0.053595
4 0.736397 0.200654 0.058088 0.048366
4 0.668750 0.190850 0.056618 0.047059
4 0.632721 0.182353 0.052206 0.045752
4 0.584559 0.169935 0.047059 0.044444
4 0.547059 0.162745 0.033824 0.043137
4 0.493015 0.156209 0.044853 0.043137
4 0.462132 0.145752 0.038971 0.040523
4 0.404412 0.203268 0.030882 0.056209
4 0.408824 0.151634 0.045588 0.041830
4 0.648162 0.075163 0.056618 0.045752
10 0.458456 0.250327 0.028676 0.035294
10 0.447426 0.221569 0.008088 0.035294
10 0.468750 0.241830 0.030147 0.031373
10 0.472794 0.225490 0.025000 0.030065
2 0.130882 0.371895 0.023529 0.058824
2 0.114338 0.373203 0.011029 0.035294
1 0.151471 0.224183 0.017647 0.050980
1 0.179779 0.126144 0.011029 0.030065
1 0.066544 0.154248 0.011029 0.041830
1 0.071691 0.153595 0.009559 0.040523
1 0.078676 0.156863 0.008824 0.033987
1 0.098897 0.101307 0.008088 0.032680
1 0.103309 0.107190 0.006618 0.026144
1 0.107353 0.105882 0.005882 0.018301
1 0.023897 0.054902 0.009559 0.033987
1 0.027941 0.053595 0.007353 0.033987
2 0.032721 0.056209 0.009559 0.031373
10 0.032721 0.061438 0.008088 0.028758
4 0.020956 0.106536 0.041912 0.048366
4 0.055882 0.115686 0.047059 0.048366
4 0.101103 0.128105 0.036029 0.044444
5 0.130147 0.128758 0.048529 0.064052
4 0.165074 0.150980 0.038971 0.045752
5 0.202574 0.147712 0.041912 0.057516
5 0.252941 0.169281 0.038235 0.066667
4 0.280147 0.196078 0.041176 0.052288
5 0.321324 0.186275 0.032353 0.071895
4 0.372426 0.143137 0.058088 0.043137
4 0.329412 0.133333 0.054412 0.041830
4 0.300000 0.122876 0.045588 0.049673
4 0.261029 0.104575 0.055882 0.036601
4 0.236397 0.094118 0.053676 0.041830
4 0.211029 0.088235 0.045588 0.037908
4 0.190809 0.079739 0.043382 0.039216
4 0.174632 0.076471 0.043382 0.032680
4 0.157353 0.070588 0.051471 0.033987
4 0.130882 0.065359 0.041176 0.031373
4 0.105147 0.059477 0.042647 0.032680
4 0.065441 0.050980 0.041176 0.031373
4 0.026103 0.045752 0.047794 0.033987
4 0.166544 0.011111 0.037500 0.022222
4 0.364706 0.032026 0.041176 0.030065
1 0.426103 0.041176 0.006618 0.035294
4 0.454412 0.044444 0.045588 0.031373
2 0.446691 0.043791 0.008088 0.022222
8 0.503309 0.033987 0.028676 0.031373
1 0.456250 0.022876 0.005147 0.022222
1 0.462132 0.021569 0.005147 0.022222
2 0.508456 0.033333 0.006618 0.016993
10 0.848162 0.112418 0.025735 0.026144
2 0.850000 0.104575 0.011765 0.028758
5 0.804412 0.037908 0.019118 0.033987
1 0.935294 0.051634 0.007353 0.027451
1 0.877941 0.020915 0.004412 0.020915
1 0.893015 0.029412 0.005147 0.022222
2 0.894118 0.025490 0.004412 0.011765
1 0.884559 0.026797 0.004412 0.022222
1 0.902206 0.028105 0.004412 0.019608
1 0.886765 0.023529 0.002941 0.020915
