0 0.125735 0.075817 0.250000 0.143791
8 0.125000 0.237908 0.041176 0.081046
3 0.045588 0.241830 0.022059 0.054902
10 0.025735 0.240523 0.020588 0.057516
10 0.010294 0.237908 0.020588 0.047059
4 0.011397 0.295425 0.022794 0.044444
1 0.007721 0.177124 0.015441 0.056209
1 0.070221 0.178431 0.018382 0.053595
10 0.070221 0.198693 0.027206 0.036601
10 0.083456 0.179085 0.016912 0.049673
10 0.136029 0.200654 0.030882 0.048366
1 0.183456 0.189542 0.011029 0.054902
1 0.200368 0.177778 0.011029 0.054902
10 0.150368 0.174510 0.019853 0.045752
10 0.131985 0.172549 0.016912 0.052288
1 0.101838 0.175163 0.016912 0.049673
4 0.040074 0.167320 0.012500 0.033987
8 0.286397 0.054902 0.052206 0.060131
2 0.283088 0.206536 0.016176 0.057516
10 0.280515 0.223529 0.019853 0.044444
10 0.386397 0.237908 0.019853 0.044444
2 0.388235 0.222222 0.016176 0.057516
10 0.354779 0.101307 0.011029 0.037908
2 0.353309 0.111765 0.008088 0.022222
10 0.356618 0.116993 0.016176 0.032680
2 0.303309 0.167974 0.016912 0.053595
10 0.302574 0.179085 0.025735 0.044444
1 0.315441 0.088889 0.008824 0.049673
1 0.341912 0.092810 0.008824 0.054902
1 0.326471 0.084967 0.008824 0.054902
1 0.318750 0.084314 0.008088 0.056209
4 0.320956 0.336601 0.105147 0.111111
4 0.393382 0.113072 0.041176 0.058824
4 0.493750 0.138562 0.036029 0.073203
5 0.228676 0.198039 0.091176 0.095425
4 0.380882 0.065359 0.039706 0.052288
4 0.398897 0.016993 0.031618 0.033987
1 0.647426 0.335948 0.027206 0.083660
2 0.312868 0.010458 0.009559 0.020915
3 0.314706 0.021569 0.005882 0.024837
10 0.350735 0.024837 0.011765 0.028758
1 0.356618 0.016993 0.008824 0.033987
1 0.419118 0.043791 0.010294 0.030065
10 0.418382 0.056209 0.008824 0.031373
2 0.480515 0.057516 0.008088 0.036601
10 0.480147 0.067320 0.007353 0.030065
2 0.586397 0.403268 0.018382 0.074510
10 0.588971 0.421569 0.045588 0.061438
2 0.576103 0.371242 0.021324 0.075817
10 0.580147 0.393464 0.042647 0.036601
5 0.737500 0.449673 0.132353 0.133333
4 0.740074 0.195425 0.066912 0.074510
5 0.547059 0.262745 0.039706 0.115033
4 0.513971 0.026144 0.025000 0.044444
4 0.568382 0.220261 0.039706 0.079739
4 0.553309 0.162092 0.037500 0.065359
4 0.559191 0.109150 0.033088 0.058824
4 0.556618 0.073856 0.033824 0.048366
4 0.557353 0.032026 0.026471 0.045752
4 0.562868 0.011765 0.021324 0.023529
4 0.522426 0.013072 0.021324 0.026144
5 0.604044 0.009150 0.018382 0.018301
2 0.980515 0.427451 0.021324 0.081046
10 0.976103 0.437255 0.047794 0.074510
1 0.862868 0.125490 0.015441 0.060131
1 0.940441 0.176471 0.013235 0.060131
1 0.955515 0.175817 0.013971 0.053595
1 0.986397 0.203922 0.015441 0.054902
1 0.963235 0.129412 0.011765 0.052288
1 0.935294 0.121569 0.013235 0.052288
1 0.946691 0.128105 0.011029 0.054902
1 0.956618 0.127451 0.008824 0.056209
2 0.899632 0.130065 0.012500 0.035294
2 0.931985 0.147712 0.012500 0.031373
2 0.931250 0.146405 0.012500 0.031373
2 0.910662 0.159477 0.018382 0.041830
4 0.309191 0.886928 0.156618 0.226144
