1 0.499265 0.957516 0.014706 0.053595
1 0.529044 0.905229 0.027206 0.053595
1 0.521324 0.837908 0.010294 0.028758
1 0.530515 0.824183 0.012500 0.045752
1 0.576471 0.920915 0.017647 0.061438
4 0.656250 0.932680 0.093382 0.134641
2 0.640074 0.948366 0.021324 0.040523
4 0.719118 0.843791 0.094118 0.147712
1 0.721324 0.570588 0.013235 0.048366
5 0.579044 0.506536 0.072794 0.103268
1 0.809926 0.931373 0.021324 0.050980
1 0.863235 0.907843 0.030882 0.045752
10 0.927206 0.752288 0.026471 0.056209
10 0.803676 0.745752 0.035294 0.058824
1 0.948897 0.603268 0.016912 0.040523
10 0.802206 0.452941 0.022059 0.048366
2 0.804044 0.443137 0.015441 0.033987
10 0.937132 0.499346 0.013971 0.044444
1 0.941176 0.491503 0.013235 0.054902
10 0.875368 0.364706 0.021324 0.041830
2 0.877206 0.359477 0.013235 0.031373
4 0.407721 0.578431 0.037500 0.121569
4 0.477941 0.481699 0.069118 0.105882
4 0.553676 0.405229 0.076471 0.104575
5 0.622794 0.314379 0.057353 0.098039
4 0.700368 0.228105 0.059559 0.082353
4 0.674632 0.158824 0.055147 0.074510
4 0.745588 0.088889 0.051471 0.070588
4 0.802941 0.030719 0.050000 0.061438
10 0.635294 0.148366 0.019118 0.043137
10 0.673897 0.062745 0.016912 0.036601
2 0.637132 0.138562 0.009559 0.039216
2 0.676103 0.051634 0.008088 0.037908
1 0.616912 0.084314 0.011765 0.037908
1 0.625368 0.078431 0.008088 0.036601
1 0.545221 0.145098 0.012500 0.044444
5 0.594853 0.072549 0.052941 0.079739
1 0.576838 0.056863 0.006618 0.037908
5 0.548897 0.190196 0.069853 0.113725
5 0.545588 0.291503 0.055882 0.094118
4 0.519853 0.129412 0.058824 0.075817
5 0.464706 0.265359 0.076471 0.117647
5 0.391176 0.352941 0.066176 0.107190
6 0.461029 0.369281 0.101471 0.176471
10 0.396691 0.498039 0.036029 0.052288
2 0.398897 0.491503 0.018382 0.044444
5 0.526838 0.037255 0.058088 0.064052
4 0.450000 0.111765 0.061765 0.061438
4 0.406985 0.127451 0.052206 0.082353
1 0.438971 0.225490 0.010294 0.043137
7 0.437500 0.196078 0.039706 0.057516
1 0.431250 0.256863 0.008088 0.032680
7 0.412868 0.232026 0.044853 0.064052
2 0.405515 0.216993 0.013971 0.039216
7 0.384926 0.256863 0.040441 0.064052
7 0.360294 0.284967 0.038235 0.062745
7 0.332721 0.308497 0.038971 0.065359
2 0.324265 0.325490 0.013235 0.039216
1 0.295588 0.373856 0.016176 0.049673
7 0.271324 0.364052 0.038235 0.066667
10 0.349632 0.133987 0.015441 0.035294
10 0.297426 0.223529 0.021324 0.044444
10 0.270221 0.216340 0.019853 0.040523
10 0.279779 0.186928 0.027206 0.031373
1 0.243382 0.220915 0.010294 0.041830
1 0.256985 0.205229 0.011029 0.041830
1 0.295221 0.194771 0.012500 0.036601
1 0.265809 0.200000 0.009559 0.039216
3 0.317279 0.235948 0.028676 0.027451
3 0.291544 0.262745 0.024265 0.041830
10 0.256985 0.275817 0.013971 0.044444
2 0.258088 0.277124 0.010294 0.028758
10 0.218750 0.303268 0.036029 0.044444
1 0.235662 0.168627 0.012500 0.036601
1 0.224265 0.163399 0.014706 0.039216
2 0.218015 0.172549 0.013971 0.036601
2 0.115441 0.232026 0.013235 0.030065
1 0.246691 0.415686 0.013971 0.041830
1 0.225000 0.436601 0.013235 0.044444
1 0.255147 0.405229 0.014706 0.041830
1 0.247426 0.378431 0.012500 0.045752
1 0.258456 0.378431 0.012500 0.040523
7 0.233088 0.396732 0.039706 0.066667
7 0.247059 0.462745 0.052941 0.075817
1 0.201838 0.407843 0.018382 0.044444
7 0.184191 0.422876 0.043382 0.087582
10 0.166176 0.513725 0.026471 0.054902
10 0.090809 0.358170 0.037500 0.039216
10 0.061397 0.296078 0.030147 0.040523
10 0.043382 0.286928 0.033824 0.035294
2 0.077574 0.475817 0.016912 0.041830
1 0.062868 0.533987 0.022794 0.048366
7 0.032353 0.554248 0.032353 0.086275
7 0.079044 0.432026 0.043382 0.066667
6 0.033824 0.417647 0.067647 0.139869
