0 0.516146 0.198148 0.161458 0.092593
1 0.568229 0.823148 0.017708 0.112963
2 0.585417 0.848148 0.027083 0.055556
2 0.595833 0.837037 0.018750 0.048148
7 0.589063 0.845370 0.042708 0.127778
1 0.662500 0.786111 0.018750 0.112963
1 0.623437 0.783333 0.017708 0.107407
1 0.625521 0.778704 0.013542 0.098148
7 0.744271 0.758333 0.105208 0.094444
2 0.874479 0.693519 0.023958 0.050000
1 0.827604 0.925000 0.028125 0.105556
2 0.788021 0.963889 0.023958 0.072222
2 0.803646 0.960185 0.026042 0.079630
10 0.800000 0.965741 0.070833 0.068519
5 0.735417 0.687037 0.158333 0.140741
7 0.888021 0.712037 0.096875 0.083333
10 0.866667 0.626852 0.043750 0.057407
10 0.786458 0.634259 0.056250 0.057407
5 0.754687 0.589815 0.128125 0.105556
2 0.914062 0.615741 0.017708 0.053704
2 0.934896 0.624074 0.021875 0.059259
10 0.822396 0.536111 0.034375 0.050000
6 0.685937 0.439815 0.101042 0.105556
1 0.579167 0.587037 0.014583 0.070370
10 0.656250 0.610185 0.039583 0.061111
1 0.625000 0.540741 0.014583 0.051852
2 0.637500 0.540741 0.014583 0.044444
2 0.640104 0.525926 0.013542 0.044444
1 0.614062 0.593519 0.015625 0.068519
7 0.564583 0.572222 0.029167 0.074074
2 0.514583 0.686111 0.022917 0.079630
10 0.515104 0.711111 0.021875 0.085185
2 0.430729 0.653704 0.015625 0.066667
10 0.428125 0.680556 0.018750 0.083333
2 0.390625 0.558333 0.016667 0.053704
10 0.389583 0.573148 0.020833 0.068519
1 0.273438 0.712037 0.017708 0.101852
2 0.188021 0.871296 0.040625 0.098148
10 0.189583 0.889815 0.054167 0.105556
1 0.104167 0.775926 0.018750 0.103704
10 0.286458 0.503704 0.031250 0.051852
10 0.351562 0.473148 0.026042 0.038889
10 0.619271 0.484259 0.038542 0.042593
10 0.608333 0.454630 0.058333 0.053704
1 0.586458 0.461111 0.010417 0.055556
10 0.576562 0.421296 0.026042 0.035185
8 0.567708 0.373148 0.022917 0.050000
10 0.679167 0.371296 0.010417 0.031481
1 0.601042 0.406481 0.010417 0.050000
7 0.604167 0.376852 0.039583 0.038889
4 0.654167 0.343519 0.050000 0.038889
1 0.602083 0.326852 0.008333 0.038889
1 0.592187 0.323148 0.007292 0.038889
1 0.577604 0.331481 0.005208 0.037037
1 0.569792 0.333333 0.008333 0.033333
1 0.538021 0.336111 0.009375 0.035185
2 0.547917 0.328704 0.008333 0.024074
10 0.549479 0.334259 0.019792 0.024074
1 0.743750 0.405556 0.010417 0.048148
1 0.725521 0.369444 0.007292 0.038889
10 0.716146 0.376852 0.017708 0.031481
4 0.674479 0.320370 0.044792 0.033333
10 0.341146 0.390741 0.023958 0.029630
2 0.431771 0.384259 0.007292 0.038889
2 0.479687 0.363889 0.009375 0.024074
2 0.456250 0.380556 0.010417 0.038889
7 0.479167 0.373148 0.012500 0.035185
10 0.456771 0.384259 0.019792 0.031481
1 0.445833 0.362963 0.008333 0.037037
1 0.446354 0.378704 0.007292 0.031481
10 0.431771 0.387037 0.017708 0.029630
1 0.430729 0.367593 0.007292 0.031481
1 0.410938 0.371296 0.007292 0.035185
10 0.445833 0.368519 0.018750 0.029630
6 0.432812 0.320370 0.019792 0.040741
4 0.452083 0.305556 0.016667 0.033333
7 0.462500 0.275926 0.025000 0.022222
2 0.470313 0.267593 0.007292 0.020370
1 0.483854 0.284259 0.005208 0.027778
1 0.528646 0.275926 0.005208 0.025926
1 0.534375 0.273148 0.006250 0.024074
1 0.539583 0.277778 0.004167 0.022222
8 0.490625 0.263889 0.014583 0.027778
7 0.490104 0.293519 0.011458 0.020370
2 0.502083 0.255556 0.006250 0.018519
10 0.502083 0.259259 0.006250 0.018519
2 0.522396 0.259259 0.005208 0.018519
2 0.514062 0.271296 0.005208 0.016667
7 0.535417 0.287037 0.010417 0.025926
7 0.521354 0.287963 0.009375 0.024074
