1 0.031985 0.496732 0.013971 0.047059
10 0.033824 0.528105 0.023529 0.054902
4 0.129412 0.584967 0.047059 0.100654
4 0.305515 0.560784 0.052206 0.078431
4 0.150735 0.393464 0.033824 0.057516
2 0.108824 0.461438 0.016176 0.039216
2 0.191176 0.529412 0.019118 0.049673
2 0.200735 0.415033 0.014706 0.035294
2 0.260662 0.345752 0.013971 0.022222
2 0.146324 0.438562 0.010294 0.022222
10 0.110294 0.477124 0.016176 0.039216
10 0.146691 0.459477 0.015441 0.032680
10 0.190441 0.543791 0.017647 0.039216
10 0.201838 0.428105 0.016912 0.035294
7 0.102206 0.280392 0.019118 0.037908
5 0.074632 0.372549 0.037500 0.086275
4 0.226471 0.198039 0.020588 0.035294
4 0.260294 0.178431 0.017647 0.030065
4 0.217279 0.145752 0.016912 0.030065
4 0.244485 0.151634 0.018382 0.026144
4 0.293382 0.178431 0.041176 0.030065
7 0.297794 0.398039 0.014706 0.040523
10 0.335294 0.343137 0.013235 0.032680
10 0.340441 0.262092 0.020588 0.024837
10 0.335662 0.241176 0.019853 0.024837
4 0.159191 0.342484 0.034559 0.057516
4 0.167647 0.293464 0.029412 0.050980
4 0.174632 0.261438 0.024265 0.033987
2 0.130515 0.279085 0.009559 0.022222
2 0.129412 0.300654 0.008824 0.031373
10 0.130515 0.313072 0.011029 0.030065
10 0.131250 0.288235 0.009559 0.024837
4 0.170956 0.231373 0.024265 0.033987
4 0.173897 0.205229 0.021324 0.028758
4 0.177206 0.186928 0.020588 0.031373
4 0.180882 0.167320 0.019118 0.028758
4 0.186029 0.146405 0.016176 0.031373
4 0.194118 0.129412 0.016176 0.026144
4 0.197059 0.117647 0.016176 0.026144
4 0.126103 0.224183 0.022794 0.045752
5 0.137500 0.186275 0.027941 0.048366
4 0.105515 0.049020 0.025735 0.022222
1 0.156618 0.190850 0.005882 0.031373
2 0.144853 0.131373 0.005882 0.019608
3 0.144853 0.141176 0.005882 0.018301
10 0.149632 0.115686 0.006618 0.016993
4 0.123529 0.117647 0.027941 0.020915
4 0.129412 0.108497 0.027941 0.020915
4 0.133456 0.090196 0.027206 0.020915
4 0.141544 0.075817 0.027206 0.020915
9 0.166912 0.117647 0.025000 0.060131
9 0.238603 0.106536 0.024265 0.050980
4 0.242279 0.061438 0.011029 0.018301
4 0.224632 0.092157 0.011029 0.019608
4 0.222426 0.083660 0.011029 0.020915
4 0.222426 0.071895 0.011029 0.020915
4 0.222794 0.064706 0.013235 0.019608
2 0.249632 0.081699 0.005147 0.011765
10 0.249632 0.089542 0.005147 0.009150
2 0.261765 0.127451 0.005882 0.014379
10 0.261765 0.135948 0.005882 0.015686
4 0.260294 0.101961 0.014706 0.023529
0 0.302574 0.098039 0.063971 0.117647
1 0.265441 0.075817 0.004412 0.018301
1 0.252574 0.064052 0.005147 0.018301
4 0.265074 0.059477 0.008088 0.014379
1 0.093750 0.107190 0.006618 0.018301
1 0.087500 0.102614 0.004412 0.019608
1 0.083824 0.100654 0.004412 0.018301
3 0.104044 0.087582 0.012500 0.013072
4 0.079412 0.051634 0.011765 0.016993
4 0.096324 0.024183 0.014706 0.016993
2 0.129044 0.048366 0.006618 0.010458
3 0.129044 0.056209 0.011029 0.013072
2 0.108456 0.030065 0.005147 0.010458
3 0.108824 0.034641 0.008824 0.011765
0 0.204412 0.019608 0.095588 0.036601
10 0.134191 0.023529 0.013971 0.015686
7 0.260294 0.363399 0.017647 0.033987
2 0.354412 0.688235 0.016176 0.056209
2 0.351103 0.669935 0.016912 0.056209
2 0.351103 0.923529 0.024265 0.058824
10 0.351103 0.685621 0.025735 0.058824
10 0.349265 0.938562 0.026471 0.078431
2 0.450368 0.556209 0.012500 0.027451
1 0.472426 0.555556 0.011029 0.052288
1 0.600000 0.499346 0.017647 0.047059
1 0.665074 0.547712 0.019853 0.044444
1 0.661765 0.542484 0.019118 0.044444
2 0.582353 0.877778 0.014706 0.071895
3 0.582353 0.896732 0.038235 0.062745
4 0.921691 0.924837 0.147794 0.145098
3 0.750368 0.524837 0.028676 0.032680
1 0.734559 0.488889 0.008824 0.052288
1 0.839706 0.466013 0.011765 0.048366
1 0.804779 0.466013 0.012500 0.048366
4 0.894853 0.487582 0.079412 0.067974
4 0.964706 0.786928 0.070588 0.091503
10 0.951103 0.754902 0.030147 0.048366
