2 0.019271 0.887963 0.028125 0.105556
10 0.022396 0.911111 0.038542 0.100000
10 0.696354 0.751852 0.063542 0.070370
2 0.530729 0.703704 0.023958 0.062963
2 0.529167 0.697222 0.020833 0.057407
10 0.530208 0.711111 0.022917 0.074074
4 0.320312 0.471296 0.040625 0.064815
4 0.135417 0.413889 0.062500 0.042593
2 0.273958 0.388889 0.008333 0.022222
8 0.275521 0.387963 0.019792 0.050000
7 0.547396 0.430556 0.017708 0.050000
2 0.507292 0.444444 0.006250 0.022222
2 0.506250 0.437963 0.010417 0.042593
10 0.506250 0.444444 0.010417 0.033333
10 0.522396 0.433333 0.009375 0.033333
2 0.523438 0.426852 0.009375 0.031481
4 0.508333 0.399074 0.025000 0.042593
4 0.509375 0.350926 0.018750 0.035185
1 0.069792 0.321296 0.008333 0.031481
4 0.065104 0.267593 0.028125 0.024074
2 0.304167 0.336111 0.006250 0.035185
2 0.309375 0.336111 0.006250 0.031481
2 0.314063 0.330556 0.007292 0.035185
7 0.317188 0.342593 0.015625 0.029630
0 0.333854 0.298148 0.026042 0.048148
0 0.317708 0.292593 0.002083 0.022222
10 0.303646 0.305556 0.019792 0.018519
2 0.304167 0.300000 0.008333 0.022222
2 0.487500 0.303704 0.006250 0.018519
10 0.487500 0.310185 0.006250 0.020370
1 0.439583 0.300926 0.004167 0.024074
4 0.290625 0.232407 0.025000 0.020370
5 0.311458 0.236111 0.012500 0.024074
1 0.311458 0.250000 0.004167 0.022222
1 0.319271 0.247222 0.005208 0.020370
2 0.335417 0.239815 0.004167 0.012963
10 0.335938 0.243519 0.005208 0.012963
5 0.352604 0.237037 0.009375 0.022222
2 0.351042 0.258333 0.006250 0.016667
10 0.350521 0.261111 0.011458 0.014815
10 0.369792 0.265741 0.006250 0.020370
2 0.369792 0.262037 0.004167 0.016667
0 0.377083 0.251852 0.006250 0.018519
2 0.427604 0.264815 0.003125 0.014815
2 0.430208 0.265741 0.006250 0.016667
10 0.430729 0.270370 0.011458 0.018519
2 0.472396 0.290741 0.005208 0.018519
2 0.469271 0.288889 0.007292 0.018519
10 0.469271 0.294444 0.011458 0.022222
4 0.472396 0.273148 0.034375 0.024074
2 0.471875 0.262963 0.004167 0.011111
10 0.473958 0.266667 0.012500 0.014815
2 0.484375 0.235185 0.004167 0.014815
3 0.484375 0.239815 0.004167 0.012963
0 0.455729 0.126852 0.011458 0.012963
0 0.456771 0.140741 0.011458 0.011111
0 0.441667 0.129630 0.008333 0.025926
0 0.430208 0.139815 0.010417 0.012963
0 0.469792 0.163889 0.012500 0.009259
4 0.396354 0.247222 0.013542 0.020370
4 0.399479 0.238889 0.013542 0.022222
4 0.403125 0.229630 0.010417 0.025926
4 0.411979 0.212037 0.011458 0.016667
2 0.392708 0.218519 0.004167 0.011111
3 0.392708 0.222222 0.004167 0.011111
2 0.402083 0.206481 0.004167 0.012963
10 0.402604 0.210185 0.003125 0.012963
8 0.405729 0.199074 0.005208 0.012963
2 0.405729 0.200000 0.003125 0.007407
7 0.401562 0.187037 0.005208 0.011111
2 0.401562 0.185185 0.003125 0.007407
0 0.420833 0.174074 0.010417 0.025926
4 0.433333 0.165741 0.006250 0.009259
6 0.438542 0.158333 0.006250 0.016667
9 0.457292 0.168519 0.006250 0.018519
0 0.460417 0.152778 0.004167 0.005556
