4 0.476103 0.851634 0.161029 0.152941
4 0.773162 0.649673 0.141912 0.130719
4 0.495588 0.528105 0.132353 0.099346
4 0.247794 0.690850 0.145588 0.129412
4 0.544485 0.313072 0.055147 0.113725
4 0.573529 0.146405 0.045588 0.067974
4 0.456985 0.032680 0.034559 0.065359
5 0.886029 0.190196 0.086765 0.079739
4 0.049265 0.246405 0.098529 0.074510
4 0.031618 0.756863 0.063235 0.125490
10 0.311397 0.098693 0.030147 0.027451
10 0.332353 0.210458 0.019118 0.041830
1 0.333088 0.195425 0.016176 0.058824
4 0.404044 0.251634 0.013971 0.050980
1 0.404412 0.235294 0.016176 0.057516
1 0.403309 0.223529 0.015441 0.041830
10 0.540809 0.414379 0.038971 0.049673
1 0.541912 0.399346 0.019118 0.048366
10 0.797059 0.384967 0.041176 0.040523
1 0.798897 0.371242 0.021324 0.052288
