0 0.701042 0.673148 0.031250 0.101852
0 0.732031 0.793981 0.050521 0.137963
0 0.796094 0.912963 0.059896 0.170370
0 0.743490 0.905093 0.044271 0.125000
0 0.512760 0.171296 0.301563 0.135185
4 0.597396 0.899074 0.067708 0.142593
4 0.226042 0.963889 0.070833 0.072222
4 0.404687 0.930556 0.059375 0.138889
4 0.507031 0.812500 0.046354 0.102778
4 0.469792 0.928241 0.063542 0.143519
4 0.532813 0.944444 0.065625 0.111111
4 0.579948 0.747222 0.052604 0.111111
9 0.656771 0.738889 0.094792 0.298148
1 0.143750 0.647685 0.013542 0.056481
3 0.163281 0.612500 0.031771 0.034259
1 0.125000 0.674537 0.013542 0.063889
1 0.073958 0.799074 0.021875 0.068519
1 0.029167 0.498611 0.013542 0.054630
1 0.014323 0.637963 0.015104 0.070370
1 0.007812 0.625926 0.015625 0.072222
1 0.023438 0.604630 0.015625 0.059259
1 0.012760 0.594907 0.010937 0.054630
1 0.032292 0.568519 0.016667 0.059259
1 0.028125 0.556019 0.016667 0.054630
1 0.040885 0.524074 0.015104 0.051852
1 0.057031 0.502778 0.015104 0.074074
1 0.070833 0.466667 0.015625 0.053704
1 0.060156 0.462963 0.011979 0.061111
1 0.128125 0.419907 0.012500 0.054630
1 0.112240 0.427315 0.015104 0.056481
1 0.103125 0.422685 0.011458 0.052778
1 0.104427 0.408796 0.011979 0.054630
1 0.019531 0.878241 0.019271 0.078704
1 0.021354 0.849537 0.017708 0.069444
1 0.028385 0.818981 0.020313 0.067593
2 0.013281 0.807870 0.015104 0.050926
1 0.047917 0.809722 0.017708 0.067593
1 0.038542 0.773148 0.013542 0.066667
2 0.047656 0.750926 0.011979 0.040741
1 0.058073 0.786574 0.013021 0.071296
1 0.069010 0.769907 0.011979 0.050926
1 0.076302 0.742593 0.011979 0.057407
1 0.073438 0.723148 0.007292 0.031481
1 0.075521 0.715278 0.015625 0.056481
1 0.091146 0.727778 0.014583 0.062963
1 0.106510 0.706944 0.016146 0.058333
1 0.110417 0.664352 0.012500 0.049074
4 0.373437 0.497685 0.032292 0.071296
1 0.326562 0.408333 0.011458 0.055556
1 0.348698 0.424537 0.008854 0.041667
1 0.354948 0.421759 0.010937 0.047222
1 0.230208 0.411574 0.012500 0.047222
1 0.234635 0.405556 0.011979 0.055556
1 0.230990 0.365278 0.010937 0.032407
1 0.259375 0.384722 0.010417 0.037963
1 0.248438 0.381481 0.009375 0.035185
1 0.255208 0.348148 0.007292 0.029630
1 0.240625 0.354630 0.006250 0.033333
1 0.246875 0.353241 0.007292 0.030556
1 0.246875 0.346759 0.008333 0.034259
0 0.298438 0.338889 0.058333 0.079630
1 0.353906 0.305556 0.008854 0.031481
10 0.381510 0.298611 0.009896 0.015741
4 0.411458 0.368056 0.022917 0.037963
4 0.392188 0.341667 0.020833 0.035185
4 0.399219 0.298148 0.017188 0.029630
5 0.417448 0.281019 0.018229 0.036111
4 0.455990 0.272685 0.016146 0.025000
4 0.441927 0.253704 0.013021 0.022222
1 0.504167 0.433796 0.012500 0.039815
1 0.525260 0.422685 0.008854 0.047222
1 0.519531 0.418519 0.010937 0.048148
1 0.525521 0.407407 0.010417 0.048148
1 0.579167 0.435185 0.012500 0.048148
1 0.595833 0.426389 0.009375 0.049074
1 0.605208 0.436111 0.011458 0.042593
4 0.605208 0.334722 0.034375 0.025000
1 0.638542 0.414815 0.012500 0.057407
1 0.630469 0.410185 0.015104 0.055556
1 0.676042 0.427315 0.008333 0.045370
1 0.673698 0.423611 0.014063 0.054630
1 0.715625 0.396759 0.011458 0.043519
3 0.207552 0.523611 0.018229 0.034259
4 0.518490 0.706481 0.043229 0.090741
4 0.568750 0.641204 0.045833 0.076852
4 0.510417 0.620370 0.039583 0.072222
5 0.605729 0.570370 0.034375 0.066667
4 0.558073 0.575000 0.040104 0.059259
4 0.509896 0.550463 0.035417 0.060185
9 0.597135 0.465741 0.054688 0.138889
4 0.550000 0.506019 0.034375 0.069444
4 0.506510 0.495370 0.026562 0.046296
4 0.491146 0.336574 0.018750 0.034259
4 0.484115 0.280093 0.015104 0.019444
4 0.507292 0.400463 0.021875 0.034259
4 0.574479 0.382870 0.023958 0.034259
4 0.511719 0.371759 0.022396 0.028704
4 0.506510 0.247685 0.011979 0.019444
4 0.536458 0.253241 0.013542 0.017593
4 0.507552 0.270370 0.014063 0.016667
4 0.509635 0.354630 0.016146 0.025926
9 0.543750 0.358333 0.037500 0.075926
4 0.566406 0.353704 0.018229 0.035185
4 0.511458 0.333333 0.018750 0.024074
1 0.772135 0.520370 0.009896 0.053704
1 0.766406 0.548611 0.013021 0.058333
1 0.777344 0.544444 0.011979 0.055556
1 0.835156 0.641667 0.016146 0.068519
4 0.507812 0.313889 0.014583 0.018519
4 0.530729 0.310185 0.016667 0.020370
4 0.570052 0.324074 0.016146 0.024074
4 0.551042 0.310648 0.017708 0.023148
4 0.511719 0.300463 0.014063 0.021296
4 0.505469 0.285185 0.017188 0.022222
4 0.523438 0.263889 0.012500 0.016667
4 0.526302 0.277315 0.013021 0.017593
4 0.530208 0.291667 0.017708 0.016667
4 0.542188 0.275926 0.012500 0.018519
4 0.546875 0.291667 0.017708 0.018519
4 0.566406 0.304630 0.016146 0.016667
4 0.563802 0.286574 0.014063 0.015741
4 0.559635 0.269907 0.014063 0.015741
5 0.553906 0.257870 0.018229 0.023148
4 0.554948 0.247685 0.009896 0.013889
4 0.602604 0.319444 0.032292 0.020370
4 0.484115 0.265278 0.013021 0.017593
4 0.601302 0.308796 0.035937 0.019444
4 0.602344 0.295833 0.041146 0.017593
4 0.600521 0.287500 0.035417 0.015741
0 0.683854 0.525000 0.086458 0.048148
1 0.775781 0.608333 0.024479 0.055556
1 0.794010 0.684259 0.027604 0.061111
1 0.912500 0.950000 0.028125 0.087037
1 0.861458 0.725000 0.017708 0.066667
1 0.843229 0.727778 0.017708 0.066667
1 0.847396 0.701389 0.017708 0.065741
1 0.849479 0.909259 0.015625 0.079630
1 0.839063 0.944444 0.017708 0.083333
1 0.849740 0.976389 0.021354 0.047222
1 0.969792 0.967593 0.021875 0.064815
1 0.847917 0.598148 0.011458 0.046296
4 0.904687 0.617130 0.065625 0.080556
4 0.957812 0.621759 0.063542 0.086111
4 0.968229 0.747685 0.063542 0.141667
4 0.948958 0.568056 0.069792 0.047222
1 0.843490 0.537963 0.007812 0.048148
1 0.850781 0.529167 0.008854 0.054630
1 0.733854 0.413889 0.007292 0.029630
1 0.707292 0.398611 0.007292 0.054630
1 0.701302 0.398148 0.010937 0.051852
1 0.685156 0.388426 0.007812 0.037963
1 0.692448 0.389352 0.007812 0.037963
2 0.746094 0.402778 0.009896 0.027778
2 0.704688 0.335185 0.008333 0.022222
1 0.642969 0.316667 0.006771 0.024074
1 0.656510 0.337963 0.006771 0.029630
1 0.648177 0.340741 0.006771 0.029630
1 0.652344 0.334722 0.007812 0.028704
2 0.691667 0.343519 0.008333 0.018519
1 0.675781 0.321759 0.007812 0.026852
1 0.667969 0.322685 0.006771 0.025000
1 0.650000 0.299074 0.005208 0.022222
1 0.709375 0.309722 0.007292 0.026852
1 0.736719 0.376852 0.009896 0.037037
1 0.742969 0.373611 0.006771 0.036111
4 0.600000 0.250926 0.014583 0.018519
1 0.686719 0.304167 0.006771 0.025000
1 0.671354 0.287037 0.005208 0.024074
1 0.675781 0.286574 0.005729 0.023148
1 0.679948 0.285185 0.004687 0.018519
1 0.684635 0.283796 0.003646 0.017593
1 0.654687 0.302315 0.006250 0.023148
1 0.658073 0.302778 0.005729 0.022222
1 0.661719 0.301852 0.004687 0.022222
1 0.665625 0.305093 0.003125 0.017593
1 0.643490 0.278704 0.004687 0.018519
1 0.658333 0.265741 0.004167 0.022222
1 0.666927 0.273148 0.004687 0.020370
1 0.611198 0.251389 0.003646 0.017593
1 0.629687 0.252778 0.005208 0.018519
2 0.616667 0.250926 0.005208 0.011111
3 0.616927 0.259722 0.004687 0.012037
2 0.586719 0.255556 0.004687 0.011111
1 0.577604 0.285185 0.005208 0.022222
1 0.737500 0.340741 0.005208 0.025926
1 0.730729 0.341667 0.005208 0.025926
1 0.725521 0.334259 0.006250 0.027778
1 0.720052 0.344444 0.004687 0.027778
1 0.715365 0.340741 0.005729 0.029630
2 0.380729 0.290741 0.004167 0.014815
