0 0.022917 0.499537 0.045833 0.086111
0 0.414062 0.249074 0.152083 0.051852
0 0.432552 0.209259 0.102604 0.064815
0 0.516667 0.293981 0.034375 0.073148
0 0.247135 0.377778 0.056771 0.088889
0 0.123438 0.457870 0.020833 0.052778
0 0.064583 0.562037 0.065625 0.064815
0 0.025000 0.641667 0.050000 0.050000
0 0.304427 0.313889 0.061979 0.051852
0 0.281510 0.368981 0.049479 0.071296
0 0.541667 0.326852 0.015625 0.061111
0 0.907552 0.533333 0.172396 0.042593
1 0.472135 0.675463 0.006771 0.050926
4 0.545312 0.608796 0.036458 0.058333
4 0.490885 0.601852 0.031771 0.048148
4 0.510156 0.516204 0.024479 0.037963
4 0.469271 0.527778 0.026042 0.037037
4 0.458594 0.469444 0.023438 0.035185
4 0.472135 0.433796 0.018229 0.028704
4 0.443490 0.414352 0.016146 0.025000
4 0.436979 0.388889 0.014583 0.022222
4 0.463542 0.397685 0.014583 0.025000
4 0.477344 0.375000 0.014063 0.022222
4 0.472656 0.353241 0.013021 0.019444
9 0.455990 0.357407 0.017188 0.050000
9 0.501563 0.409722 0.034375 0.069444
4 0.515365 0.378704 0.013021 0.020370
4 0.525781 0.397222 0.014063 0.022222
4 0.442448 0.312963 0.009896 0.014815
4 0.464844 0.324537 0.010937 0.017593
4 0.481510 0.320370 0.010937 0.016667
4 0.455208 0.305556 0.009375 0.014815
0 0.491146 0.285185 0.026042 0.020370
4 0.307552 0.874537 0.046354 0.119444
4 0.330469 0.706019 0.034896 0.078704
0 0.122135 0.370370 0.019271 0.024074
4 0.187500 0.817130 0.047917 0.100926
1 0.019271 0.886574 0.012500 0.060185
1 0.024219 0.906944 0.020313 0.073148
4 0.047917 0.934722 0.080208 0.128704
4 0.071094 0.972685 0.072396 0.054630
2 0.145833 0.809259 0.013542 0.048148
3 0.145833 0.826852 0.013542 0.048148
10 0.140625 0.785648 0.015625 0.045370
2 0.140625 0.766667 0.015625 0.050000
4 0.156250 0.660185 0.050000 0.062963
3 0.131771 0.613426 0.016667 0.026852
1 0.103646 0.616667 0.010417 0.040741
0 0.047656 0.606019 0.030729 0.026852
1 0.065885 0.615741 0.010937 0.040741
3 0.079427 0.659722 0.011979 0.036111
2 0.078646 0.645370 0.010417 0.035185
4 0.056250 0.656019 0.009375 0.050926
2 0.060937 0.668981 0.012500 0.036111
3 0.061458 0.682870 0.013542 0.036111
3 0.042448 0.714815 0.015104 0.033333
2 0.040885 0.700463 0.011979 0.043519
10 0.016406 0.750000 0.018229 0.053704
2 0.016667 0.740741 0.017708 0.048148
2 0.018750 0.700000 0.011458 0.042593
3 0.021094 0.705093 0.010937 0.036111
0 0.060417 0.511574 0.029167 0.058333
0 0.323177 0.275926 0.025521 0.040741
0 0.297396 0.284259 0.007292 0.014815
0 0.357031 0.279167 0.038021 0.012037
0 0.358854 0.289815 0.016667 0.016667
0 0.250521 0.330556 0.045833 0.024074
0 0.252865 0.308333 0.024479 0.027778
0 0.219010 0.369444 0.015104 0.064815
4 0.416146 0.746759 0.035417 0.071296
4 0.422656 0.844444 0.043229 0.098148
4 0.430208 0.956481 0.053125 0.083333
4 0.482552 0.781944 0.041146 0.091667
4 0.506771 0.916667 0.055208 0.118519
4 0.545052 0.787963 0.046354 0.079630
4 0.626042 0.832870 0.061458 0.102778
4 0.703906 0.871296 0.063021 0.098148
4 0.262500 0.803241 0.047917 0.102778
8 0.201042 0.656481 0.025000 0.064815
4 0.244271 0.698148 0.039583 0.077778
4 0.353125 0.555556 0.026042 0.048148
4 0.310937 0.617130 0.030208 0.058333
4 0.267969 0.621759 0.032813 0.063889
4 0.357031 0.491667 0.022396 0.038889
4 0.319792 0.523611 0.023958 0.041667
4 0.280729 0.550000 0.028125 0.048148
4 0.291406 0.507407 0.025521 0.040741
0 0.148958 0.549074 0.008333 0.064815
4 0.308333 0.459259 0.022917 0.038889
4 0.293750 0.417593 0.018750 0.029630
10 0.233073 0.502778 0.010937 0.024074
2 0.233594 0.495370 0.008854 0.027778
4 0.165885 0.551852 0.025521 0.046296
1 0.215365 0.410185 0.005729 0.027778
1 0.166406 0.564815 0.007812 0.035185
2 0.171354 0.592130 0.008333 0.041667
3 0.171094 0.602315 0.008854 0.028704
2 0.160156 0.594444 0.013021 0.037037
3 0.161458 0.604167 0.008333 0.030556
1 0.123438 0.500000 0.006250 0.029630
1 0.104167 0.536574 0.006250 0.034259
1 0.111979 0.531481 0.005208 0.029630
1 0.111198 0.557870 0.006771 0.037963
2 0.121875 0.544444 0.007292 0.029630
3 0.121875 0.555093 0.006250 0.023148
2 0.138021 0.545370 0.010417 0.035185
3 0.137760 0.554630 0.008854 0.027778
0 0.082031 0.512500 0.014063 0.056481
4 0.600000 0.444444 0.019792 0.031481
4 0.620573 0.471296 0.030729 0.029630
4 0.031250 0.455556 0.036458 0.027778
4 0.065885 0.447222 0.034896 0.027778
4 0.077344 0.468981 0.044271 0.026852
1 0.096615 0.502315 0.007812 0.036111
1 0.086979 0.475926 0.004167 0.024074
1 0.091146 0.482870 0.005208 0.028704
0 0.144271 0.459259 0.006250 0.027778
0 0.140365 0.504630 0.009896 0.048148
1 0.111198 0.441204 0.007812 0.034259
4 0.035417 0.399074 0.031250 0.025926
10 0.651823 0.587037 0.010937 0.027778
2 0.651823 0.579167 0.010937 0.032407
1 0.976823 0.803241 0.018229 0.056481
3 0.982812 0.957870 0.025000 0.062037
2 0.985156 0.943519 0.020313 0.055556
3 0.863021 0.891204 0.016667 0.060185
2 0.864323 0.877778 0.017188 0.057407
3 0.793490 0.846759 0.010937 0.050926
2 0.794531 0.832407 0.014063 0.044444
3 0.897917 0.884722 0.025000 0.054630
2 0.900000 0.871296 0.017708 0.055556
10 0.940104 0.963426 0.037500 0.073148
2 0.944531 0.954630 0.020313 0.057407
3 0.929948 0.922222 0.022396 0.046296
2 0.930990 0.907407 0.020313 0.050000
3 0.964063 0.617593 0.023958 0.024074
4 0.932031 0.572685 0.068229 0.036111
4 0.969531 0.595833 0.060937 0.041667
0 0.014063 0.372685 0.028125 0.025000
4 0.038542 0.377315 0.027083 0.021296
4 0.055469 0.388889 0.028646 0.022222
4 0.067708 0.381481 0.025000 0.018519
4 0.089844 0.396759 0.035937 0.023148
4 0.092708 0.390278 0.028125 0.023148
3 0.098177 0.418519 0.006771 0.016667
2 0.098177 0.413889 0.005729 0.022222
4 0.123177 0.396296 0.033854 0.020370
1 0.127344 0.419444 0.005729 0.025926
1 0.132292 0.420833 0.005208 0.023148
4 0.139583 0.408796 0.032292 0.025000
5 0.156510 0.443056 0.030729 0.026852
1 0.165625 0.376389 0.004167 0.021296
1 0.176823 0.366667 0.004687 0.020370
1 0.182292 0.367130 0.004167 0.019444
1 0.203646 0.371296 0.004167 0.022222
1 0.206510 0.389815 0.004687 0.020370
10 0.724219 0.767130 0.015104 0.045370
2 0.723177 0.753704 0.011979 0.040741
3 0.728906 0.747685 0.011979 0.041667
2 0.729948 0.736574 0.010937 0.037963
1 0.749740 0.434259 0.004687 0.027778
1 0.735156 0.442593 0.006771 0.027778
1 0.749740 0.464352 0.005729 0.028704
1 0.723437 0.409722 0.004167 0.019444
1 0.909375 0.442130 0.006250 0.030556
1 0.798438 0.424074 0.005208 0.025926
1 0.804948 0.424537 0.004687 0.026852
1 0.798698 0.460185 0.004687 0.025926
1 0.806250 0.524537 0.007292 0.030556
3 0.805469 0.528241 0.021354 0.023148
1 0.809375 0.464352 0.006250 0.032407
1 0.843750 0.468056 0.007292 0.026852
4 0.819271 0.445370 0.022917 0.031481
4 0.844010 0.447685 0.027604 0.032407
1 0.885938 0.472685 0.008333 0.026852
3 0.747396 0.752315 0.013542 0.045370
2 0.748177 0.739352 0.010937 0.043519
10 0.753646 0.798148 0.016667 0.048148
2 0.751302 0.788889 0.021354 0.046296
1 0.803906 0.689815 0.007812 0.042593
3 0.798958 0.706019 0.010417 0.032407
3 0.782813 0.540278 0.021875 0.021296
2 0.784375 0.531481 0.010417 0.029630
1 0.764583 0.507870 0.006250 0.032407
1 0.524219 0.360648 0.003646 0.017593
0 0.960417 0.477778 0.079167 0.081481
1 0.208854 0.409722 0.004167 0.023148
1 0.207031 0.413889 0.005729 0.022222
1 0.195052 0.410648 0.003646 0.021296
1 0.197396 0.415741 0.005208 0.022222
1 0.183594 0.417130 0.004687 0.025000
1 0.175781 0.415741 0.005729 0.024074
0 0.163802 0.416667 0.016146 0.024074
1 0.804167 0.606019 0.005208 0.041667
1 0.802865 0.613426 0.006771 0.041667
0 0.576302 0.317593 0.053646 0.072222
4 0.370312 0.441204 0.017708 0.028704
0 0.560677 0.391667 0.053646 0.116667
9 0.323698 0.393519 0.035937 0.062963
5 0.340625 0.431944 0.019792 0.039815
4 0.350521 0.404630 0.017708 0.029630
4 0.375000 0.409722 0.015625 0.026852
4 0.335938 0.352778 0.014583 0.016667
4 0.359896 0.379630 0.015625 0.024074
4 0.369010 0.356944 0.013021 0.021296
10 0.764844 0.726389 0.013021 0.037963
2 0.764844 0.717130 0.010937 0.039815
5 0.344271 0.334259 0.014583 0.024074
4 0.350000 0.327778 0.010417 0.018519
4 0.379427 0.382870 0.015104 0.025000
4 0.385417 0.364352 0.014583 0.023148
4 0.362500 0.310185 0.011458 0.014815
5 0.344792 0.304167 0.016667 0.030556
4 0.847917 0.495833 0.029167 0.037963
4 0.873698 0.495370 0.031771 0.035185
4 0.902344 0.496759 0.031771 0.037963
4 0.365885 0.322222 0.013021 0.016667
4 0.376823 0.293519 0.008854 0.014815
4 0.383594 0.286574 0.008854 0.015741
4 0.446094 0.280556 0.007812 0.012963
9 0.470052 0.289352 0.013021 0.030556
1 0.754167 0.518981 0.006250 0.036111
1 0.747396 0.518981 0.007292 0.032407
1 0.740885 0.518981 0.006771 0.032407
1 0.736458 0.516204 0.007292 0.032407
1 0.740625 0.499537 0.005208 0.032407
1 0.676562 0.400463 0.005208 0.023148
1 0.691667 0.409259 0.004167 0.022222
1 0.685417 0.427778 0.004167 0.025926
1 0.689583 0.428704 0.003125 0.022222
1 0.726562 0.457870 0.005208 0.025000
1 0.717448 0.458796 0.007812 0.025000
4 0.713281 0.484259 0.038021 0.037037
10 0.824219 0.772685 0.022396 0.037963
2 0.830208 0.771296 0.012500 0.033333
2 0.823698 0.766204 0.014063 0.045370
1 0.826042 0.695370 0.011458 0.046296
1 0.834115 0.701852 0.009896 0.046296
1 0.830990 0.712037 0.009896 0.046296
1 0.838021 0.718056 0.010417 0.050926
0 0.610417 0.361574 0.054167 0.032407
3 0.407031 0.411574 0.004687 0.015741
2 0.408073 0.405093 0.004687 0.023148
3 0.414844 0.411111 0.005729 0.012963
2 0.415104 0.405556 0.005208 0.022222
4 0.376042 0.313889 0.009375 0.016667
4 0.400260 0.380556 0.015104 0.022222
4 0.404687 0.368519 0.013542 0.022222
4 0.391927 0.343519 0.011979 0.018519
4 0.390365 0.280556 0.007812 0.012963
4 0.382812 0.327315 0.011458 0.015741
4 0.386198 0.318519 0.009896 0.014815
4 0.408854 0.355556 0.012500 0.020370
4 0.409896 0.343981 0.011458 0.017593
4 0.396354 0.332870 0.010417 0.015741
4 0.390885 0.305556 0.009896 0.012963
4 0.396875 0.298611 0.010417 0.013889
4 0.395833 0.292593 0.008333 0.012963
4 0.400000 0.322222 0.010417 0.014815
4 0.404167 0.311111 0.010417 0.014815
4 0.414583 0.334722 0.011458 0.017593
4 0.401823 0.281481 0.008854 0.011111
4 0.410156 0.293981 0.007812 0.013889
4 0.413021 0.284259 0.009375 0.011111
4 0.416406 0.325000 0.011979 0.018519
4 0.418750 0.318056 0.009375 0.012037
4 0.425781 0.281481 0.007812 0.011111
4 0.424479 0.286111 0.008333 0.011111
4 0.423958 0.294907 0.008333 0.012037
4 0.420052 0.306019 0.009896 0.012037
4 0.421354 0.302315 0.007292 0.010185
10 0.641406 0.500000 0.015104 0.022222
2 0.640104 0.494444 0.006250 0.024074
2 0.642708 0.498611 0.012500 0.023148
1 0.711979 0.425000 0.004167 0.025926
1 0.715625 0.424074 0.004167 0.025926
1 0.717708 0.437037 0.005208 0.024074
1 0.727344 0.395833 0.005729 0.023148
1 0.655990 0.472685 0.006771 0.030556
4 0.669271 0.462500 0.039583 0.028704
4 0.656250 0.454630 0.043750 0.027778
0 0.631771 0.372685 0.014583 0.050926
4 0.606510 0.390278 0.032813 0.023148
4 0.644531 0.441204 0.041146 0.025000
4 0.641927 0.430093 0.039062 0.023148
4 0.632812 0.427315 0.038542 0.026852
4 0.632292 0.416204 0.042708 0.026852
4 0.623958 0.412037 0.034375 0.027778
