7 0.632721 0.747712 0.061029 0.130719
5 0.460294 0.513725 0.072059 0.104575
4 0.376838 0.536601 0.068382 0.121569
4 0.577206 0.325490 0.035294 0.067974
4 0.488235 0.279085 0.035294 0.064052
4 0.418750 0.227451 0.030147 0.073203
4 0.402941 0.343137 0.039706 0.090196
4 0.517279 0.198039 0.025735 0.048366
4 0.509191 0.133987 0.022794 0.040523
4 0.458456 0.108497 0.025735 0.044444
4 0.406618 0.137908 0.025000 0.050980
4 0.368382 0.062092 0.023529 0.050980
4 0.364338 0.026797 0.019853 0.037908
4 0.121691 0.026797 0.037500 0.040523
4 0.094853 0.086928 0.054412 0.043137
4 0.078309 0.125490 0.061029 0.044444
5 0.751838 0.352941 0.066912 0.081046
6 0.290809 0.591503 0.071324 0.205229
5 0.265074 0.770588 0.069853 0.189542
6 0.055147 0.707843 0.110294 0.220915
6 0.060662 0.552941 0.121324 0.099346
1 0.115809 0.566013 0.018382 0.073203
7 0.256618 0.072549 0.022059 0.050980
5 0.311029 0.071895 0.019118 0.041830
7 0.293750 0.143137 0.015441 0.043137
6 0.327206 0.194118 0.029412 0.074510
7 0.282353 0.186928 0.032353 0.031373
6 0.257353 0.223529 0.045588 0.036601
1 0.239338 0.315686 0.013971 0.053595
1 0.228309 0.324837 0.013971 0.053595
1 0.265441 0.159477 0.007353 0.039216
1 0.259191 0.160784 0.008088 0.036601
1 0.250000 0.184314 0.008824 0.039216
1 0.075000 0.232026 0.011765 0.040523
1 0.066544 0.230719 0.009559 0.040523
1 0.053309 0.230719 0.012500 0.040523
1 0.041544 0.230719 0.011029 0.040523
10 0.193015 0.420261 0.018382 0.050980
10 0.133824 0.440523 0.033824 0.039216
1 0.311397 0.232680 0.009559 0.044444
1 0.300368 0.336601 0.011029 0.048366
10 0.309191 0.413072 0.030147 0.054902
1 0.308088 0.403268 0.014706 0.045752
10 0.281618 0.402614 0.010294 0.041830
7 0.260662 0.399346 0.033088 0.079739
1 0.250000 0.386275 0.008824 0.053595
1 0.272059 0.389542 0.010294 0.054902
1 0.276838 0.381699 0.008088 0.052288
7 0.315441 0.336601 0.044118 0.037908
7 0.297426 0.223529 0.018382 0.036601
7 0.318382 0.111111 0.030882 0.023529
6 0.061397 0.383007 0.122794 0.109804
1 0.052206 0.456863 0.022059 0.056209
1 0.089338 0.583007 0.013971 0.062745
1 0.185294 0.366013 0.008824 0.047059
1 0.177206 0.342484 0.011765 0.060131
1 0.330147 0.220261 0.007353 0.043137
4 0.359559 0.217647 0.017647 0.045752
7 0.367279 0.167974 0.015441 0.053595
1 0.361029 0.171242 0.008824 0.047059
1 0.375000 0.100654 0.005882 0.031373
7 0.387868 0.115686 0.015441 0.035294
1 0.386029 0.109150 0.007353 0.024837
4 0.433456 0.167320 0.022794 0.052288
7 0.469853 0.029412 0.019118 0.043137
7 0.352206 0.318954 0.022059 0.057516
2 0.348162 0.311111 0.012500 0.031373
2 0.308456 0.316993 0.011029 0.024837
7 0.283088 0.309150 0.051471 0.030065
7 0.271324 0.338562 0.041176 0.036601
4 0.041176 0.142484 0.025000 0.028758
1 0.026471 0.149673 0.010294 0.035294
1 0.070221 0.069281 0.008088 0.026144
7 0.047426 0.107843 0.024265 0.030065
1 0.604779 0.052288 0.006618 0.033987
1 0.615074 0.068627 0.003676 0.027451
1 0.620588 0.069281 0.005882 0.028758
1 0.775000 0.049673 0.005882 0.036601
1 0.759191 0.058824 0.006618 0.033987
1 0.753676 0.060784 0.005882 0.024837
10 0.802574 0.113072 0.011029 0.037908
1 0.801838 0.074510 0.008088 0.031373
1 0.788971 0.426144 0.011765 0.052288
1 0.816176 0.515686 0.019118 0.061438
1 0.889338 0.345098 0.011029 0.054902
1 0.936029 0.735294 0.017647 0.069281
1 0.919118 0.726797 0.016176 0.067974
