0 0.419792 0.097222 0.118750 0.112963
0 0.903646 0.298148 0.184375 0.170370
4 0.432812 0.162037 0.009375 0.012963
4 0.407813 0.181481 0.009375 0.018519
6 0.387500 0.321296 0.025000 0.087037
6 0.445833 0.338889 0.027083 0.092593
4 0.456771 0.175000 0.007292 0.012963
4 0.458854 0.179630 0.007292 0.011111
4 0.459896 0.190741 0.007292 0.014815
8 0.465625 0.200926 0.008333 0.012963
6 0.470833 0.326852 0.016667 0.035185
5 0.506771 0.344444 0.019792 0.033333
6 0.520833 0.375926 0.020833 0.033333
4 0.530208 0.408333 0.020833 0.031481
4 0.540104 0.443519 0.026042 0.042593
4 0.553125 0.476852 0.025000 0.042593
4 0.565104 0.519444 0.028125 0.050000
4 0.583333 0.577778 0.031250 0.051852
4 0.620313 0.686111 0.040625 0.075926
4 0.654167 0.798148 0.052083 0.092593
4 0.696875 0.909259 0.060417 0.114815
4 0.572917 0.844444 0.047917 0.107407
7 0.519271 0.544444 0.021875 0.051852
4 0.472396 0.603704 0.028125 0.062963
4 0.389583 0.610185 0.029167 0.064815
4 0.140104 0.934259 0.063542 0.112963
2 0.157812 0.631481 0.013542 0.029630
10 0.158854 0.647222 0.013542 0.035185
0 0.446354 0.177778 0.005208 0.014815
0 0.453125 0.194444 0.004167 0.011111
0 0.488542 0.300000 0.006250 0.018519
0 0.358333 0.285185 0.006250 0.018519
0 0.288542 0.302778 0.006250 0.020370
5 0.258854 0.550000 0.051042 0.055556
