4 0.300368 0.514379 0.081618 0.155556
4 0.345956 0.365359 0.066912 0.121569
4 0.301838 0.277778 0.062500 0.095425
4 0.384191 0.284314 0.052206 0.087582
6 0.410294 0.213072 0.047059 0.075817
4 0.467647 0.048366 0.022059 0.036601
4 0.516912 0.109150 0.027941 0.050980
4 0.298897 0.132680 0.075735 0.048366
5 0.323162 0.102614 0.062500 0.050980
5 0.220588 0.244444 0.073529 0.070588
4 0.088235 0.397386 0.107353 0.104575
4 0.106985 0.178431 0.061029 0.069281
7 0.380882 0.096078 0.020588 0.040523
10 0.355515 0.218954 0.008088 0.040523
10 0.336765 0.161438 0.010294 0.030065
10 0.102574 0.647059 0.046324 0.075817
10 0.172794 0.635294 0.027941 0.115033
10 0.130515 0.562745 0.030147 0.084967
2 0.102941 0.618954 0.020588 0.082353
2 0.170221 0.605882 0.024265 0.074510
1 0.131618 0.539216 0.025000 0.077124
4 0.029779 0.500000 0.055147 0.160784
1 0.059926 0.479085 0.024265 0.082353
2 0.357353 0.203268 0.010294 0.045752
1 0.650368 0.779085 0.022794 0.099346
1 0.658088 0.805229 0.027941 0.109804
1 0.282721 0.088235 0.008088 0.050980
1 0.290809 0.088889 0.006618 0.039216
1 0.262500 0.088889 0.010294 0.049673
1 0.740809 0.295425 0.009559 0.031373
4 0.368750 0.037908 0.041912 0.041830
4 0.690809 0.406536 0.086029 0.062745
8 0.436765 0.158170 0.022059 0.057516
