9 0.294485 0.903922 0.040441 0.056209
1 0.315074 0.900654 0.005147 0.020915
1 0.329779 0.929412 0.003676 0.018301
1 0.332721 0.950980 0.003676 0.016993
1 0.462868 0.962092 0.003676 0.018301
4 0.399632 0.966013 0.022794 0.023529
5 0.394118 0.986275 0.029412 0.027451
4 0.334559 0.992810 0.026471 0.014379
4 0.308824 0.990850 0.023529 0.018301
5 0.022794 0.991503 0.025000 0.016993
4 0.062500 0.920261 0.023529 0.023529
4 0.044853 0.922222 0.023529 0.027451
5 0.075000 0.888889 0.014706 0.023529
5 0.088235 0.876471 0.010294 0.024837
4 0.102574 0.860131 0.019853 0.023529
5 0.122794 0.838562 0.017647 0.027451
4 0.342647 0.764706 0.013235 0.015686
4 0.431985 0.745098 0.011029 0.015686
4 0.418015 0.673856 0.011029 0.014379
4 0.407353 0.669935 0.008824 0.011765
4 0.382353 0.652288 0.010294 0.015686
4 0.437132 0.613072 0.009559 0.010458
4 0.498897 0.612418 0.006618 0.011765
5 0.470588 0.593464 0.007353 0.013072
4 0.502941 0.584967 0.005882 0.011765
5 0.503676 0.572549 0.005882 0.010458
10 0.365074 0.924183 0.005147 0.010458
2 0.365074 0.921569 0.003676 0.013072
6 0.856618 0.513072 0.020588 0.019608
6 0.791544 0.482353 0.027206 0.023529
6 0.656985 0.530065 0.016912 0.019608
5 0.551838 0.544444 0.009559 0.016993
4 0.505147 0.533987 0.005882 0.006536
4 0.483088 0.528758 0.005882 0.009150
9 0.536029 0.459477 0.008824 0.014379
6 0.423162 0.492810 0.036029 0.023529
4 0.400735 0.487582 0.008824 0.005229
4 0.569118 0.487582 0.005882 0.007843
4 0.526103 0.428105 0.006618 0.009150
6 0.553309 0.411111 0.009559 0.014379
4 0.597794 0.422876 0.004412 0.006536
8 0.556618 0.435294 0.004412 0.007843
