5 0.458333 0.609259 0.018750 0.048148
4 0.466146 0.698148 0.019792 0.044444
4 0.520312 0.676852 0.017708 0.038889
4 0.516667 0.719444 0.018750 0.042593
4 0.513542 0.762963 0.022917 0.048148
1 0.481771 0.787963 0.011458 0.031481
1 0.456250 0.787037 0.008333 0.033333
4 0.512500 0.821296 0.022917 0.064815
2 0.471354 0.909259 0.009375 0.037037
10 0.471354 0.912963 0.026042 0.029630
1 0.584375 0.792593 0.008333 0.033333
1 0.597396 0.810185 0.007292 0.031481
1 0.586458 0.832407 0.008333 0.031481
1 0.582812 0.858333 0.007292 0.035185
3 0.586458 0.863889 0.008333 0.035185
0 0.619271 0.821296 0.015625 0.053704
0 0.625000 0.867593 0.008333 0.035185
7 0.597917 0.675000 0.012500 0.027778
7 0.585417 0.669444 0.010417 0.027778
7 0.573958 0.662037 0.010417 0.031481
10 0.593750 0.657407 0.014583 0.018519
7 0.586979 0.639815 0.011458 0.027778
4 0.554167 0.595370 0.033333 0.027778
5 0.547917 0.580556 0.035417 0.027778
4 0.516146 0.607407 0.017708 0.037037
4 0.516667 0.561111 0.012500 0.022222
4 0.512500 0.540741 0.012500 0.022222
2 0.497396 0.663889 0.005208 0.024074
3 0.497396 0.669444 0.005208 0.020370
9 0.480208 0.552778 0.018750 0.053704
4 0.498958 0.530556 0.012500 0.024074
2 0.490104 0.519444 0.005208 0.020370
3 0.490104 0.525000 0.005208 0.020370
4 0.461458 0.541667 0.014583 0.024074
4 0.473958 0.504630 0.012500 0.020370
4 0.497917 0.483333 0.010417 0.018519
4 0.476562 0.459259 0.011458 0.018519
4 0.506771 0.470370 0.015625 0.014815
4 0.520312 0.497222 0.019792 0.020370
4 0.516146 0.476852 0.009375 0.016667
4 0.475000 0.485185 0.010417 0.018519
1 0.486458 0.480556 0.006250 0.012963
7 0.486458 0.484259 0.006250 0.016667
0 0.490625 0.308333 0.070833 0.079630
0 0.545312 0.353704 0.009375 0.033333
0 0.542708 0.387963 0.016667 0.024074
0 0.563542 0.520370 0.010417 0.022222
1 0.554688 0.518519 0.005208 0.018519
0 0.512500 0.368519 0.004167 0.011111
0 0.516146 0.382407 0.003125 0.012963
0 0.511458 0.400000 0.004167 0.011111
0 0.501042 0.415741 0.004167 0.012963
0 0.504687 0.352778 0.005208 0.009259
5 0.496354 0.372222 0.007292 0.014815
4 0.490104 0.402778 0.007292 0.012963
9 0.461979 0.359259 0.009375 0.022222
4 0.469271 0.425000 0.009375 0.016667
1 0.319792 0.915741 0.010417 0.035185
1 0.285938 0.908333 0.009375 0.035185
5 0.326562 0.861111 0.038542 0.092593
4 0.363021 0.862963 0.030208 0.074074
4 0.391146 0.781481 0.028125 0.062963
10 0.319271 0.745370 0.011458 0.031481
4 0.288542 0.738889 0.037500 0.037037
5 0.332813 0.701852 0.023958 0.051852
4 0.372396 0.602778 0.019792 0.035185
2 0.351042 0.570370 0.006250 0.018519
10 0.351042 0.575000 0.016667 0.016667
2 0.384896 0.657407 0.007292 0.018519
10 0.385937 0.661111 0.009375 0.025926
4 0.417708 0.653704 0.018750 0.040741
4 0.361458 0.537037 0.027083 0.025926
4 0.361458 0.516667 0.027083 0.022222
4 0.393229 0.544444 0.015625 0.025926
4 0.404687 0.514815 0.013542 0.022222
4 0.410417 0.497222 0.014583 0.024074
4 0.388021 0.462963 0.019792 0.018519
4 0.391146 0.455556 0.021875 0.014815
4 0.416667 0.479630 0.012500 0.018519
0 0.429167 0.475926 0.004167 0.014815
0 0.441667 0.473148 0.012500 0.020370
0 0.454688 0.467593 0.005208 0.016667
0 0.457292 0.438889 0.006250 0.018519
0 0.426563 0.462037 0.003125 0.016667
4 0.430729 0.448148 0.011458 0.022222
4 0.435937 0.436111 0.011458 0.016667
4 0.440104 0.421296 0.011458 0.020370
4 0.444792 0.410185 0.010417 0.016667
4 0.448437 0.400926 0.009375 0.012963
4 0.454167 0.393519 0.008333 0.012963
1 0.140625 0.925000 0.010417 0.035185
0 0.122396 0.923148 0.011458 0.027778
1 0.122396 0.957407 0.011458 0.040741
