0 0.557813 0.306481 0.065625 0.042593
0 0.509375 0.300926 0.025000 0.046296
0 0.501563 0.374074 0.034375 0.040741
0 0.607292 0.295370 0.031250 0.031481
6 0.795833 0.707407 0.068750 0.040741
10 0.746354 0.711111 0.015625 0.018519
1 0.737500 0.608333 0.004167 0.024074
4 0.722917 0.633333 0.043750 0.029630
10 0.650000 0.773148 0.010417 0.038889
4 0.669271 0.594444 0.036458 0.025926
4 0.673438 0.564815 0.038542 0.025926
4 0.630208 0.719444 0.025000 0.050000
4 0.441667 0.976852 0.031250 0.046296
1 0.431771 0.904630 0.007292 0.042593
4 0.480208 0.883333 0.050000 0.066667
4 0.266667 0.959259 0.045833 0.081481
1 0.357292 0.746296 0.008333 0.029630
10 0.361979 0.810185 0.011458 0.031481
1 0.217188 0.789815 0.011458 0.031481
7 0.204167 0.894444 0.039583 0.081481
4 0.352604 0.715741 0.046875 0.038889
4 0.375521 0.662963 0.048958 0.029630
4 0.405208 0.706481 0.025000 0.050000
4 0.437500 0.678704 0.022917 0.050000
4 0.407813 0.591667 0.023958 0.031481
4 0.415104 0.569444 0.034375 0.024074
4 0.419792 0.550000 0.033333 0.022222
4 0.434896 0.507407 0.032292 0.022222
1 0.481250 0.552778 0.006250 0.020370
5 0.588542 0.635185 0.010417 0.029630
5 0.618229 0.572222 0.015625 0.033333
6 0.614062 0.528704 0.017708 0.038889
4 0.609896 0.500000 0.013542 0.018519
4 0.604167 0.478704 0.012500 0.020370
4 0.567187 0.568519 0.009375 0.025926
4 0.546875 0.510185 0.012500 0.024074
4 0.555208 0.453704 0.010417 0.018519
8 0.524479 0.436111 0.007292 0.016667
6 0.484375 0.445370 0.018750 0.031481
1 0.503125 0.434259 0.004167 0.016667
4 0.514583 0.412037 0.010417 0.016667
4 0.526563 0.349074 0.007292 0.009259
4 0.545312 0.343519 0.007292 0.012963
4 0.592708 0.386111 0.010417 0.012963
4 0.598437 0.410185 0.009375 0.016667
4 0.598958 0.426852 0.010417 0.020370
4 0.521354 0.336111 0.007292 0.009259
6 0.502604 0.410185 0.011458 0.024074
1 0.427604 0.428704 0.003125 0.024074
4 0.570833 0.336111 0.006250 0.009259
