7 0.473958 0.641667 0.022917 0.064815
4 0.609375 0.658333 0.068750 0.057407
4 0.589583 0.789815 0.081250 0.072222
4 0.614062 0.943519 0.098958 0.087037
4 0.949479 0.603704 0.061458 0.044444
4 0.979167 0.663889 0.041667 0.068519
5 0.510417 0.145370 0.018750 0.061111
8 0.516667 0.535185 0.020833 0.055556
8 0.577083 0.355556 0.029167 0.037037
4 0.526563 0.250926 0.009375 0.020370
4 0.523438 0.215741 0.009375 0.024074
9 0.533333 0.107407 0.012500 0.040741
4 0.579167 0.070370 0.016667 0.011111
0 0.539583 0.047222 0.027083 0.072222
0 0.575521 0.043519 0.019792 0.035185
2 0.508333 0.240741 0.006250 0.022222
10 0.508333 0.247222 0.008333 0.016667
1 0.183333 0.550000 0.010417 0.040741
