1 0.245956 0.504575 0.022794 0.075817
1 0.263603 0.465359 0.021324 0.054902
1 0.156618 0.404575 0.011765 0.056209
1 0.203309 0.271895 0.012500 0.054902
1 0.172426 0.247059 0.011029 0.049673
1 0.319485 0.485621 0.018382 0.069281
1 0.334559 0.507843 0.013235 0.035294
7 0.347794 0.413725 0.064706 0.064052
2 0.436397 0.390850 0.016912 0.047059
1 0.479044 0.390196 0.013971 0.058824
1 0.502574 0.377124 0.006618 0.043137
2 0.508824 0.344444 0.013235 0.027451
2 0.496324 0.357516 0.019118 0.056209
1 0.662868 0.727451 0.011029 0.061438
1 0.680882 0.739869 0.019118 0.083660
1 0.690809 0.716993 0.016912 0.082353
1 0.591176 0.398693 0.011765 0.065359
1 0.603676 0.396078 0.013235 0.062745
2 0.580882 0.318954 0.013235 0.044444
2 0.589338 0.318301 0.012500 0.043137
1 0.639706 0.299346 0.011765 0.052288
2 0.629044 0.301307 0.016912 0.050980
2 0.677941 0.288235 0.010294 0.045752
2 0.721691 0.277124 0.016912 0.041830
2 0.748529 0.271242 0.010294 0.037908
3 0.738235 0.290196 0.027941 0.041830
1 0.851103 0.371895 0.013971 0.061438
1 0.843750 0.352941 0.018382 0.060131
1 0.994853 0.169935 0.010294 0.049673
3 0.979779 0.172549 0.025735 0.026144
2 0.844853 0.162092 0.007353 0.023529
1 0.836765 0.149020 0.014706 0.033987
1 0.851103 0.081699 0.006618 0.030065
1 0.837132 0.079739 0.008088 0.026144
1 0.619485 0.153595 0.012500 0.037908
2 0.758456 0.125490 0.012500 0.028758
3 0.800368 0.043137 0.015441 0.020915
10 0.802574 0.055556 0.008088 0.022222
2 0.791176 0.060131 0.011765 0.023529
2 0.773529 0.035294 0.007353 0.023529
2 0.786029 0.048366 0.011765 0.023529
10 0.768015 0.067320 0.015441 0.022222
0 0.760294 0.101307 0.014706 0.022222
1 0.718750 0.010458 0.008088 0.020915
1 0.679044 0.072549 0.006618 0.032680
1 0.683088 0.066667 0.004412 0.031373
1 0.636765 0.062092 0.007353 0.035294
1 0.646691 0.022222 0.006618 0.028758
1 0.625735 0.010458 0.007353 0.020915
2 0.562868 0.020915 0.006618 0.015686
2 0.564338 0.018954 0.005147 0.014379
1 0.661397 0.057516 0.006618 0.036601
1 0.668015 0.074510 0.006618 0.036601
1 0.664338 0.090850 0.008088 0.037908
1 0.525368 0.100000 0.005147 0.037908
1 0.475735 0.098693 0.005882 0.032680
5 0.483088 0.113725 0.030882 0.057516
7 0.489706 0.103922 0.027941 0.032680
1 0.404412 0.039216 0.007353 0.036601
1 0.429044 0.012418 0.011029 0.024837
1 0.512132 0.015033 0.008088 0.030065
1 0.473897 0.009804 0.006618 0.019608
1 0.405882 0.132680 0.007353 0.040523
1 0.397794 0.088235 0.007353 0.040523
2 0.409191 0.103268 0.006618 0.020915
1 0.383088 0.124183 0.007353 0.044444
2 0.382353 0.098693 0.005882 0.022222
2 0.374632 0.115686 0.009559 0.027451
1 0.374632 0.091503 0.005147 0.031373
1 0.370956 0.095425 0.008088 0.036601
1 0.362868 0.109150 0.008088 0.040523
1 0.339706 0.109150 0.008824 0.035294
1 0.332353 0.108497 0.008824 0.036601
2 0.338235 0.088235 0.005882 0.022222
1 0.351471 0.101961 0.005882 0.036601
2 0.348529 0.092810 0.008824 0.026144
1 0.361397 0.092810 0.005147 0.028758
1 0.355515 0.101307 0.006618 0.027451
2 0.322426 0.098039 0.009559 0.018301
2 0.316912 0.101961 0.007353 0.015686
1 0.268015 0.111111 0.009559 0.039216
1 0.265441 0.090850 0.007353 0.040523
1 0.275368 0.086928 0.009559 0.035294
1 0.277941 0.106536 0.008824 0.037908
1 0.278676 0.109150 0.007353 0.030065
1 0.211765 0.086928 0.007353 0.030065
7 0.237500 0.069935 0.027941 0.030065
4 0.248529 0.020915 0.036765 0.028758
4 0.175368 0.020261 0.038971 0.030065
4 0.201471 0.035294 0.038235 0.039216
4 0.163235 0.054248 0.048529 0.032680
1 0.184191 0.084967 0.009559 0.041830
1 0.195221 0.089542 0.009559 0.043137
1 0.197059 0.084967 0.008824 0.041830
1 0.191176 0.083660 0.007353 0.028758
4 0.086765 0.049673 0.038235 0.033987
1 0.073897 0.025490 0.005147 0.030065
1 0.044853 0.031373 0.007353 0.031373
4 0.057353 0.022876 0.044118 0.040523
4 0.018015 0.041176 0.036029 0.032680
1 0.064338 0.198039 0.013971 0.050980
5 0.030515 0.096078 0.053676 0.048366
1 0.020221 0.171242 0.011029 0.039216
1 0.028676 0.174510 0.008824 0.030065
2 0.011765 0.193464 0.008824 0.023529
2 0.004044 0.195425 0.008088 0.022222
1 0.041544 0.159477 0.011029 0.041830
1 0.037500 0.167974 0.008824 0.040523
1 0.052206 0.162092 0.010294 0.026144
1 0.010294 0.150980 0.010294 0.045752
1 0.065074 0.170588 0.008088 0.045752
1 0.059191 0.159477 0.009559 0.047059
1 0.076838 0.159477 0.008088 0.020915
1 0.081985 0.146405 0.011029 0.041830
2 0.097794 0.138562 0.017647 0.020915
1 0.099632 0.133333 0.011029 0.031373
1 0.085662 0.117647 0.009559 0.036601
1 0.112868 0.126797 0.008088 0.031373
1 0.123529 0.118301 0.007353 0.035294
1 0.134926 0.114379 0.013971 0.040523
1 0.170956 0.090850 0.008088 0.037908
1 0.160294 0.083660 0.007353 0.031373
1 0.160294 0.100000 0.008824 0.043137
1 0.154412 0.107190 0.007353 0.036601
1 0.152206 0.098039 0.010294 0.041830
1 0.145221 0.107190 0.008088 0.041830
3 0.101838 0.084314 0.008088 0.024837
1 0.101838 0.077124 0.009559 0.031373
1 0.116176 0.109804 0.007353 0.026144
1 0.112132 0.103268 0.008088 0.033987
8 0.120588 0.088889 0.030882 0.044444
5 0.124632 0.079739 0.049265 0.052288
5 0.019485 0.139869 0.038971 0.054902
4 0.027574 0.128758 0.049265 0.045752
7 0.056618 0.129412 0.026471 0.049673
1 0.083088 0.091503 0.007353 0.033987
1 0.088235 0.088889 0.005882 0.020915
1 0.074632 0.083007 0.011029 0.032680
1 0.069853 0.083660 0.004412 0.026144
5 0.073897 0.110458 0.059559 0.048366
