6 0.294010 0.889815 0.104688 0.200000
4 0.440885 0.786111 0.046354 0.118519
6 0.345313 0.711111 0.075000 0.137037
4 0.542969 0.679167 0.040104 0.075000
4 0.406510 0.485185 0.026562 0.042593
6 0.412760 0.441204 0.030729 0.058333
6 0.432031 0.350463 0.022396 0.058333
7 0.460677 0.349537 0.007812 0.023148
2 0.460156 0.350926 0.005729 0.014815
4 0.458073 0.293981 0.013021 0.017593
4 0.491667 0.288426 0.011458 0.015741
6 0.462240 0.269444 0.013021 0.027778
1 0.508594 0.318056 0.003646 0.019444
7 0.502344 0.301389 0.006771 0.013889
2 0.502083 0.299074 0.003125 0.011111
4 0.098698 0.427315 0.051562 0.043519
5 0.257552 0.338426 0.019271 0.030556
6 0.465885 0.260648 0.015104 0.023148
3 0.502865 0.248148 0.002604 0.009259
2 0.503125 0.245833 0.002083 0.010185
10 0.471354 0.235648 0.003125 0.008333
2 0.471615 0.233333 0.002604 0.011111
4 0.495052 0.228241 0.009896 0.010185
4 0.503906 0.225000 0.010937 0.011111
4 0.488542 0.224074 0.014583 0.009259
4 0.472135 0.224537 0.014063 0.010185
4 0.535937 0.225463 0.013542 0.010185
4 0.557292 0.225000 0.014583 0.009259
5 0.548438 0.216204 0.007292 0.012037
5 0.394531 0.286574 0.026562 0.021296
5 0.373437 0.301389 0.028125 0.021296
4 0.395573 0.302778 0.025521 0.024074
1 0.550781 0.239815 0.002604 0.011111
1 0.553385 0.239815 0.001563 0.011111
1 0.554427 0.239815 0.002604 0.011111
