4 0.317448 0.811574 0.050521 0.119444
4 0.410417 0.746296 0.042708 0.101852
4 0.561198 0.663426 0.071354 0.076852
4 0.628125 0.524074 0.043750 0.048148
4 0.336719 0.602315 0.051562 0.071296
5 0.551562 0.485185 0.027083 0.044444
4 0.466927 0.460185 0.024479 0.038889
4 0.506250 0.451389 0.022917 0.034259
4 0.480469 0.402315 0.020313 0.028704
4 0.464844 0.351389 0.016146 0.025000
4 0.470833 0.327778 0.014583 0.020370
4 0.436719 0.366667 0.017188 0.027778
4 0.409375 0.429167 0.021875 0.041667
4 0.440885 0.416667 0.019271 0.033333
9 0.135156 0.471759 0.102604 0.100926
2 0.758854 0.575926 0.012500 0.033333
10 0.756771 0.585185 0.026042 0.038889
7 0.975000 0.767593 0.050000 0.055556
2 0.978125 0.761111 0.021875 0.044444
1 0.634115 0.467130 0.007812 0.036111
6 0.525000 0.385185 0.031250 0.055556
1 0.556250 0.379630 0.005208 0.024074
2 0.554948 0.390741 0.005729 0.018519
3 0.554948 0.397685 0.004687 0.017593
2 0.186719 0.965278 0.023438 0.065741
3 0.188802 0.975926 0.023438 0.048148
4 0.154948 0.407407 0.030729 0.029630
6 0.161458 0.448148 0.152083 0.120370
4 0.011198 0.412037 0.022396 0.033333
4 0.035937 0.423148 0.040625 0.038889
4 0.079167 0.439815 0.032292 0.035185
5 0.139063 0.310648 0.016667 0.034259
2 0.310677 0.538889 0.009896 0.031481
10 0.310677 0.548611 0.022396 0.026852
6 0.411458 0.304167 0.023958 0.052778
9 0.424479 0.269907 0.025000 0.039815
6 0.420573 0.289815 0.016146 0.027778
4 0.375000 0.287963 0.012500 0.016667
6 0.272656 0.296296 0.021354 0.042593
4 0.358333 0.267593 0.009375 0.016667
4 0.388021 0.264815 0.011458 0.014815
4 0.395833 0.254167 0.009375 0.012037
5 0.368229 0.251852 0.010417 0.016667
4 0.337500 0.244444 0.009375 0.012963
4 0.345313 0.234259 0.009375 0.011111
4 0.382292 0.250926 0.010417 0.012963
4 0.270833 0.336111 0.017708 0.020370
4 0.264583 0.326389 0.013542 0.019444
5 0.313021 0.224537 0.012500 0.015741
6 0.315625 0.215741 0.016667 0.022222
