4 0.679412 0.878431 0.182353 0.243137
4 0.465441 0.593464 0.064706 0.177778
4 0.651103 0.474510 0.074265 0.128105
4 0.465074 0.416993 0.052206 0.125490
10 0.399265 0.449673 0.013235 0.060131
1 0.398529 0.425490 0.011765 0.056209
1 0.402206 0.416993 0.013235 0.057516
1 0.339338 0.490850 0.011029 0.058824
1 0.342279 0.466013 0.012500 0.074510
1 0.304044 0.430719 0.012500 0.069281
1 0.305882 0.420915 0.011765 0.073203
1 0.301471 0.392810 0.014706 0.061438
10 0.350000 0.391503 0.025000 0.071895
4 0.260662 0.327451 0.108088 0.105882
1 0.043750 0.545098 0.031618 0.088889
7 0.037868 0.452288 0.061029 0.057516
10 0.414706 0.356863 0.016176 0.049673
1 0.417279 0.333987 0.016912 0.058824
4 0.493382 0.269935 0.041176 0.092810
5 0.398529 0.181046 0.039706 0.105882
4 0.631618 0.345098 0.051471 0.091503
1 0.688971 0.343137 0.011765 0.066667
4 0.593750 0.237255 0.044853 0.069281
4 0.559559 0.132680 0.032353 0.056209
10 0.448162 0.109804 0.006618 0.031373
1 0.448162 0.091503 0.009559 0.026144
7 0.425000 0.069935 0.014706 0.043137
4 0.558088 0.041830 0.029412 0.049673
10 0.584559 0.025490 0.007353 0.027451
1 0.584559 0.015033 0.005882 0.024837
4 0.664338 0.034641 0.053676 0.037908
1 0.693750 0.192157 0.008088 0.041830
1 0.709559 0.190196 0.005882 0.035294
1 0.715074 0.178431 0.006618 0.040523
1 0.723897 0.201961 0.008088 0.050980
1 0.734559 0.198039 0.010294 0.053595
1 0.705515 0.258824 0.013971 0.057516
10 0.683456 0.264706 0.019853 0.056209
10 0.709926 0.246405 0.027206 0.035294
10 0.735294 0.296732 0.036765 0.041830
1 0.825000 0.562092 0.019118 0.075817
1 0.838971 0.602614 0.020588 0.083660
1 0.834926 0.583660 0.027206 0.069281
2 0.980515 0.602614 0.019853 0.049673
10 0.741544 0.141176 0.031618 0.036601
1 0.765074 0.101961 0.008088 0.049673
10 0.711397 0.075163 0.030147 0.032680
1 0.990441 0.426797 0.019118 0.079739
4 0.445956 0.017647 0.031618 0.035294
