6 0.230990 0.136574 0.033854 0.028704
6 0.209635 0.145833 0.027604 0.021296
6 0.205208 0.147222 0.026042 0.024074
4 0.183594 0.152315 0.021354 0.015741
4 0.175521 0.153704 0.020833 0.016667
6 0.165365 0.150926 0.029687 0.025926
0 0.529687 0.115278 0.042708 0.050926
0 0.578646 0.097222 0.028125 0.033333
4 0.524219 0.200926 0.013021 0.018519
4 0.542188 0.220833 0.013542 0.023148
6 0.497135 0.151852 0.013021 0.031481
6 0.490365 0.177778 0.015104 0.025926
4 0.488542 0.189352 0.012500 0.017593
6 0.477083 0.218519 0.019792 0.033333
6 0.471875 0.234259 0.021875 0.033333
1 0.541667 0.151389 0.003125 0.013889
6 0.438802 0.341204 0.033854 0.091667
6 0.391667 0.469444 0.053125 0.137037
6 0.409896 0.418056 0.048958 0.099074
7 0.571875 0.528241 0.027083 0.067593
1 0.421875 0.514352 0.012500 0.049074
1 0.396094 0.592593 0.017188 0.066667
3 0.394010 0.612963 0.014063 0.048148
4 0.337500 0.719907 0.070833 0.132407
5 0.255729 0.880556 0.109375 0.235185
2 0.696615 0.804167 0.017188 0.067593
0 0.277604 0.194444 0.056250 0.042593
