1 0.507721 0.591503 0.015441 0.079739
1 0.602941 0.528105 0.013235 0.054902
1 0.723529 0.453595 0.011765 0.062745
1 0.735294 0.458170 0.011765 0.064052
1 0.775368 0.499346 0.011029 0.065359
1 0.781618 0.509804 0.010294 0.065359
1 0.795588 0.500000 0.011765 0.069281
1 0.801838 0.496732 0.009559 0.065359
1 0.569853 0.386928 0.013235 0.054902
1 0.584926 0.363399 0.008088 0.049673
1 0.689338 0.354902 0.011029 0.048366
1 0.639706 0.347712 0.008824 0.041830
2 0.155882 0.515686 0.020588 0.050980
10 0.156250 0.532680 0.019853 0.056209
3 0.352941 0.341176 0.013235 0.039216
2 0.354412 0.333333 0.014706 0.047059
2 0.350735 0.261438 0.011765 0.028758
1 0.913971 0.662745 0.020588 0.081046
1 0.877574 0.407190 0.012500 0.053595
1 0.752941 0.276471 0.010294 0.040523
1 0.794485 0.307190 0.009559 0.044444
1 0.814338 0.309150 0.009559 0.045752
1 0.860662 0.347712 0.008088 0.047059
1 0.878676 0.348366 0.011765 0.053595
1 0.888971 0.364052 0.011765 0.053595
1 0.899265 0.375163 0.008824 0.026144
1 0.922059 0.386275 0.013235 0.058824
1 0.941912 0.394771 0.010294 0.052288
1 0.958088 0.398039 0.011765 0.050980
1 0.967647 0.383007 0.013235 0.049673
1 0.909926 0.347712 0.012500 0.049673
1 0.920956 0.353595 0.011029 0.050980
1 0.927574 0.338562 0.009559 0.047059
2 0.931618 0.368627 0.016176 0.036601
1 0.790074 0.278431 0.006618 0.036601
1 0.796691 0.295425 0.008088 0.044444
1 0.806985 0.297386 0.008088 0.040523
1 0.811029 0.283660 0.007353 0.039216
1 0.805515 0.283007 0.008088 0.035294
1 0.804412 0.277778 0.007353 0.043137
1 0.796691 0.284967 0.006618 0.041830
1 0.892647 0.321569 0.010294 0.047059
1 0.899265 0.330065 0.007353 0.040523
1 0.920221 0.326144 0.008088 0.043137
1 0.913971 0.325490 0.005882 0.044444
1 0.903309 0.315686 0.006618 0.035294
1 0.910294 0.320915 0.005882 0.040523
1 0.917279 0.282353 0.006618 0.039216
1 0.904044 0.272549 0.006618 0.037908
1 0.915074 0.270588 0.006618 0.039216
1 0.743750 0.215686 0.005147 0.028758
2 0.634559 0.269281 0.010294 0.031373
1 0.949265 0.202614 0.005882 0.031373
1 0.966176 0.201307 0.005882 0.028758
1 0.987132 0.203268 0.006618 0.030065
1 0.981618 0.184314 0.005882 0.023529
1 0.964706 0.188889 0.007353 0.027451
1 0.797794 0.205229 0.005882 0.033987
0 0.786765 0.119608 0.048529 0.113725
1 0.772426 0.200000 0.005147 0.031373
1 0.775368 0.207190 0.005147 0.024837
1 0.781618 0.205882 0.004412 0.030065
1 0.781985 0.201307 0.005147 0.026144
1 0.787132 0.207843 0.005147 0.031373
1 0.788603 0.210458 0.003676 0.023529
1 0.725368 0.079085 0.003676 0.019608
2 0.745588 0.067974 0.004412 0.013072
2 0.854412 0.075163 0.004412 0.011765
1 0.546691 0.166667 0.006618 0.027451
2 0.518015 0.111111 0.005147 0.010458
1 0.359926 0.141176 0.005147 0.028758
10 0.033824 0.150980 0.017647 0.016993
2 0.034191 0.144444 0.009559 0.022222
3 0.354779 0.963399 0.043382 0.070588
