0 0.467187 0.260185 0.030208 0.053704
0 0.492708 0.311111 0.027083 0.051852
0 0.447396 0.331481 0.030208 0.088889
0 0.518229 0.337963 0.021875 0.050000
1 0.166146 0.740741 0.011458 0.048148
10 0.195833 0.846296 0.039583 0.081481
4 0.219792 0.959259 0.085417 0.081481
4 0.233854 0.889815 0.059375 0.098148
4 0.287500 0.778704 0.045833 0.087037
4 0.385937 0.784259 0.036458 0.094444
4 0.406771 0.476852 0.013542 0.027778
4 0.405208 0.592593 0.025000 0.048148
4 0.429167 0.496296 0.018750 0.033333
4 0.439063 0.450000 0.013542 0.029630
4 0.457813 0.399074 0.011458 0.016667
6 0.443750 0.390741 0.010417 0.025926
5 0.429688 0.379630 0.013542 0.018519
8 0.419792 0.421296 0.012500 0.020370
1 0.605729 0.575000 0.005208 0.027778
1 0.608333 0.561111 0.006250 0.029630
2 0.631771 0.594444 0.007292 0.025926
4 0.532292 0.567593 0.022917 0.038889
1 0.569271 0.402778 0.003125 0.016667
1 0.565625 0.464815 0.004167 0.022222
1 0.559896 0.461111 0.005208 0.022222
4 0.583333 0.394444 0.022917 0.014815
4 0.543750 0.393519 0.022917 0.016667
4 0.528125 0.386111 0.018750 0.012963
5 0.514583 0.388889 0.020833 0.018519
4 0.490104 0.386111 0.019792 0.012963
1 0.496354 0.381481 0.003125 0.014815
4 0.502604 0.401852 0.011458 0.018519
4 0.495312 0.391667 0.007292 0.012963
