4 0.083088 0.623529 0.091176 0.086275
4 0.263971 0.528105 0.060294 0.062745
5 0.386765 0.491503 0.048529 0.062745
4 0.558088 0.492810 0.058824 0.047059
4 0.595588 0.537908 0.044118 0.053595
4 0.655882 0.493464 0.050000 0.045752
4 0.714706 0.519608 0.033824 0.048366
4 0.727941 0.579085 0.030882 0.054902
4 0.753309 0.524183 0.030147 0.052288
4 0.606618 0.900654 0.060294 0.122876
4 0.700735 0.893464 0.067647 0.116340
4 0.622426 0.786928 0.052206 0.099346
1 0.609191 0.818301 0.013971 0.057516
1 0.643015 0.930065 0.011029 0.087582
1 0.662132 0.894771 0.013971 0.069281
1 0.653676 0.901307 0.010294 0.050980
1 0.644118 0.884314 0.016176 0.061438
1 0.644485 0.860784 0.011029 0.056209
1 0.655882 0.868627 0.010294 0.045752
1 0.650735 0.847059 0.014706 0.062745
1 0.634559 0.832680 0.008824 0.033987
1 0.643382 0.811765 0.013235 0.060131
1 0.652941 0.816993 0.008824 0.044444
1 0.662500 0.825490 0.011765 0.058824
1 0.708824 0.830719 0.011765 0.061438
1 0.733824 0.820915 0.011765 0.060131
1 0.696691 0.803922 0.011029 0.057516
1 0.679779 0.872549 0.011029 0.064052
1 0.691544 0.851634 0.009559 0.045752
1 0.706618 0.567974 0.008824 0.043137
1 0.788235 0.505882 0.008824 0.039216
6 0.656985 0.393464 0.068382 0.115033
1 0.842647 0.719608 0.014706 0.058824
1 0.935294 0.786928 0.016176 0.062745
1 0.950368 0.787582 0.018382 0.061438
1 0.946691 0.769935 0.015441 0.067974
4 0.908824 0.766667 0.050000 0.087582
4 0.984559 0.798039 0.030882 0.092810
4 0.838235 0.476471 0.033824 0.040523
4 0.844118 0.400000 0.023529 0.039216
6 0.901471 0.337908 0.036765 0.100654
10 0.593382 0.295425 0.007353 0.015686
2 0.593750 0.289542 0.003676 0.016993
1 0.595588 0.289542 0.002941 0.016993
4 0.777206 0.336601 0.014706 0.024837
4 0.786765 0.323529 0.016176 0.022222
1 0.794118 0.325490 0.004412 0.020915
5 0.680882 0.249673 0.014706 0.020915
4 0.700735 0.255556 0.016176 0.019608
4 0.766176 0.243791 0.011765 0.014379
5 0.756985 0.216993 0.009559 0.018301
5 0.871691 0.247059 0.011029 0.020915
6 0.792279 0.218301 0.019853 0.036601
6 0.847794 0.190196 0.016176 0.030065
6 0.827206 0.186275 0.014706 0.024837
6 0.816176 0.172549 0.013235 0.026144
6 0.837868 0.166667 0.012500 0.022222
4 0.819485 0.145098 0.006618 0.007843
6 0.833088 0.135294 0.005882 0.011765
4 0.843015 0.135294 0.003676 0.006536
4 0.848529 0.137908 0.004412 0.006536
6 0.891544 0.150980 0.008088 0.016993
6 0.869485 0.150980 0.011029 0.022222
