4 0.944853 0.594118 0.064706 0.082353
3 0.933456 0.741830 0.025735 0.058824
2 0.935294 0.722876 0.023529 0.060131
7 0.468750 0.868627 0.028676 0.090196
2 0.472794 0.847712 0.019118 0.048366
1 0.385294 0.846405 0.016176 0.077124
4 0.271691 0.873203 0.081618 0.149020
10 0.521324 0.835948 0.017647 0.066667
2 0.520221 0.816340 0.018382 0.061438
4 0.162132 0.761438 0.105147 0.079739
4 0.181250 0.672549 0.099265 0.082353
4 0.209926 0.618301 0.099265 0.081046
1 0.033456 0.607843 0.018382 0.057516
5 0.074265 0.533333 0.091176 0.115033
4 0.354779 0.597386 0.053676 0.101961
4 0.379779 0.516340 0.047794 0.073203
4 0.281618 0.521569 0.067647 0.062745
4 0.296324 0.481699 0.088235 0.061438
4 0.609191 0.396732 0.028676 0.058824
4 0.447059 0.398693 0.064706 0.047059
4 0.405515 0.367974 0.061029 0.040523
6 0.295588 0.396732 0.086765 0.079739
4 0.234926 0.300000 0.053676 0.037908
4 0.493015 0.371895 0.063971 0.040523
4 0.479044 0.337908 0.040441 0.037908
4 0.541176 0.297386 0.032353 0.043137
4 0.590441 0.305229 0.023529 0.045752
8 0.670588 0.268627 0.016176 0.037908
5 0.447059 0.303922 0.047059 0.048366
6 0.327206 0.292810 0.092647 0.060131
1 0.329412 0.305882 0.005882 0.031373
10 0.335662 0.320261 0.012500 0.026144
2 0.335294 0.315686 0.007353 0.035294
1 0.338971 0.308497 0.008824 0.033987
1 0.346324 0.307190 0.007353 0.033987
1 0.354779 0.309804 0.006618 0.036601
1 0.386029 0.266667 0.007353 0.033987
4 0.457353 0.260131 0.026471 0.036601
4 0.466176 0.231373 0.020588 0.033987
4 0.476103 0.187582 0.015441 0.027451
4 0.484559 0.172549 0.017647 0.028758
4 0.489706 0.154248 0.016176 0.031373
4 0.494853 0.127451 0.016176 0.019608
1 0.490074 0.124837 0.005147 0.024837
10 0.509926 0.147712 0.005147 0.018301
2 0.509559 0.143137 0.005882 0.019608
5 0.462132 0.089542 0.012500 0.024837
5 0.508456 0.083660 0.011029 0.023529
4 0.515441 0.060784 0.010294 0.016993
1 0.521691 0.061438 0.003676 0.015686
3 0.522426 0.062745 0.003676 0.013072
4 0.522794 0.035948 0.008824 0.014379
10 0.795956 0.577124 0.018382 0.045752
1 0.795221 0.567974 0.013971 0.043137
1 0.854779 0.419608 0.006618 0.028758
1 0.839706 0.406536 0.013235 0.044444
7 0.547059 0.269935 0.011765 0.024837
2 0.548162 0.264706 0.006618 0.019608
1 0.544485 0.262092 0.006618 0.024837
4 0.637868 0.101307 0.011029 0.016993
4 0.595588 0.079085 0.011765 0.016993
1 0.691912 0.103922 0.004412 0.019608
7 0.670221 0.078431 0.006618 0.013072
1 0.668015 0.077124 0.003676 0.018301
10 0.626103 0.089542 0.008088 0.011765
2 0.626838 0.086275 0.005147 0.018301
4 0.569485 0.047712 0.009559 0.016993
1 0.625000 0.062745 0.004412 0.015686
4 0.605147 0.037908 0.007353 0.013072
4 0.720956 0.045098 0.009559 0.014379
4 0.718382 0.037255 0.019118 0.011765
4 0.700735 0.033333 0.010294 0.011765
5 0.587132 0.005229 0.006618 0.010458
1 0.529412 0.018954 0.002941 0.009150
1 0.155882 0.551634 0.010294 0.047059
1 0.145588 0.548366 0.014706 0.056209
