4 0.212868 0.032026 0.025735 0.030065
4 0.174265 0.095425 0.027941 0.039216
4 0.312500 0.283007 0.044118 0.061438
4 0.170588 0.183007 0.055882 0.044444
8 0.148162 0.154902 0.031618 0.048366
4 0.144485 0.139869 0.046324 0.057516
10 0.261029 0.031373 0.007353 0.015686
10 0.268015 0.029412 0.006618 0.014379
10 0.266176 0.035294 0.013235 0.018301
10 0.324265 0.085621 0.022059 0.024837
3 0.304412 0.069281 0.007353 0.026144
7 0.294118 0.077124 0.017647 0.033987
1 0.253309 0.081046 0.009559 0.036601
1 0.306985 0.067320 0.006618 0.032680
10 0.277206 0.047712 0.014706 0.016993
1 0.279779 0.045752 0.006618 0.033987
4 0.466176 0.269281 0.044118 0.047059
4 0.410662 0.218954 0.044853 0.040523
4 0.424632 0.160784 0.049265 0.041830
4 0.408456 0.151634 0.044853 0.036601
4 0.578676 0.320261 0.061765 0.081046
4 0.762132 0.556863 0.087500 0.107190
4 0.672059 0.458170 0.075000 0.092810
1 0.986765 0.672549 0.023529 0.079739
4 0.952206 0.858170 0.095588 0.126797
4 0.664338 0.822222 0.111029 0.185621
4 0.591544 0.928105 0.124265 0.143791
1 0.297426 0.892810 0.024265 0.086275
1 0.474632 0.723529 0.015441 0.074510
4 0.353309 0.535294 0.068382 0.108497
4 0.295221 0.437908 0.062500 0.088889
4 0.277206 0.358824 0.051471 0.074510
1 0.215809 0.371895 0.013971 0.061438
1 0.205515 0.376471 0.015441 0.057516
1 0.857721 0.548366 0.015441 0.064052
