4 0.219531 0.600463 0.165104 0.125000
4 0.019271 0.469907 0.038542 0.069444
1 0.021354 0.385648 0.013542 0.052778
4 0.335156 0.402315 0.093229 0.062037
2 0.005729 0.401852 0.011458 0.029630
1 0.389844 0.342593 0.008854 0.048148
1 0.402344 0.338889 0.009896 0.044444
1 0.418750 0.333796 0.010417 0.045370
7 0.465885 0.326852 0.032813 0.046296
2 0.491667 0.323611 0.010417 0.028704
2 0.497396 0.320370 0.007292 0.025926
3 0.513021 0.302315 0.013542 0.017593
3 0.546354 0.297685 0.018750 0.019444
6 0.588542 0.266204 0.039583 0.041667
6 0.667448 0.281944 0.068229 0.050926
4 0.734375 0.358796 0.054167 0.054630
4 0.757812 0.333796 0.042708 0.037963
4 0.788542 0.313426 0.040625 0.036111
4 0.797135 0.289815 0.061979 0.031481
