10 0.131250 0.599346 0.033088 0.030065
10 0.115809 0.650327 0.033088 0.024837
10 0.047794 0.771242 0.029412 0.047059
4 0.079779 0.967974 0.102206 0.064052
4 0.087868 0.877124 0.088971 0.088889
4 0.127941 0.769935 0.095588 0.101961
1 0.168015 0.865359 0.021324 0.036601
4 0.106250 0.047059 0.083088 0.091503
1 0.403309 0.327451 0.013971 0.027451
2 0.480515 0.279739 0.019853 0.023529
2 0.477206 0.291503 0.008824 0.015686
10 0.479412 0.277778 0.016176 0.048366
4 0.517647 0.573856 0.057353 0.149020
4 0.442647 0.630065 0.061765 0.164706
4 0.293015 0.853595 0.068382 0.175163
3 0.571324 0.777124 0.022059 0.048366
10 0.613603 0.759477 0.027206 0.036601
3 0.595956 0.830065 0.018382 0.026144
3 0.617279 0.821569 0.022794 0.030065
10 0.655515 0.771895 0.022794 0.069281
2 0.637500 0.888235 0.011765 0.027451
10 0.634926 0.896732 0.022794 0.044444
1 0.648529 0.909804 0.010294 0.026144
1 0.801838 0.972549 0.019853 0.036601
1 0.795588 0.881046 0.020588 0.026144
1 0.866912 0.920915 0.017647 0.030065
4 0.932721 0.943137 0.086029 0.108497
10 0.977206 0.876471 0.035294 0.045752
10 0.902941 0.833333 0.013235 0.056209
10 0.915441 0.832680 0.013235 0.049673
3 0.928676 0.833333 0.013235 0.053595
10 0.868750 0.791503 0.022794 0.053595
10 0.856618 0.788235 0.017647 0.057516
10 0.844118 0.769281 0.020588 0.050980
10 0.816544 0.727451 0.018382 0.045752
10 0.803309 0.727451 0.012500 0.056209
10 0.782353 0.696732 0.020588 0.054902
10 0.791912 0.718301 0.014706 0.056209
10 0.849265 0.674510 0.020588 0.052288
3 0.830515 0.671895 0.015441 0.052288
3 0.817279 0.660784 0.016912 0.053595
3 0.865074 0.703922 0.021324 0.053595
10 0.910662 0.666013 0.024265 0.048366
10 0.982721 0.622222 0.021324 0.057516
10 0.959191 0.585621 0.024265 0.041830
5 0.767647 0.599346 0.050000 0.132026
4 0.802206 0.272549 0.083824 0.082353
1 0.759191 0.166667 0.022794 0.043137
5 0.905882 0.116340 0.088235 0.091503
4 0.929412 0.040523 0.083824 0.081046
4 0.980515 0.179739 0.038971 0.074510
10 0.649265 0.860784 0.029412 0.024837
3 0.866176 0.962745 0.036765 0.022222
