0 0.048162 0.079085 0.096324 0.058824
0 0.156618 0.035948 0.226471 0.071895
0 0.462500 0.056863 0.391176 0.061438
0 0.633088 0.016340 0.152941 0.030065
0 0.752941 0.083660 0.148529 0.151634
0 0.945588 0.111111 0.050000 0.031373
5 0.903309 0.109804 0.027206 0.023529
5 0.931618 0.164706 0.019118 0.033987
5 0.974265 0.125490 0.032353 0.023529
4 0.983088 0.350980 0.023529 0.048366
4 0.916544 0.339216 0.063971 0.056209
4 0.856250 0.320915 0.058088 0.048366
4 0.787132 0.309804 0.055147 0.044444
4 0.750000 0.300000 0.050000 0.045752
4 0.702574 0.286275 0.044853 0.044444
4 0.667279 0.277778 0.036029 0.040523
1 0.876103 0.502614 0.012500 0.061438
1 0.837868 0.477124 0.009559 0.047059
10 0.796691 0.499346 0.016912 0.049673
2 0.851103 0.581046 0.015441 0.069281
1 0.893015 0.636601 0.025735 0.062745
2 0.919118 0.667320 0.023529 0.077124
8 0.757353 0.411765 0.029412 0.067974
1 0.621324 0.388889 0.014706 0.050980
4 0.613235 0.268627 0.042647 0.040523
4 0.583088 0.256863 0.036765 0.043137
4 0.532721 0.264052 0.041912 0.039216
0 0.588235 0.341830 0.030882 0.045752
10 0.578309 0.352941 0.025735 0.036601
10 0.569485 0.328758 0.006618 0.030065
1 0.504779 0.486928 0.008088 0.056209
1 0.480882 0.362745 0.014706 0.045752
1 0.454779 0.494771 0.011029 0.056209
4 0.529779 0.311111 0.027206 0.049673
1 0.409191 0.507190 0.011029 0.062745
1 0.430882 0.505882 0.014706 0.062745
1 0.459926 0.602614 0.018382 0.075817
1 0.464706 0.609804 0.011765 0.071895
4 0.499265 0.255556 0.052941 0.040523
5 0.452206 0.290850 0.027941 0.064052
4 0.459559 0.243791 0.051471 0.035294
4 0.432721 0.233333 0.041912 0.048366
4 0.414338 0.300000 0.037500 0.048366
5 0.390809 0.273203 0.033088 0.062745
4 0.397426 0.215033 0.049265 0.035294
8 0.623529 0.156209 0.029412 0.032680
1 0.629044 0.152941 0.005147 0.026144
5 0.591176 0.165359 0.044118 0.030065
4 0.545588 0.155556 0.033824 0.028758
4 0.493382 0.151634 0.039706 0.028758
5 0.344485 0.253595 0.034559 0.052288
4 0.312132 0.255556 0.033088 0.043137
4 0.308456 0.126797 0.036029 0.026144
4 0.351838 0.199346 0.037500 0.035294
4 0.335662 0.192157 0.038971 0.033987
4 0.375735 0.205882 0.045588 0.035294
4 0.320588 0.188889 0.036765 0.030065
4 0.302574 0.184314 0.040441 0.031373
5 0.281618 0.233987 0.041176 0.057516
4 0.283824 0.178431 0.038235 0.027451
4 0.259926 0.171895 0.037500 0.030065
4 0.256985 0.233333 0.030147 0.040523
1 0.367647 0.798039 0.017647 0.092810
1 0.348162 0.796732 0.016912 0.090196
1 0.358824 0.949673 0.023529 0.098039
1 0.364338 0.965359 0.018382 0.069281
1 0.250735 0.674510 0.019118 0.086275
10 0.068750 0.521569 0.030147 0.057516
1 0.004044 0.340523 0.008088 0.048366
0 0.060662 0.259477 0.047794 0.061438
2 0.190809 0.515033 0.022794 0.057516
2 0.170588 0.516340 0.010294 0.057516
1 0.171691 0.496732 0.012500 0.057516
1 0.198529 0.333333 0.008824 0.033987
1 0.190809 0.333987 0.009559 0.045752
1 0.181985 0.330065 0.009559 0.043137
4 0.218382 0.220915 0.038235 0.044444
4 0.226103 0.165359 0.034559 0.027451
4 0.224265 0.081046 0.023529 0.015686
4 0.174632 0.086275 0.025735 0.018301
0 0.198162 0.074510 0.011029 0.036601
0 0.124632 0.078431 0.052206 0.026144
4 0.120956 0.101961 0.031618 0.026144
4 0.127574 0.091503 0.019853 0.015686
10 0.179044 0.113725 0.012500 0.015686
2 0.179412 0.110458 0.005882 0.019608
4 0.185294 0.213072 0.039706 0.044444
1 0.200735 0.190850 0.007353 0.028758
10 0.198529 0.173203 0.007353 0.016993
2 0.197794 0.167974 0.007353 0.027451
1 0.190809 0.166013 0.005147 0.028758
1 0.187500 0.166013 0.005882 0.026144
1 0.187132 0.285621 0.008088 0.040523
2 0.188603 0.276471 0.003676 0.019608
1 0.131985 0.275163 0.006618 0.043137
1 0.119853 0.274510 0.010294 0.041830
1 0.080882 0.356209 0.010294 0.050980
1 0.088971 0.269281 0.005882 0.039216
1 0.026838 0.256209 0.012500 0.041830
1 0.051838 0.373203 0.011029 0.048366
1 0.068015 0.368627 0.013971 0.047059
1 0.058456 0.348366 0.011029 0.050980
1 0.063971 0.300654 0.013235 0.041830
4 0.034559 0.244444 0.058824 0.041830
4 0.020221 0.237255 0.040441 0.037908
4 0.009191 0.156209 0.018382 0.027451
4 0.010294 0.182353 0.020588 0.024837
4 0.159926 0.211111 0.036029 0.035294
4 0.137132 0.205882 0.040441 0.037908
4 0.052574 0.198039 0.044853 0.035294
4 0.109191 0.203268 0.040441 0.032680
4 0.086397 0.196732 0.041912 0.035294
4 0.051471 0.177124 0.038235 0.027451
4 0.067647 0.154902 0.032353 0.027451
4 0.091544 0.147059 0.025735 0.024837
4 0.074632 0.179739 0.050735 0.030065
4 0.107353 0.178431 0.032353 0.032680
4 0.129412 0.183660 0.030882 0.030065
5 0.152941 0.181699 0.038235 0.041830
4 0.165441 0.154902 0.041176 0.024837
1 0.152206 0.147059 0.005882 0.024837
4 0.152574 0.143137 0.019853 0.027451
1 0.113235 0.157516 0.007353 0.024837
1 0.129044 0.162745 0.005147 0.024837
1 0.135294 0.149020 0.004412 0.023529
4 0.125368 0.145098 0.019853 0.026144
10 0.140441 0.168627 0.011765 0.013072
2 0.138971 0.166667 0.004412 0.014379
1 0.955515 0.726797 0.025735 0.081046
