4 0.513235 0.492157 0.044118 0.103268
4 0.609559 0.513725 0.050000 0.091503
4 0.622059 0.618954 0.063235 0.126797
4 0.591912 0.353595 0.041176 0.064052
4 0.574265 0.237908 0.029412 0.047059
4 0.624265 0.244444 0.051471 0.057516
4 0.258088 0.596732 0.130882 0.105882
4 0.255882 0.785621 0.080882 0.175163
5 0.330515 0.454248 0.056618 0.121569
4 0.358456 0.399346 0.040441 0.084967
8 0.454412 0.399346 0.035294 0.090196
4 0.476471 0.228758 0.026471 0.057516
4 0.473897 0.152941 0.024265 0.044444
10 0.722059 0.587582 0.042647 0.048366
10 0.722059 0.534641 0.035294 0.039216
10 0.125735 0.469281 0.027941 0.052288
10 0.082353 0.975163 0.058824 0.049673
10 0.056250 0.970588 0.034559 0.043137
3 0.069853 0.892157 0.038235 0.098039
3 0.055882 0.604575 0.038235 0.058824
3 0.722426 0.218954 0.018382 0.027451
1 0.843015 0.546405 0.016912 0.070588
1 0.865809 0.533987 0.016912 0.064052
1 0.660294 0.192810 0.007353 0.035294
2 0.553676 0.281046 0.013235 0.044444
10 0.554779 0.290850 0.011029 0.037908
4 0.552574 0.179739 0.027206 0.040523
8 0.434559 0.193464 0.017647 0.047059
4 0.366912 0.226797 0.067647 0.048366
5 0.404779 0.192810 0.022794 0.064052
4 0.388235 0.159477 0.042647 0.052288
4 0.776838 0.667320 0.062500 0.116340
4 0.566176 0.149020 0.036765 0.039216
4 0.613971 0.160131 0.050000 0.037908
2 0.529044 0.137255 0.009559 0.026144
3 0.528309 0.147712 0.011029 0.020915
4 0.451838 0.053595 0.016912 0.028758
4 0.659926 0.103922 0.025735 0.032680
4 0.683088 0.084967 0.035294 0.031373
4 0.664706 0.069935 0.016176 0.030065
4 0.469485 0.039216 0.015441 0.026144
4 0.451103 0.028758 0.018382 0.028758
4 0.470956 0.023529 0.013971 0.028758
4 0.456985 0.013725 0.013971 0.027451
4 0.518750 0.028758 0.012500 0.023529
1 0.548162 0.093464 0.008088 0.032680
2 0.469118 0.077778 0.005882 0.022222
3 0.468750 0.084967 0.008088 0.015686
2 0.546324 0.060131 0.004412 0.020915
2 0.532721 0.037908 0.005147 0.018301
2 0.519118 0.050327 0.002941 0.016993
2 0.515074 0.051634 0.006618 0.016993
10 0.518750 0.057516 0.009559 0.015686
10 0.533088 0.045752 0.004412 0.015686
1 0.564338 0.093464 0.003676 0.019608
1 0.564338 0.089542 0.003676 0.022222
1 0.648162 0.132680 0.005147 0.024837
1 0.658456 0.142484 0.005147 0.023529
1 0.659191 0.153595 0.003676 0.019608
1 0.651471 0.147059 0.004412 0.022222
1 0.743015 0.243137 0.011029 0.044444
10 0.636029 0.282353 0.023529 0.033987
4 0.905147 0.946405 0.113235 0.107190
10 0.673162 0.166667 0.015441 0.022222
5 0.543750 0.013725 0.013971 0.024837
10 0.556985 0.091503 0.006618 0.018301
1 0.646691 0.044444 0.003676 0.018301
1 0.645588 0.042484 0.004412 0.022222
0 0.674632 0.135948 0.013971 0.028758
1 0.185662 0.408497 0.016912 0.056209
1 0.297426 0.203922 0.008088 0.033987
10 0.693750 0.486275 0.036029 0.036601
10 0.668382 0.390850 0.039706 0.036601
