2 0.849632 0.892810 0.063971 0.057516
2 0.857353 0.927451 0.027941 0.035294
10 0.760662 0.769281 0.024265 0.105882
3 0.753676 0.526144 0.023529 0.082353
10 0.687132 0.516993 0.046324 0.045752
10 0.672059 0.475817 0.029412 0.067974
10 0.677206 0.431373 0.035294 0.070588
3 0.684191 0.296732 0.013971 0.065359
1 0.623529 0.099346 0.013235 0.060131
4 0.540074 0.050327 0.036029 0.064052
4 0.561397 0.155556 0.109559 0.081046
4 0.563971 0.201961 0.107353 0.077124
4 0.571324 0.260131 0.104412 0.086275
4 0.587500 0.326144 0.102941 0.105882
4 0.575000 0.468627 0.135294 0.103268
4 0.625000 0.575163 0.151471 0.117647
2 0.461765 0.934641 0.027941 0.070588
2 0.396691 0.952941 0.031618 0.075817
2 0.393015 0.981046 0.018382 0.037908
3 0.462132 0.945098 0.028676 0.109804
7 0.295956 0.624183 0.050735 0.126797
10 0.395221 0.952941 0.030147 0.094118
1 0.377941 0.207843 0.014706 0.070588
4 0.124632 0.230065 0.071324 0.104575
4 0.228309 0.176471 0.049265 0.091503
