0 0.189323 0.182870 0.106771 0.087963
0 0.329167 0.045833 0.052083 0.091667
0 0.307812 0.118981 0.122917 0.099074
0 0.110677 0.215741 0.056771 0.038889
0 0.127083 0.292593 0.077083 0.122222
0 0.408073 0.168519 0.075521 0.083333
0 0.252344 0.268056 0.024479 0.036111
0 0.414323 0.607870 0.034896 0.125000
0 0.388542 0.823148 0.048958 0.124074
0 0.401302 0.718519 0.045312 0.096296
0 0.491927 0.271759 0.134896 0.080556
0 0.560156 0.218519 0.039062 0.031481
0 0.426563 0.444907 0.053125 0.189815
0 0.484375 0.445833 0.032292 0.180556
0 0.563542 0.351389 0.017708 0.045370
0 0.535677 0.500463 0.073438 0.087963
0 0.479427 0.608796 0.044271 0.147222
0 0.545573 0.624537 0.044271 0.104630
0 0.471875 0.709259 0.028125 0.057407
0 0.374740 0.953241 0.056771 0.093519
0 0.467708 0.772685 0.045833 0.082407
0 0.384896 0.315741 0.039583 0.077778
0 0.015885 0.325926 0.030729 0.122222
0 0.036458 0.278241 0.039583 0.039815
1 0.439583 0.327315 0.005208 0.028704
1 0.586979 0.617593 0.009375 0.048148
10 0.551562 0.697222 0.033333 0.031481
10 0.469271 0.827315 0.036458 0.036111
1 0.455990 0.421296 0.006771 0.037037
10 0.565365 0.968056 0.045312 0.062037
10 0.556771 0.932870 0.045833 0.052778
10 0.558594 0.916667 0.033854 0.035185
10 0.561198 0.859722 0.028646 0.030556
10 0.555469 0.876852 0.045312 0.046296
8 0.627865 0.856944 0.040104 0.145370
10 0.412500 0.980556 0.016667 0.038889
1 0.446094 0.699537 0.011979 0.056481
1 0.346354 0.690741 0.011458 0.053704
1 0.439063 0.587963 0.008333 0.051852
1 0.445312 0.564815 0.008333 0.046296
10 0.447135 0.983796 0.036979 0.032407
8 0.446615 0.956019 0.043229 0.069444
10 0.460677 0.952315 0.039062 0.049074
8 0.457031 0.919907 0.048438 0.047222
1 0.453906 0.709259 0.009896 0.040741
1 0.269531 0.965278 0.018229 0.067593
1 0.231250 0.918519 0.014583 0.061111
3 0.240885 0.931944 0.018229 0.065741
10 0.325260 0.648611 0.014063 0.045370
2 0.326302 0.635185 0.010937 0.044444
8 0.305469 0.590278 0.028646 0.047222
4 0.368750 0.626852 0.036458 0.066667
8 0.388021 0.568519 0.014583 0.059259
8 0.399219 0.506019 0.015104 0.050926
1 0.391406 0.482870 0.008854 0.043519
1 0.462500 0.421296 0.007292 0.031481
1 0.463021 0.432870 0.006250 0.032407
10 0.354948 0.576389 0.011979 0.037963
2 0.354687 0.565741 0.012500 0.038889
2 0.347396 0.505556 0.006250 0.022222
1 0.359115 0.519907 0.007812 0.037963
1 0.352865 0.522685 0.006771 0.034259
10 0.336979 0.458333 0.021875 0.025926
1 0.480469 0.334259 0.005729 0.029630
1 0.496875 0.342593 0.005208 0.024074
1 0.496354 0.348611 0.007292 0.026852
4 0.478906 0.228704 0.038021 0.024074
4 0.518229 0.228704 0.026042 0.024074
1 0.422135 0.258333 0.005729 0.025926
8 0.414583 0.323611 0.010417 0.034259
2 0.415365 0.322685 0.007812 0.017593
1 0.312500 0.245370 0.005208 0.024074
10 0.405729 0.256944 0.012500 0.021296
2 0.405990 0.253704 0.005729 0.022222
0 0.386198 0.209722 0.024479 0.056481
10 0.046354 0.564815 0.020833 0.038889
2 0.044271 0.559722 0.014583 0.034259
4 0.017969 0.540278 0.035937 0.058333
4 0.034896 0.485648 0.051042 0.058333
8 0.127604 0.373611 0.025000 0.047222
6 0.264323 0.178241 0.015104 0.037963
7 0.044271 0.321759 0.030208 0.023148
8 0.044010 0.306944 0.031771 0.025000
1 0.011458 0.204167 0.005208 0.019444
4 0.048177 0.258333 0.045312 0.029630
9 0.041927 0.227315 0.077604 0.050926
8 0.054167 0.355093 0.031250 0.045370
8 0.079427 0.318056 0.019271 0.036111
8 0.082292 0.358796 0.018750 0.049074
1 0.076302 0.377315 0.005729 0.032407
1 0.074740 0.385648 0.010937 0.034259
1 0.071354 0.384722 0.008333 0.026852
7 0.171094 0.300463 0.010937 0.019444
2 0.168490 0.293519 0.007812 0.022222
4 0.181510 0.232870 0.035937 0.028704
4 0.182031 0.332407 0.021354 0.040741
8 0.197656 0.310648 0.017188 0.036111
10 0.253646 0.219907 0.013542 0.015741
2 0.252604 0.216667 0.007292 0.018519
4 0.227083 0.240278 0.034375 0.028704
8 0.266667 0.243056 0.018750 0.030556
0 0.268490 0.279630 0.009896 0.035185
4 0.282031 0.264815 0.017188 0.035185
10 0.205990 0.264815 0.014063 0.016667
2 0.205208 0.261111 0.008333 0.024074
10 0.222135 0.283796 0.008854 0.019444
2 0.223698 0.281944 0.005729 0.015741
2 0.222396 0.280093 0.006250 0.023148
2 0.234115 0.293981 0.006771 0.015741
2 0.236458 0.290741 0.004167 0.020370
8 0.235937 0.289815 0.011458 0.035185
2 0.245573 0.306481 0.006771 0.024074
10 0.245573 0.313889 0.008854 0.018519
8 0.311198 0.182407 0.008854 0.022222
2 0.311198 0.183333 0.005729 0.012963
2 0.312500 0.181481 0.004167 0.014815
10 0.561719 0.831944 0.032813 0.028704
8 0.560937 0.810648 0.036458 0.050926
10 0.553385 0.786574 0.041146 0.043519
10 0.554688 0.768519 0.041667 0.046296
8 0.555729 0.744444 0.033333 0.048148
