0 0.347059 0.486928 0.023529 0.056209
0 0.335294 0.392810 0.051471 0.100654
1 0.950000 0.228758 0.013235 0.049673
10 0.923162 0.234641 0.019853 0.030065
3 0.958824 0.210458 0.016176 0.031373
10 0.897426 0.247059 0.013971 0.026144
10 0.779412 0.264706 0.016176 0.037908
10 0.768750 0.253595 0.015441 0.033987
1 0.689338 0.305882 0.011029 0.049673
4 0.727941 0.386928 0.083824 0.073203
10 0.698162 0.409804 0.019853 0.045752
10 0.691912 0.439216 0.032353 0.044444
1 0.711397 0.454248 0.022794 0.061438
4 0.948162 0.288889 0.053676 0.062745
4 0.898529 0.329412 0.069118 0.075817
4 0.852574 0.384314 0.066912 0.081046
4 0.921691 0.477124 0.072794 0.094118
5 0.983088 0.388235 0.033824 0.088889
4 0.838971 0.587582 0.091176 0.116340
4 0.696691 0.536601 0.091912 0.105882
4 0.781985 0.894118 0.125735 0.211765
5 0.704412 0.750327 0.100000 0.183007
1 0.593750 0.373856 0.009559 0.057516
1 0.608824 0.399346 0.014706 0.053595
10 0.629044 0.378431 0.022794 0.040523
10 0.586029 0.443791 0.025000 0.053595
10 0.600735 0.498039 0.039706 0.054902
10 0.581250 0.536601 0.025735 0.056209
10 0.535294 0.487582 0.013235 0.060131
5 0.570221 0.637908 0.097794 0.154248
1 0.549632 0.596078 0.011029 0.065359
1 0.519853 0.605882 0.016176 0.071895
1 0.507721 0.629412 0.015441 0.077124
3 0.503676 0.416340 0.030882 0.035294
1 0.494853 0.437908 0.011765 0.044444
1 0.461397 0.375817 0.009559 0.048366
1 0.452941 0.412418 0.008824 0.056209
1 0.458088 0.420261 0.008824 0.050980
1 0.420221 0.445752 0.008088 0.041830
10 0.438603 0.452288 0.027206 0.044444
2 0.437868 0.443791 0.013971 0.058824
3 0.472426 0.458170 0.013971 0.058824
3 0.458088 0.468627 0.017647 0.053595
10 0.467279 0.500000 0.013971 0.061438
1 0.456250 0.526144 0.012500 0.066667
1 0.445588 0.538562 0.013235 0.073203
1 0.434559 0.523529 0.014706 0.071895
1 0.431250 0.539869 0.013971 0.065359
3 0.423529 0.618301 0.032353 0.065359
10 0.476103 0.569935 0.024265 0.060131
3 0.471324 0.596078 0.020588 0.057516
3 0.398162 0.430719 0.012500 0.050980
10 0.386765 0.425490 0.014706 0.048366
10 0.380147 0.466013 0.014706 0.048366
1 0.327206 0.468627 0.014706 0.056209
10 0.368750 0.464706 0.015441 0.056209
2 0.362868 0.703922 0.025735 0.050980
10 0.275000 0.580392 0.032353 0.054902
10 0.182353 0.686275 0.033824 0.073203
4 0.173897 0.822876 0.143382 0.145098
1 0.286765 0.490196 0.010294 0.036601
1 0.266544 0.506536 0.019853 0.061438
1 0.276838 0.503922 0.013971 0.058824
1 0.263971 0.492157 0.011765 0.064052
1 0.270956 0.478431 0.012500 0.062745
1 0.242647 0.403268 0.014706 0.058824
1 0.233824 0.405229 0.013235 0.057516
1 0.119853 0.499346 0.020588 0.070588
1 0.169485 0.308497 0.012500 0.052288
1 0.183824 0.330719 0.013235 0.049673
1 0.111765 0.307843 0.011765 0.050980
4 0.133824 0.398693 0.067647 0.083660
10 0.148529 0.469281 0.032353 0.047059
10 0.154779 0.485621 0.036029 0.050980
10 0.168750 0.499346 0.031618 0.062745
10 0.051103 0.322876 0.031618 0.036601
10 0.019485 0.284314 0.015441 0.030065
1 0.047794 0.267320 0.014706 0.056209
1 0.068750 0.219608 0.016912 0.049673
10 0.114706 0.222876 0.026471 0.035294
1 0.094485 0.235294 0.011029 0.049673
0 0.014706 0.116993 0.023529 0.058824
10 0.040074 0.148366 0.018382 0.030065
4 0.013971 0.175817 0.027941 0.048366
2 0.458824 0.186275 0.014706 0.040523
2 0.516176 0.190850 0.013235 0.041830
2 0.434191 0.186928 0.011029 0.039216
2 0.344118 0.181046 0.013235 0.027451
2 0.324632 0.179085 0.009559 0.036601
2 0.304412 0.176471 0.013235 0.033987
