10 0.258824 0.181699 0.032353 0.086275
4 0.956985 0.069935 0.086029 0.121569
10 0.915809 0.095425 0.025735 0.067974
10 0.893382 0.126144 0.038235 0.071895
1 0.865809 0.081699 0.019853 0.071895
10 0.921691 0.187582 0.049265 0.058824
4 0.955147 0.229412 0.089706 0.118954
4 0.947794 0.436601 0.104412 0.154248
4 0.872059 0.716340 0.195588 0.209150
4 0.818382 0.526144 0.164706 0.160784
1 0.708456 0.540523 0.024265 0.082353
1 0.720588 0.548366 0.027941 0.084967
10 0.697426 0.456209 0.049265 0.062745
2 0.703676 0.454248 0.026471 0.077124
1 0.801471 0.075163 0.022059 0.069281
1 0.801471 0.032680 0.022059 0.065359
1 0.827941 0.030719 0.017647 0.061438
1 0.833456 0.048366 0.021324 0.073203
1 0.834559 0.058170 0.023529 0.074510
1 0.755515 0.037255 0.015441 0.064052
1 0.762868 0.045752 0.018382 0.075817
10 0.751471 0.086275 0.025000 0.075817
3 0.663235 0.017647 0.036765 0.035294
10 0.748162 0.162745 0.041912 0.079739
10 0.677206 0.113725 0.019118 0.067974
10 0.710294 0.201307 0.023529 0.075817
1 0.644485 0.271895 0.016912 0.078431
5 0.655515 0.320261 0.130147 0.159477
1 0.593750 0.259477 0.018382 0.079739
1 0.565809 0.259477 0.012500 0.079739
3 0.502206 0.221569 0.025000 0.082353
3 0.615074 0.044444 0.019853 0.067974
3 0.593750 0.052941 0.027206 0.058824
10 0.591912 0.095425 0.022059 0.078431
1 0.568015 0.074510 0.013971 0.081046
1 0.561765 0.116993 0.016176 0.087582
1 0.544118 0.103922 0.022059 0.082353
1 0.548897 0.137908 0.018382 0.077124
1 0.525368 0.114379 0.011029 0.069281
10 0.366544 0.105229 0.050735 0.053595
1 0.401838 0.047712 0.016912 0.079739
1 0.404779 0.033987 0.015441 0.067974
1 0.424632 0.049020 0.013971 0.069281
1 0.433824 0.033987 0.013235 0.067974
1 0.531250 0.021569 0.013971 0.043137
10 0.509926 0.018954 0.021324 0.037908
10 0.466176 0.034641 0.032353 0.053595
10 0.463603 0.022876 0.031618 0.045752
10 0.498897 0.018301 0.022794 0.036601
