0 0.422917 0.423148 0.148958 0.062963
0 0.565365 0.236111 0.120313 0.146296
4 0.491406 0.372685 0.015104 0.026852
4 0.510938 0.371759 0.015625 0.025000
4 0.533333 0.368056 0.014583 0.021296
4 0.509115 0.519907 0.021354 0.045370
6 0.545833 0.517130 0.032292 0.082407
2 0.537760 0.460185 0.007812 0.018519
3 0.536979 0.466204 0.011458 0.015741
3 0.590625 0.456019 0.011458 0.012037
2 0.591667 0.447222 0.009375 0.024074
1 0.576302 0.486574 0.005729 0.025000
6 0.539844 0.913889 0.046354 0.133333
4 0.063542 0.821759 0.054167 0.086111
