5 0.351103 0.941830 0.165441 0.113725
4 0.387132 0.857516 0.130147 0.117647
7 0.328309 0.727451 0.056618 0.087582
1 0.292279 0.677124 0.012500 0.060131
1 0.309926 0.685621 0.013971 0.053595
7 0.500000 0.719608 0.051471 0.048366
1 0.500735 0.721569 0.017647 0.073203
4 0.507721 0.621569 0.099265 0.087582
4 0.628676 0.576471 0.045588 0.109804
10 0.709926 0.947059 0.043382 0.056209
2 0.711765 0.940523 0.019118 0.079739
2 0.721691 0.944444 0.019853 0.071895
1 0.690074 0.666013 0.013971 0.061438
1 0.701103 0.624183 0.016912 0.058824
10 0.333824 0.540523 0.029412 0.043137
2 0.330515 0.538562 0.016912 0.054902
2 0.228309 0.490196 0.013971 0.033987
1 0.220956 0.435294 0.012500 0.054902
1 0.215809 0.435294 0.011029 0.047059
1 0.238603 0.432026 0.012500 0.040523
2 0.016912 0.424837 0.013235 0.044444
2 0.027941 0.415686 0.011765 0.028758
2 0.031618 0.428105 0.011765 0.037908
10 0.039706 0.450980 0.017647 0.044444
10 0.058088 0.446405 0.011765 0.048366
10 0.151103 0.429412 0.013971 0.043137
10 0.169118 0.425490 0.011765 0.040523
10 0.158088 0.415686 0.014706 0.041830
3 0.188971 0.394771 0.017647 0.039216
3 0.198897 0.385621 0.024265 0.031373
10 0.224265 0.367320 0.023529 0.031373
8 0.222426 0.409804 0.038971 0.082353
1 0.194485 0.352941 0.009559 0.039216
3 0.263235 0.355556 0.025000 0.028758
10 0.243015 0.341176 0.030147 0.031373
10 0.254412 0.301307 0.023529 0.027451
2 0.251103 0.296732 0.006618 0.028758
10 0.253676 0.298693 0.016176 0.022222
1 0.223162 0.307190 0.009559 0.031373
1 0.362868 0.416340 0.011029 0.050980
1 0.395221 0.392157 0.008088 0.052288
1 0.445221 0.400000 0.009559 0.047059
1 0.455515 0.405882 0.008088 0.043137
7 0.302206 0.421569 0.032353 0.058824
10 0.295956 0.386928 0.027206 0.036601
1 0.292279 0.395425 0.006618 0.030065
1 0.298529 0.396732 0.007353 0.037908
1 0.316912 0.403922 0.007353 0.041830
1 0.304412 0.363399 0.005882 0.039216
1 0.315809 0.367320 0.009559 0.044444
1 0.326103 0.375817 0.009559 0.043137
1 0.335294 0.373856 0.007353 0.047059
1 0.303676 0.350980 0.007353 0.043137
1 0.340074 0.404575 0.006618 0.045752
1 0.344485 0.401961 0.006618 0.045752
8 0.356618 0.390850 0.050000 0.075817
4 0.353676 0.287582 0.061765 0.065359
4 0.516176 0.470588 0.080882 0.070588
5 0.535662 0.418954 0.078676 0.071895
4 0.416912 0.217647 0.054412 0.043137
4 0.430515 0.200000 0.050735 0.036601
4 0.452206 0.173856 0.051471 0.033987
4 0.463235 0.157516 0.044118 0.035294
4 0.472059 0.146405 0.041176 0.031373
2 0.406250 0.133333 0.006618 0.023529
2 0.414338 0.133987 0.008088 0.024837
10 0.347794 0.165359 0.010294 0.022222
10 0.502206 0.123529 0.013235 0.019608
10 0.520956 0.116993 0.012500 0.019608
5 0.552206 0.114379 0.032353 0.043137
1 0.568750 0.093464 0.003676 0.022222
4 0.624632 0.195425 0.053676 0.037908
4 0.665074 0.330065 0.033088 0.069281
4 0.678309 0.258170 0.028676 0.053595
5 0.687868 0.205229 0.025735 0.044444
1 0.700000 0.233333 0.008824 0.035294
3 0.721324 0.343791 0.008824 0.033987
2 0.721691 0.333987 0.009559 0.035294
4 0.862132 0.318301 0.036029 0.061438
4 0.919485 0.315686 0.037500 0.050980
4 0.821691 0.192810 0.022794 0.045752
4 0.836397 0.137908 0.019853 0.035294
4 0.890441 0.109150 0.023529 0.030065
4 0.697426 0.151634 0.021324 0.039216
1 0.722059 0.106536 0.007353 0.024837
4 0.707721 0.116340 0.022794 0.031373
4 0.623897 0.156863 0.040441 0.031373
4 0.627206 0.147712 0.044118 0.026144
4 0.728309 0.094118 0.038971 0.033987
5 0.720588 0.057516 0.030882 0.028758
4 0.750000 0.078431 0.033824 0.023529
4 0.773897 0.062745 0.025735 0.026144
3 0.801471 0.056863 0.010294 0.016993
3 0.740074 0.120915 0.006618 0.016993
2 0.740441 0.115033 0.005882 0.020915
2 0.802574 0.050980 0.005147 0.020915
1 0.677941 0.058824 0.004412 0.020915
1 0.677574 0.046405 0.005147 0.016993
1 0.680147 0.048366 0.004412 0.020915
1 0.686765 0.043791 0.004412 0.019608
1 0.690074 0.043791 0.005147 0.022222
6 0.637868 0.043791 0.047794 0.035294
4 0.587132 0.046405 0.025735 0.022222
4 0.847059 0.044444 0.016176 0.026144
4 0.857721 0.020261 0.013971 0.022222
4 0.721324 0.037255 0.016176 0.019608
4 0.725000 0.024837 0.013235 0.018301
