2 0.848162 0.013725 0.006618 0.016993
1 0.739338 0.141830 0.012500 0.040523
1 0.338235 0.073856 0.005882 0.032680
1 0.347794 0.070588 0.005882 0.033987
1 0.264706 0.150327 0.007353 0.036601
1 0.278309 0.148366 0.009559 0.037908
1 0.042279 0.149673 0.012500 0.040523
1 0.088971 0.088889 0.007353 0.031373
6 0.018750 0.167320 0.037500 0.078431
2 0.009559 0.114379 0.008824 0.037908
1 0.027574 0.130065 0.011029 0.043137
10 0.014338 0.075163 0.012500 0.019608
1 0.021324 0.101961 0.007353 0.028758
1 0.026838 0.098039 0.008088 0.036601
1 0.032353 0.094771 0.010294 0.037908
1 0.036029 0.092157 0.008824 0.035294
1 0.027206 0.090196 0.007353 0.039216
6 0.075735 0.035948 0.036765 0.064052
6 0.121324 0.060784 0.075000 0.048366
6 0.136765 0.096732 0.082353 0.049673
6 0.141544 0.119608 0.083088 0.056209
6 0.185662 0.202614 0.128676 0.078431
6 0.177574 0.143791 0.103676 0.101961
6 0.177574 0.310458 0.118382 0.113725
6 0.033088 0.401307 0.064706 0.135948
6 0.086397 0.344444 0.075735 0.139869
1 0.103309 0.486275 0.018382 0.060131
6 0.088603 0.590850 0.080147 0.193464
1 0.075735 0.737908 0.019118 0.066667
4 0.080515 0.853595 0.069853 0.180392
2 0.008456 0.939869 0.016912 0.065359
10 0.008824 0.952288 0.017647 0.087582
6 0.426103 0.960131 0.134559 0.079739
1 0.154779 0.816340 0.019853 0.071895
1 0.175000 0.803922 0.022059 0.075817
1 0.197059 0.788235 0.020588 0.073203
6 0.348897 0.877124 0.196324 0.219608
6 0.257721 0.811111 0.186029 0.247059
6 0.209926 0.573203 0.134559 0.100654
6 0.384559 0.516993 0.105882 0.168627
6 0.255882 0.441176 0.150000 0.132026
6 0.326838 0.325490 0.086029 0.146405
6 0.484191 0.115033 0.068382 0.060131
6 0.378309 0.111765 0.046324 0.095425
6 0.418750 0.050980 0.066912 0.052288
6 0.323162 0.175817 0.081618 0.071895
6 0.351103 0.213725 0.116912 0.095425
6 0.202206 0.018954 0.025000 0.030065
6 0.971324 0.358824 0.057353 0.111111
6 0.927206 0.200654 0.145588 0.171242
5 0.790441 0.022222 0.042647 0.044444
