4 0.440104 0.535185 0.036458 0.077778
4 0.504687 0.541667 0.042708 0.075926
2 0.586458 0.971296 0.029167 0.053704
2 0.272917 0.953704 0.027083 0.077778
2 0.300521 0.840741 0.026042 0.055556
2 0.280208 0.944444 0.018750 0.062963
10 0.303125 0.864815 0.025000 0.055556
10 0.270313 0.975000 0.028125 0.050000
4 0.428646 0.710185 0.046875 0.135185
10 0.475000 0.793519 0.033333 0.079630
2 0.330729 0.652778 0.015625 0.035185
10 0.331250 0.654630 0.025000 0.053704
2 0.522917 0.612037 0.014583 0.035185
7 0.523958 0.632407 0.025000 0.061111
1 0.700000 0.912037 0.020833 0.072222
4 0.639583 0.736111 0.066667 0.142593
4 0.496354 0.430556 0.032292 0.053704
4 0.449479 0.447222 0.030208 0.068519
2 0.379688 0.496296 0.013542 0.029630
10 0.379688 0.512963 0.015625 0.037037
2 0.362500 0.470370 0.014583 0.029630
10 0.363542 0.486111 0.012500 0.035185
4 0.265625 0.501852 0.095833 0.066667
2 0.394271 0.451852 0.009375 0.037037
7 0.393750 0.462963 0.029167 0.055556
4 0.449479 0.398148 0.030208 0.055556
4 0.453125 0.368519 0.027083 0.048148
4 0.480208 0.351852 0.022917 0.037037
4 0.478125 0.284259 0.016667 0.027778
4 0.477604 0.247222 0.015625 0.024074
4 0.450000 0.311111 0.018750 0.048148
0 0.469271 0.186111 0.082292 0.079630
0 0.516146 0.291667 0.048958 0.124074
0 0.405208 0.304630 0.058333 0.153704
0 0.447396 0.255556 0.030208 0.055556
