4 0.634926 0.794771 0.052206 0.135948
4 0.933088 0.766667 0.070588 0.121569
4 0.198897 0.720261 0.084559 0.138562
1 0.252941 0.804575 0.014706 0.071895
4 0.258088 0.612418 0.064706 0.095425
1 0.288603 0.600654 0.011029 0.058824
7 0.400368 0.643791 0.027206 0.069281
2 0.402941 0.623529 0.016176 0.033987
4 0.038971 0.737255 0.077941 0.101961
4 0.142279 0.611111 0.078676 0.077124
4 0.165809 0.556863 0.081618 0.067974
6 0.205515 0.452941 0.097794 0.079739
4 0.163235 0.420915 0.063235 0.060131
4 0.245956 0.400654 0.066912 0.050980
1 0.010294 0.509804 0.013235 0.044444
1 0.004044 0.514379 0.008088 0.043137
4 0.181985 0.326797 0.055147 0.039216
10 0.281250 0.355556 0.012500 0.028758
2 0.280147 0.352288 0.010294 0.037908
1 0.303309 0.345752 0.008088 0.040523
1 0.293750 0.342484 0.009559 0.039216
6 0.276471 0.322222 0.101471 0.064052
1 0.280882 0.339869 0.007353 0.028758
4 0.381985 0.382353 0.069853 0.048366
10 0.404044 0.420261 0.027206 0.037908
2 0.397794 0.412418 0.011765 0.027451
2 0.402206 0.410458 0.008824 0.036601
2 0.409559 0.408497 0.007353 0.030065
4 0.429044 0.433987 0.069853 0.057516
7 0.516912 0.382353 0.019118 0.040523
2 0.513971 0.375817 0.008824 0.027451
2 0.513235 0.365359 0.007353 0.022222
1 0.422059 0.362745 0.010294 0.037908
5 0.406250 0.341830 0.050735 0.048366
4 0.432721 0.290196 0.031618 0.044444
4 0.451471 0.255556 0.025000 0.035294
10 0.482353 0.254902 0.007353 0.020915
2 0.483088 0.247712 0.005882 0.024837
4 0.475000 0.205882 0.019118 0.030065
4 0.488235 0.189542 0.019118 0.028758
4 0.498897 0.168627 0.018382 0.033987
4 0.513235 0.138562 0.016176 0.023529
1 0.508088 0.132680 0.004412 0.019608
5 0.536029 0.090196 0.017647 0.023529
10 0.698162 0.516993 0.012500 0.045752
2 0.698529 0.505882 0.010294 0.033987
4 0.592279 0.370588 0.043382 0.048366
4 0.617647 0.293464 0.025000 0.040523
4 0.570956 0.162092 0.016912 0.031373
10 0.680147 0.252288 0.008824 0.023529
2 0.679779 0.247712 0.006618 0.024837
1 0.812132 0.406536 0.012500 0.039216
1 0.736765 0.133987 0.004412 0.022222
8 0.655515 0.137908 0.009559 0.024837
4 0.673529 0.112418 0.011765 0.018301
6 0.738971 0.106536 0.032353 0.024837
10 0.577941 0.115033 0.004412 0.013072
10 0.583824 0.099346 0.005882 0.013072
10 0.608824 0.103922 0.008824 0.011765
2 0.577941 0.109804 0.002941 0.013072
2 0.584191 0.096732 0.005147 0.015686
2 0.609559 0.098693 0.004412 0.016993
4 0.552206 0.065359 0.010294 0.018301
1 0.557721 0.066013 0.003676 0.014379
4 0.618382 0.056209 0.010294 0.015686
4 0.624632 0.035948 0.008088 0.014379
4 0.653676 0.033333 0.008824 0.011765
4 0.627574 0.017647 0.008088 0.011765
7 0.714338 0.084967 0.006618 0.015686
2 0.714706 0.081046 0.002941 0.010458
1 0.667279 0.059477 0.003676 0.014379
4 0.776838 0.050980 0.009559 0.015686
4 0.758088 0.036601 0.010294 0.013072
4 0.769853 0.037255 0.010294 0.011765
2 0.748897 0.055556 0.003676 0.009150
2 0.753676 0.055556 0.004412 0.009150
10 0.450735 0.172549 0.014706 0.015686
1 0.447426 0.169935 0.005147 0.023529
4 0.565441 0.038562 0.008824 0.014379
1 0.465441 0.128758 0.002941 0.022222
2 0.463235 0.135294 0.005882 0.016993
3 0.876838 0.703268 0.015441 0.057516
2 0.875368 0.690196 0.019853 0.057516
