0 0.427083 0.544444 0.131250 0.109259
3 0.060677 0.796759 0.023438 0.102778
3 0.038802 0.793981 0.021354 0.113889
1 0.146094 0.714352 0.022396 0.136111
3 0.132031 0.734722 0.053646 0.084259
3 0.154948 0.730556 0.052604 0.048148
2 0.154427 0.918519 0.059896 0.161111
1 0.231510 0.655556 0.015104 0.072222
4 0.240104 0.743056 0.103125 0.121296
1 0.314844 0.596759 0.010937 0.052778
1 0.327083 0.592130 0.010417 0.049074
4 0.350260 0.893056 0.126562 0.213889
4 0.450521 0.724537 0.073958 0.125000
4 0.386198 0.668519 0.060937 0.087037
4 0.402604 0.632407 0.043750 0.066667
2 0.527344 0.687963 0.021354 0.077778
10 0.528125 0.712500 0.033333 0.069444
2 0.615625 0.809259 0.037500 0.124074
3 0.612760 0.859259 0.032813 0.122222
3 0.537240 0.613426 0.019271 0.039815
3 0.026562 0.909722 0.053125 0.115741
3 0.250781 0.655093 0.019271 0.054630
4 0.457552 0.598148 0.033854 0.046296
2 0.511979 0.594444 0.010417 0.044444
3 0.512240 0.605093 0.011979 0.034259
