1 0.068382 0.501961 0.020588 0.060131
1 0.191544 0.596732 0.015441 0.077124
1 0.193382 0.443791 0.016176 0.061438
1 0.209559 0.437255 0.016176 0.058824
1 0.121691 0.874510 0.021324 0.091503
1 0.322794 0.681699 0.016176 0.077124
1 0.257721 0.958824 0.021324 0.082353
1 0.320588 0.560784 0.023529 0.067974
1 0.398897 0.536601 0.018382 0.061438
1 0.503676 0.754902 0.020588 0.082353
1 0.550000 0.498693 0.014706 0.064052
1 0.622426 0.480392 0.015441 0.058824
1 0.575368 0.454248 0.013971 0.053595
1 0.542279 0.409804 0.011029 0.048366
1 0.530515 0.436601 0.011029 0.049673
1 0.509559 0.479085 0.008824 0.058824
1 0.516176 0.401307 0.010294 0.049673
1 0.487500 0.449673 0.010294 0.062745
1 0.695588 0.479085 0.011765 0.043137
2 0.703676 0.444444 0.014706 0.041830
2 0.698529 0.434641 0.014706 0.037908
2 0.697059 0.426797 0.013235 0.040523
10 0.346324 0.403922 0.010294 0.039216
10 0.750000 0.505229 0.027941 0.035294
3 0.786397 0.520915 0.033088 0.037908
10 0.803676 0.644444 0.027941 0.049673
10 0.819485 0.559477 0.018382 0.057516
2 0.787868 0.552941 0.022794 0.049673
2 0.799632 0.562092 0.015441 0.065359
2 0.890441 0.822222 0.026471 0.052288
2 0.912132 0.853595 0.031618 0.067974
2 0.926838 0.877124 0.030147 0.060131
1 0.971324 0.672549 0.014706 0.066667
1 0.772794 0.924837 0.023529 0.095425
1 0.691912 0.949673 0.019118 0.100654
1 0.679044 0.967974 0.012500 0.064052
1 0.546324 0.880392 0.026471 0.092810
1 0.551103 0.956863 0.021324 0.086275
1 0.675735 0.462092 0.008824 0.048366
1 0.500368 0.407843 0.009559 0.052288
1 0.493382 0.411111 0.010294 0.048366
1 0.516544 0.433987 0.009559 0.052288
1 0.658088 0.915033 0.019118 0.096732
