5 0.487500 0.932026 0.086765 0.135948
4 0.965441 0.865359 0.069118 0.180392
1 0.063971 0.835948 0.032353 0.092810
3 0.075735 0.849020 0.030882 0.100654
1 0.190809 0.456863 0.016912 0.066667
10 0.192279 0.312418 0.036029 0.039216
2 0.224265 0.394771 0.020588 0.057516
10 0.226103 0.410458 0.024265 0.041830
4 0.474265 0.435948 0.051471 0.087582
2 0.609559 0.575163 0.019118 0.060131
10 0.609926 0.592157 0.046324 0.049673
2 0.515809 0.384314 0.013971 0.044444
10 0.515074 0.393464 0.015441 0.049673
1 0.736397 0.264052 0.011029 0.044444
1 0.744118 0.269281 0.011765 0.047059
5 0.966544 0.303922 0.066912 0.074510
4 0.964338 0.479085 0.071324 0.082353
2 0.893750 0.452288 0.018382 0.052288
3 0.890809 0.462092 0.030147 0.043137
4 0.852574 0.529412 0.115441 0.094118
4 0.883824 0.595425 0.114706 0.100654
4 0.463235 0.239869 0.042647 0.064052
4 0.334926 0.213725 0.036029 0.064052
2 0.272426 0.181046 0.009559 0.035294
2 0.272426 0.183007 0.011029 0.033987
10 0.272426 0.190196 0.011029 0.035294
4 0.319118 0.134641 0.030882 0.060131
5 0.344485 0.068627 0.025735 0.043137
3 0.534926 0.079085 0.006618 0.030065
4 0.423529 0.018301 0.058824 0.036601
