1 0.450521 0.533333 0.038542 0.181481
1 0.405208 0.496296 0.037500 0.166667
1 0.486979 0.419444 0.026042 0.138889
1 0.529167 0.358333 0.025000 0.124074
1 0.361458 0.337963 0.025000 0.120370
1 0.244271 0.393519 0.023958 0.131481
1 0.127604 0.437963 0.038542 0.150000
1 0.325000 0.189815 0.020833 0.083333
1 0.044271 0.267593 0.028125 0.101852
1 0.390104 0.387963 0.026042 0.120370
1 0.480208 0.339815 0.025000 0.120370
1 0.497396 0.383333 0.026042 0.122222
1 0.419271 0.434259 0.055208 0.109259
1 0.578125 0.278704 0.020833 0.098148
1 0.450000 0.213889 0.018750 0.083333
1 0.199479 0.252778 0.032292 0.098148
1 0.166667 0.261111 0.025000 0.077778
1 0.184375 0.284259 0.018750 0.072222
1 0.191667 0.273148 0.016667 0.064815
1 0.154688 0.116667 0.017708 0.044444
1 0.326562 0.128704 0.011458 0.046296
1 0.430208 0.195370 0.014583 0.079630
1 0.403125 0.189815 0.018750 0.075926
1 0.387500 0.189815 0.014583 0.075926
1 0.407292 0.136111 0.012500 0.042593
1 0.379688 0.167593 0.017708 0.068519
1 0.394271 0.173148 0.017708 0.075926
1 0.095312 0.107407 0.013542 0.051852
2 0.023438 0.159259 0.028125 0.033333
1 0.017708 0.103704 0.018750 0.048148
1 0.007292 0.133333 0.014583 0.059259
1 0.048438 0.109259 0.013542 0.051852
1 0.031250 0.112037 0.014583 0.053704
1 0.042188 0.107407 0.011458 0.048148
1 0.031771 0.104630 0.013542 0.053704
1 0.059375 0.087963 0.014583 0.050000
2 0.071354 0.100000 0.011458 0.022222
1 0.007812 0.080556 0.015625 0.042593
10 0.363021 0.088889 0.026042 0.037037
10 0.388542 0.089815 0.022917 0.027778
10 0.440625 0.087037 0.029167 0.029630
10 0.415104 0.090741 0.023958 0.025926
1 0.421354 0.107407 0.013542 0.048148
1 0.430729 0.170370 0.015625 0.074074
1 0.440104 0.169444 0.015625 0.061111
1 0.448437 0.128704 0.013542 0.057407
1 0.439063 0.117593 0.009375 0.038889
2 0.464062 0.119444 0.013542 0.031481
2 0.463542 0.122222 0.008333 0.018519
2 0.470833 0.145370 0.018750 0.024074
2 0.468750 0.144444 0.012500 0.022222
2 0.486979 0.158333 0.013542 0.038889
2 0.483333 0.155556 0.016667 0.025926
1 0.520312 0.161111 0.017708 0.066667
10 0.502604 0.167593 0.019792 0.050000
2 0.547396 0.237963 0.021875 0.068519
2 0.538021 0.228704 0.021875 0.068519
2 0.583333 0.228704 0.022917 0.053704
1 0.573958 0.253704 0.012500 0.085185
1 0.558333 0.209259 0.014583 0.081481
1 0.544271 0.191667 0.015625 0.072222
3 0.661979 0.425000 0.061458 0.098148
1 0.952083 0.731481 0.054167 0.192593
1 0.763542 0.298148 0.018750 0.096296
1 0.750521 0.289815 0.019792 0.079630
1 0.906771 0.267593 0.021875 0.061111
1 0.714583 0.271296 0.012500 0.050000
2 0.721354 0.278704 0.032292 0.042593
2 0.952083 0.281481 0.016667 0.025926
2 0.971875 0.286111 0.016667 0.024074
2 0.973958 0.275000 0.022917 0.035185
2 0.990625 0.268519 0.018750 0.044444
1 0.794792 0.160185 0.014583 0.061111
1 0.795833 0.155556 0.012500 0.040741
1 0.778646 0.186111 0.011458 0.061111
1 0.773958 0.185185 0.014583 0.066667
