5 0.349265 0.734641 0.083824 0.078431
4 0.286397 0.943791 0.053676 0.107190
4 0.157721 0.941830 0.071324 0.116340
10 0.077206 0.726144 0.026471 0.027451
2 0.080147 0.713725 0.017647 0.041830
10 0.056250 0.682353 0.030147 0.033987
2 0.054412 0.671242 0.017647 0.037908
2 0.035294 0.620915 0.011765 0.026144
1 0.019485 0.607190 0.016912 0.048366
4 0.216176 0.668627 0.088235 0.069281
3 0.249632 0.611111 0.013971 0.050980
3 0.211765 0.558170 0.010294 0.036601
3 0.220221 0.558170 0.011029 0.041830
10 0.255515 0.562745 0.012500 0.043137
5 0.294853 0.610458 0.036765 0.094118
10 0.334926 0.596732 0.024265 0.053595
4 0.367279 0.645098 0.036029 0.092810
4 0.402941 0.611765 0.033824 0.083660
3 0.359191 0.585621 0.021324 0.031373
10 0.438971 0.554902 0.029412 0.032680
2 0.490074 0.560784 0.013971 0.039216
2 0.512132 0.509804 0.008088 0.031373
5 0.569118 0.663399 0.089706 0.082353
7 0.561765 0.601961 0.041176 0.040523
10 0.573897 0.570588 0.025735 0.035294
3 0.627574 0.567320 0.030147 0.026144
10 0.622794 0.560784 0.025000 0.028758
10 0.668015 0.582353 0.009559 0.043137
10 0.698897 0.587582 0.012500 0.048366
3 0.698897 0.569281 0.027206 0.032680
4 0.668750 0.668627 0.080147 0.064052
4 0.768015 0.675163 0.084559 0.064052
1 0.806250 0.592157 0.013971 0.041830
2 0.831250 0.583660 0.012500 0.027451
2 0.809926 0.533333 0.012500 0.026144
3 0.921324 0.582353 0.027941 0.032680
10 0.881618 0.635948 0.013235 0.045752
4 0.994485 0.611111 0.009559 0.045752
2 0.966544 0.641830 0.008088 0.028758
2 0.973529 0.629412 0.014706 0.045752
6 0.939706 0.681699 0.104412 0.071895
3 0.888603 0.849673 0.037500 0.036601
1 0.876471 0.873203 0.016176 0.054902
2 0.893015 0.876471 0.016912 0.032680
4 0.937868 0.960784 0.081618 0.075817
4 0.874632 0.952941 0.080147 0.088889
4 0.713971 0.966013 0.045588 0.067974
7 0.730882 0.896078 0.072059 0.058824
5 0.636397 0.872549 0.069853 0.121569
4 0.816544 0.789542 0.096324 0.078431
