4 0.429167 0.876852 0.068750 0.220370
4 0.632812 0.729630 0.057292 0.107407
4 0.679167 0.924074 0.091667 0.151852
5 0.422917 0.615741 0.043750 0.142593
2 0.282813 0.969444 0.021875 0.057407
4 0.339583 0.921296 0.020833 0.083333
4 0.355729 0.875926 0.019792 0.081481
4 0.336979 0.830556 0.019792 0.075926
7 0.315104 0.817593 0.032292 0.146296
10 0.246875 0.855556 0.052083 0.048148
10 0.236458 0.812037 0.041667 0.057407
10 0.260417 0.736111 0.031250 0.064815
10 0.366667 0.761111 0.020833 0.088889
10 0.509375 0.761111 0.025000 0.074074
10 0.516146 0.688889 0.019792 0.074074
10 0.370833 0.663889 0.014583 0.075926
10 0.384375 0.525000 0.014583 0.061111
10 0.387500 0.425000 0.012500 0.042593
10 0.372917 0.395370 0.012500 0.038889
10 0.336979 0.446296 0.013542 0.044444
10 0.372396 0.299074 0.011458 0.038889
10 0.382812 0.267593 0.009375 0.031481
10 0.385417 0.227778 0.010417 0.033333
10 0.179688 0.403704 0.030208 0.040741
10 0.359375 0.421296 0.012500 0.042593
2 0.260937 0.726852 0.019792 0.079630
2 0.370312 0.654630 0.017708 0.057407
2 0.370312 0.638889 0.015625 0.055556
2 0.366667 0.747222 0.020833 0.057407
2 0.365625 0.732407 0.018750 0.061111
2 0.510417 0.749074 0.020833 0.053704
2 0.519271 0.689815 0.013542 0.050000
2 0.517708 0.681481 0.018750 0.059259
2 0.388021 0.413889 0.013542 0.042593
2 0.336979 0.432407 0.013542 0.038889
2 0.359375 0.406481 0.014583 0.027778
2 0.370312 0.384259 0.013542 0.038889
2 0.372396 0.286111 0.011458 0.035185
2 0.382812 0.255556 0.009375 0.025926
2 0.384375 0.220370 0.010417 0.025926
7 0.554688 0.782407 0.026042 0.090741
2 0.554688 0.786111 0.017708 0.050000
2 0.551042 0.757407 0.018750 0.048148
1 0.593750 0.705556 0.014583 0.077778
1 0.583333 0.689815 0.008333 0.057407
1 0.571354 0.685185 0.013542 0.070370
1 0.620313 0.930556 0.019792 0.098148
10 0.356771 0.609259 0.011458 0.048148
1 0.355729 0.588889 0.013542 0.048148
7 0.258333 0.656481 0.066667 0.061111
7 0.642188 0.574074 0.067708 0.059259
4 0.879167 0.606481 0.104167 0.090741
4 0.791667 0.560185 0.110417 0.075926
4 0.968229 0.558333 0.063542 0.075926
4 0.833333 0.443519 0.089583 0.068519
4 0.730729 0.450000 0.092708 0.062963
6 0.909896 0.376852 0.117708 0.098148
1 0.992708 0.383333 0.014583 0.051852
1 0.613542 0.472222 0.014583 0.055556
6 0.619792 0.400926 0.093750 0.061111
4 0.581771 0.369444 0.057292 0.061111
4 0.569792 0.322222 0.066667 0.055556
4 0.510417 0.316667 0.037500 0.062963
4 0.448437 0.350000 0.040625 0.062963
4 0.561458 0.288889 0.050000 0.040741
4 0.548958 0.269444 0.064583 0.053704
1 0.238021 0.479630 0.011458 0.051852
1 0.317188 0.447222 0.015625 0.057407
3 0.413542 0.464815 0.012500 0.040741
2 0.413021 0.448148 0.011458 0.044444
1 0.360417 0.456481 0.008333 0.050000
2 0.982812 0.680556 0.019792 0.046296
2 0.976042 0.796296 0.027083 0.051852
10 0.343229 0.376852 0.009375 0.038889
10 0.459896 0.299074 0.009375 0.031481
2 0.343229 0.366667 0.009375 0.037037
2 0.459896 0.300000 0.009375 0.022222
2 0.459896 0.292593 0.009375 0.033333
2 0.174479 0.479630 0.019792 0.033333
2 0.234375 0.438889 0.012500 0.033333
2 0.236979 0.424074 0.011458 0.029630
2 0.590104 0.452778 0.015625 0.050000
3 0.358333 0.274074 0.008333 0.033333
2 0.358854 0.267593 0.009375 0.035185
10 0.398438 0.263889 0.009375 0.031481
2 0.397396 0.255556 0.009375 0.037037
4 0.342187 0.179630 0.038542 0.055556
4 0.423438 0.170370 0.021875 0.044444
10 0.457813 0.211111 0.007292 0.025926
2 0.458333 0.204630 0.008333 0.027778
10 0.356771 0.221296 0.007292 0.027778
2 0.357292 0.214815 0.006250 0.025926
4 0.395833 0.137037 0.020833 0.044444
10 0.381250 0.186111 0.006250 0.024074
2 0.380729 0.178704 0.007292 0.024074
10 0.443750 0.156481 0.006250 0.027778
2 0.443750 0.155556 0.006250 0.018519
2 0.443750 0.150926 0.006250 0.024074
3 0.487500 0.234259 0.008333 0.027778
2 0.487500 0.224074 0.006250 0.029630
1 0.485938 0.162037 0.007292 0.027778
1 0.452083 0.103704 0.006250 0.029630
4 0.447396 0.079630 0.017708 0.029630
10 0.427604 0.085185 0.007292 0.022222
2 0.428125 0.078704 0.006250 0.020370
4 0.399479 0.068519 0.019792 0.029630
10 0.369792 0.146296 0.006250 0.022222
10 0.378125 0.102778 0.006250 0.020370
10 0.365625 0.100000 0.006250 0.018519
10 0.377083 0.159259 0.006250 0.018519
2 0.377083 0.147222 0.006250 0.020370
2 0.369271 0.132407 0.007292 0.027778
2 0.377604 0.094444 0.005208 0.022222
2 0.365625 0.093519 0.006250 0.016667
