1 0.532353 0.677124 0.017647 0.083660
1 0.565441 0.694771 0.019118 0.077124
1 0.486765 0.692810 0.019118 0.081046
1 0.507353 0.686928 0.016176 0.077124
1 0.484559 0.807190 0.025000 0.087582
1 0.491544 0.788889 0.018382 0.090196
1 0.518382 0.852941 0.035294 0.084967
1 0.562132 0.830065 0.030147 0.096732
1 0.461029 0.939869 0.032353 0.115033
1 0.563235 0.933333 0.025000 0.101961
1 0.561029 0.927451 0.027941 0.098039
1 0.608088 0.937908 0.026471 0.092810
2 0.817647 0.733333 0.020588 0.057516
2 0.815441 0.756863 0.027941 0.057516
2 0.829412 0.779739 0.029412 0.069281
1 0.826471 0.875817 0.027941 0.067974
1 0.846324 0.856863 0.017647 0.074510
10 0.926838 0.937255 0.052206 0.060131
3 0.980882 0.964052 0.038235 0.066667
10 0.275000 0.668627 0.017647 0.066667
2 0.235662 0.696732 0.018382 0.057516
2 0.231618 0.725490 0.017647 0.047059
2 0.224632 0.747059 0.016912 0.061438
1 0.194853 0.877778 0.025000 0.090196
