4 0.476838 0.940523 0.055147 0.116340
5 0.562500 0.909804 0.052941 0.149020
4 0.495956 0.786928 0.047794 0.133333
4 0.575000 0.760784 0.054412 0.130719
4 0.548162 0.638562 0.043382 0.103268
4 0.470956 0.635948 0.038971 0.098039
4 0.474265 0.539216 0.033824 0.079739
4 0.472426 0.456863 0.030147 0.066667
4 0.523897 0.448366 0.031618 0.065359
4 0.472059 0.400000 0.027941 0.054902
4 0.515074 0.351634 0.024265 0.041830
4 0.513971 0.391503 0.027941 0.050980
4 0.470956 0.351634 0.025735 0.047059
4 0.468382 0.313725 0.020588 0.041830
4 0.467647 0.276471 0.022059 0.037908
4 0.508088 0.280392 0.022059 0.037908
4 0.512132 0.312418 0.024265 0.041830
4 0.467647 0.243791 0.019118 0.032680
4 0.501838 0.249020 0.019853 0.035294
4 0.469485 0.214379 0.016912 0.031373
4 0.470588 0.188889 0.017647 0.032680
4 0.468382 0.166013 0.016176 0.026144
4 0.472794 0.149673 0.016176 0.024837
4 0.469118 0.130719 0.014706 0.028758
4 0.467279 0.115686 0.013971 0.019608
4 0.466912 0.100654 0.013235 0.015686
4 0.461765 0.090196 0.013235 0.020915
4 0.478676 0.011111 0.008824 0.016993
4 0.479779 0.022876 0.009559 0.011765
4 0.501838 0.196078 0.013971 0.026144
4 0.488603 0.092157 0.012500 0.019608
4 0.041544 0.079085 0.027206 0.027451
4 0.059559 0.092157 0.027941 0.030065
4 0.156250 0.007843 0.016912 0.015686
4 0.137868 0.007843 0.016912 0.015686
6 0.538971 0.516993 0.039706 0.108497
6 0.502206 0.162092 0.022059 0.052288
6 0.494485 0.124183 0.018382 0.047059
5 0.486765 0.104575 0.011765 0.026144
6 0.487132 0.062745 0.019853 0.057516
6 0.481985 0.039869 0.013971 0.027451
9 0.463971 0.058824 0.017647 0.049673
9 0.463235 0.024183 0.013235 0.035294
5 0.505882 0.219608 0.020588 0.041830
