0 0.963971 0.028758 0.072059 0.052288
9 0.632721 0.631373 0.203676 0.216993
4 0.475368 0.664052 0.105147 0.109804
4 0.279044 0.628758 0.106618 0.112418
4 0.193015 0.520261 0.088971 0.075817
4 0.079044 0.562092 0.094853 0.096732
9 0.164338 0.715033 0.215441 0.253595
4 0.491912 0.930065 0.142647 0.139869
4 0.922794 0.780392 0.104412 0.107190
1 0.942279 0.485621 0.016912 0.058824
1 0.911765 0.403268 0.014706 0.040523
4 0.986397 0.347712 0.027206 0.054902
5 0.987132 0.253595 0.025735 0.062745
4 0.980882 0.115033 0.036765 0.031373
5 0.970221 0.090850 0.018382 0.032680
4 0.970588 0.067974 0.016176 0.026144
4 0.858088 0.088235 0.016176 0.030065
4 0.837868 0.052941 0.016912 0.027451
4 0.838603 0.025490 0.013971 0.022222
4 0.814706 0.049673 0.016176 0.031373
4 0.758456 0.105229 0.019853 0.032680
4 0.666176 0.452288 0.069118 0.067974
4 0.676471 0.338562 0.038235 0.065359
4 0.692647 0.196732 0.026471 0.043137
5 0.348897 0.295425 0.056618 0.067974
4 0.340441 0.228105 0.047059 0.043137
4 0.362500 0.211765 0.050000 0.041830
5 0.378676 0.150327 0.033824 0.049673
1 0.779779 0.045098 0.005147 0.024837
2 0.748529 0.043791 0.004412 0.016993
2 0.758456 0.044444 0.005147 0.018301
10 0.758456 0.048366 0.005147 0.018301
10 0.748529 0.048366 0.004412 0.018301
4 0.600735 0.066013 0.027941 0.030065
1 0.615441 0.121569 0.005882 0.028758
1 0.947426 0.230065 0.011029 0.036601
1 0.959926 0.238562 0.009559 0.032680
2 0.932353 0.211765 0.008824 0.023529
2 0.933456 0.205229 0.009559 0.023529
10 0.931985 0.212418 0.008088 0.027451
2 0.504779 0.748366 0.019853 0.071895
3 0.506618 0.756209 0.041176 0.048366
2 0.396691 0.273203 0.011029 0.039216
10 0.397426 0.275817 0.024265 0.033987
1 0.358824 0.172549 0.005882 0.033987
1 0.177574 0.197386 0.016912 0.036601
1 0.186397 0.202614 0.009559 0.039216
1 0.092279 0.235294 0.009559 0.036601
1 0.094485 0.235948 0.008088 0.037908
2 0.120588 0.246405 0.007353 0.016993
2 0.134559 0.245098 0.008824 0.022222
2 0.126838 0.256209 0.009559 0.036601
1 0.076103 0.249673 0.013971 0.033987
10 0.273897 0.243791 0.011029 0.032680
10 0.266912 0.218301 0.011765 0.028758
1 0.297794 0.166013 0.005882 0.023529
3 0.204412 0.223529 0.008824 0.033987
10 0.200368 0.252288 0.009559 0.033987
10 0.230515 0.292810 0.018382 0.031373
10 0.221324 0.277778 0.020588 0.030065
2 0.216912 0.284314 0.008824 0.024837
