0 0.328385 0.493981 0.041146 0.058333
3 0.757031 0.916667 0.050521 0.164815
4 0.447135 0.940741 0.165104 0.118519
4 0.391927 0.800463 0.106771 0.158333
4 0.112240 0.636111 0.079687 0.098148
4 0.235156 0.596296 0.046354 0.059259
4 0.275000 0.533796 0.022917 0.028704
4 0.182031 0.546296 0.032813 0.051852
4 0.370573 0.689815 0.070312 0.094444
4 0.363281 0.642130 0.056771 0.091667
4 0.352865 0.612963 0.041146 0.068519
4 0.347135 0.589815 0.035937 0.051852
4 0.346875 0.575463 0.031250 0.054630
4 0.342187 0.562963 0.027083 0.050000
4 0.342448 0.537963 0.025521 0.025926
4 0.300260 0.500926 0.011979 0.014815
4 0.238281 0.515741 0.018229 0.027778
4 0.258594 0.517130 0.015104 0.021296
4 0.269531 0.506944 0.016146 0.013889
4 0.278906 0.497222 0.011979 0.011111
1 0.476562 0.760185 0.026042 0.150000
1 0.440625 0.769444 0.023958 0.125926
1 0.301302 0.618981 0.015104 0.058333
1 0.311458 0.566204 0.010417 0.032407
10 0.311719 0.581019 0.011979 0.036111
10 0.302865 0.638889 0.018229 0.055556
1 0.401042 0.559259 0.009375 0.046296
