0 0.483456 0.104575 0.047794 0.073203
0 0.409191 0.172549 0.030147 0.041830
0 0.534191 0.162092 0.024265 0.044444
4 0.444853 0.172549 0.008824 0.013072
4 0.440074 0.185621 0.015441 0.018301
1 0.460294 0.197386 0.004412 0.015686
4 0.484926 0.195425 0.011029 0.014379
4 0.510294 0.192157 0.010294 0.015686
1 0.498529 0.184967 0.004412 0.011765
1 0.500000 0.198039 0.004412 0.019608
2 0.501471 0.306536 0.005882 0.014379
10 0.500368 0.315686 0.008088 0.022222
2 0.500735 0.313072 0.004412 0.014379
4 0.517279 0.230065 0.013971 0.018301
4 0.525735 0.271895 0.014706 0.026144
1 0.533088 0.263399 0.005882 0.022222
4 0.528309 0.309150 0.018382 0.030065
4 0.534559 0.344444 0.023529 0.035294
4 0.570956 0.481046 0.033088 0.054902
4 0.548897 0.198693 0.015441 0.015686
4 0.555882 0.216340 0.014706 0.019608
4 0.572426 0.212418 0.015441 0.014379
1 0.559191 0.238562 0.005147 0.019608
4 0.574632 0.235948 0.022794 0.014379
7 0.568015 0.246405 0.009559 0.011765
6 0.573529 0.251634 0.011765 0.016993
4 0.580882 0.263399 0.014706 0.019608
4 0.599265 0.279085 0.036765 0.022222
5 0.604044 0.311765 0.018382 0.035294
4 0.616544 0.339216 0.022794 0.032680
5 0.633088 0.352288 0.020588 0.035294
5 0.643015 0.391503 0.027206 0.043137
5 0.673897 0.437255 0.031618 0.061438
4 0.687132 0.496732 0.041912 0.054902
2 0.572059 0.287582 0.004412 0.013072
2 0.570956 0.283660 0.005147 0.015686
10 0.570588 0.292157 0.005882 0.016993
2 0.612132 0.396732 0.006618 0.016993
10 0.612132 0.407190 0.005147 0.019608
2 0.634191 0.442484 0.009559 0.024837
2 0.636029 0.451634 0.005882 0.016993
10 0.633824 0.454902 0.010294 0.028758
10 0.712132 0.521569 0.025735 0.020915
4 0.722059 0.554248 0.045588 0.060131
2 0.696691 0.585621 0.011029 0.036601
3 0.694853 0.606536 0.013235 0.044444
4 0.429412 0.209804 0.008824 0.019608
4 0.421691 0.234641 0.012500 0.019608
8 0.445221 0.221569 0.009559 0.024837
1 0.435662 0.210458 0.003676 0.018301
2 0.423162 0.256863 0.005147 0.019608
10 0.422794 0.262745 0.011765 0.013072
4 0.481250 0.340523 0.021324 0.037908
2 0.449632 0.258824 0.005147 0.013072
2 0.450368 0.256863 0.005147 0.014379
10 0.450000 0.267320 0.005882 0.016993
2 0.707353 0.358170 0.008824 0.026144
2 0.727941 0.390196 0.007353 0.027451
2 0.777941 0.452288 0.011765 0.031373
1 0.781250 0.458824 0.006618 0.033987
4 0.763235 0.635294 0.058824 0.073203
7 0.804044 0.714379 0.059559 0.087582
7 0.861765 0.705229 0.063235 0.069281
7 0.918015 0.758170 0.041912 0.070588
4 0.863971 0.818301 0.083824 0.130719
1 0.808456 0.818301 0.013971 0.075817
1 0.790074 0.808497 0.018382 0.077124
2 0.571691 0.679085 0.013971 0.037908
7 0.575000 0.706536 0.027941 0.071895
4 0.348162 0.900654 0.075735 0.193464
4 0.390809 0.203268 0.012500 0.019608
4 0.386765 0.210458 0.013235 0.015686
4 0.379412 0.226797 0.013235 0.016993
4 0.367279 0.237255 0.015441 0.019608
4 0.364338 0.211765 0.024265 0.015686
8 0.363603 0.262745 0.011029 0.023529
4 0.323897 0.262745 0.028676 0.020915
7 0.344118 0.250327 0.017647 0.011765
1 0.342647 0.243791 0.002941 0.011765
4 0.021324 0.416340 0.042647 0.045752
4 0.104779 0.523529 0.078676 0.066667
4 0.183456 0.425490 0.065441 0.048366
4 0.255882 0.398693 0.033824 0.047059
4 0.311397 0.320915 0.024265 0.032680
4 0.309559 0.307190 0.044118 0.028758
4 0.326471 0.294771 0.017647 0.027451
9 0.046324 0.692157 0.092647 0.231373
2 0.114706 0.726144 0.014706 0.056209
8 0.109926 0.756209 0.037500 0.074510
