1 0.018750 0.568627 0.027206 0.078431
4 0.179044 0.686275 0.112500 0.172549
4 0.067279 0.806536 0.106618 0.190850
10 0.005882 0.843791 0.011765 0.111111
1 0.059926 0.975817 0.025735 0.048366
1 0.273162 0.976471 0.021324 0.047059
10 0.328676 0.444444 0.029412 0.036601
10 0.394118 0.612418 0.022059 0.079739
2 0.394485 0.590196 0.019853 0.056209
2 0.393382 0.579739 0.016176 0.053595
4 0.433824 0.798039 0.092647 0.257516
4 0.550000 0.613072 0.057353 0.180392
4 0.536029 0.327451 0.041176 0.105882
4 0.525000 0.224183 0.038235 0.087582
4 0.502941 0.077778 0.027941 0.053595
4 0.508088 0.134641 0.032353 0.086275
4 0.498897 0.024837 0.027206 0.049673
1 0.828676 0.611111 0.030882 0.069281
4 0.944853 0.738562 0.105882 0.120261
10 0.957353 0.612418 0.052941 0.058824
1 0.962868 0.439869 0.024265 0.069281
10 0.535662 0.058824 0.011029 0.036601
2 0.534191 0.049673 0.012500 0.036601
10 0.577941 0.041830 0.008824 0.033987
2 0.577941 0.032680 0.010294 0.033987
1 0.598529 0.013072 0.007353 0.026144
5 0.661029 0.030065 0.057353 0.054902
1 0.628676 0.061438 0.007353 0.041830
2 0.644118 0.076471 0.007353 0.022222
2 0.640441 0.069281 0.007353 0.023529
3 0.653676 0.173203 0.010294 0.043137
2 0.656250 0.161438 0.009559 0.037908
10 0.687868 0.121569 0.024265 0.033987
10 0.723529 0.216993 0.027941 0.041830
10 0.712132 0.213072 0.030147 0.033987
10 0.754412 0.141830 0.025000 0.032680
10 0.743750 0.128105 0.021324 0.031373
