1 0.011397 0.968627 0.018382 0.062745
4 0.053309 0.936601 0.106618 0.126797
5 0.290074 0.914379 0.074265 0.171242
1 0.272426 0.568627 0.013971 0.057516
10 0.101103 0.479085 0.021324 0.043137
10 0.028676 0.526144 0.030882 0.045752
10 0.035662 0.516993 0.033088 0.030065
7 0.169118 0.524837 0.036765 0.074510
9 0.240809 0.420915 0.096324 0.188235
4 0.239338 0.352941 0.034559 0.054902
5 0.361397 0.454902 0.037500 0.088889
4 0.325735 0.373203 0.032353 0.066667
4 0.367279 0.359477 0.030147 0.057516
4 0.287500 0.301307 0.035294 0.050980
1 0.296324 0.301961 0.013235 0.026144
2 0.321691 0.305229 0.009559 0.032680
2 0.343750 0.279085 0.008088 0.032680
2 0.334926 0.262092 0.009559 0.032680
2 0.334559 0.256863 0.007353 0.024837
2 0.309926 0.247059 0.008088 0.033987
2 0.307721 0.235294 0.006618 0.028758
10 0.322794 0.315686 0.010294 0.032680
10 0.343382 0.289542 0.008824 0.027451
10 0.333824 0.269281 0.007353 0.023529
3 0.309559 0.258170 0.007353 0.022222
3 0.307721 0.247712 0.008088 0.024837
4 0.281618 0.255556 0.026471 0.045752
5 0.276838 0.232026 0.049265 0.048366
5 0.232353 0.226144 0.054412 0.041830
5 0.380882 0.262092 0.025000 0.058824
4 0.283088 0.171242 0.041176 0.033987
2 0.247794 0.160784 0.007353 0.015686
4 0.313971 0.173856 0.020588 0.033987
4 0.336397 0.180392 0.019853 0.036601
4 0.345221 0.158170 0.018382 0.033987
1 0.306618 0.160131 0.005882 0.022222
1 0.313235 0.156209 0.005882 0.024837
1 0.320956 0.152941 0.005147 0.020915
1 0.324265 0.163399 0.005882 0.026144
1 0.328309 0.156209 0.005147 0.030065
1 0.331985 0.159477 0.005147 0.026144
2 0.368382 0.149020 0.007353 0.023529
2 0.376103 0.096732 0.005147 0.018301
10 0.368382 0.156209 0.005882 0.019608
10 0.376471 0.101961 0.005882 0.015686
1 0.355147 0.111765 0.002941 0.019608
1 0.351838 0.109804 0.003676 0.020915
1 0.352206 0.104575 0.004412 0.018301
1 0.360662 0.092157 0.003676 0.019608
1 0.363603 0.083007 0.003676 0.022222
1 0.367647 0.091503 0.004412 0.023529
1 0.368750 0.081699 0.003676 0.019608
1 0.338603 0.090196 0.005147 0.023529
4 0.344853 0.104575 0.017647 0.026144
4 0.291912 0.129412 0.041176 0.026144
4 0.300000 0.116993 0.038235 0.024837
4 0.315809 0.103268 0.036029 0.023529
5 0.308456 0.085621 0.027206 0.027451
5 0.343750 0.083007 0.033088 0.024837
4 0.353676 0.073856 0.013235 0.022222
5 0.333088 0.055556 0.025000 0.024837
5 0.349632 0.037255 0.025735 0.022222
4 0.367279 0.028758 0.019853 0.018301
4 0.352574 0.019608 0.024265 0.015686
4 0.349632 0.013725 0.025735 0.016993
4 0.354044 0.009804 0.024265 0.014379
1 0.379412 0.026144 0.004412 0.018301
1 0.385662 0.026797 0.005147 0.019608
2 0.370956 0.011765 0.005147 0.015686
10 0.370221 0.015033 0.003676 0.011765
5 0.404779 0.078431 0.013971 0.026144
5 0.442647 0.144444 0.027941 0.040523
5 0.489338 0.188235 0.021324 0.039216
4 0.481618 0.129412 0.017647 0.026144
5 0.463235 0.080392 0.013235 0.027451
4 0.471324 0.041830 0.011765 0.020915
5 0.501471 0.054902 0.011765 0.023529
5 0.525368 0.055556 0.013971 0.019608
7 0.531985 0.073856 0.008088 0.016993
2 0.531618 0.069935 0.004412 0.011765
2 0.495588 0.036601 0.004412 0.013072
10 0.494853 0.040523 0.004412 0.010458
1 0.494485 0.009150 0.003676 0.015686
1 0.505515 0.022876 0.003676 0.016993
2 0.512868 0.164706 0.005147 0.018301
7 0.514338 0.174510 0.015441 0.032680
7 0.529044 0.154902 0.015441 0.037908
4 0.759191 0.918954 0.112500 0.162092
9 0.818382 0.726144 0.166176 0.322876
1 0.866544 0.658170 0.019853 0.064052
1 0.872059 0.689542 0.013235 0.066667
5 0.762132 0.407843 0.063971 0.065359
2 0.648162 0.461438 0.011029 0.031373
2 0.645956 0.450327 0.013971 0.035294
10 0.646324 0.462745 0.010294 0.044444
7 0.706618 0.318301 0.017647 0.035294
1 0.743750 0.326797 0.011029 0.044444
1 0.744853 0.295425 0.007353 0.033987
1 0.751838 0.298039 0.008088 0.039216
3 0.718382 0.288889 0.011765 0.031373
3 0.695588 0.274510 0.011765 0.028758
2 0.681250 0.251634 0.009559 0.022222
1 0.659191 0.249673 0.006618 0.033987
5 0.628309 0.265359 0.022794 0.052288
5 0.647059 0.211111 0.020588 0.043137
5 0.604412 0.215033 0.030882 0.040523
10 0.585662 0.170588 0.016912 0.019608
4 0.572426 0.158824 0.021324 0.030065
10 0.616544 0.160784 0.015441 0.018301
6 0.598897 0.140523 0.040441 0.032680
1 0.554412 0.139869 0.004412 0.026144
7 0.549265 0.142484 0.011765 0.023529
4 0.593382 0.126144 0.029412 0.022222
4 0.586397 0.110458 0.031618 0.022222
5 0.571324 0.101307 0.030882 0.027451
10 0.600000 0.114379 0.013235 0.014379
5 0.572794 0.073856 0.027941 0.024837
5 0.554044 0.055556 0.024265 0.022222
4 0.550368 0.054248 0.024265 0.014379
5 0.550000 0.050980 0.025000 0.020915
5 0.549265 0.044444 0.029412 0.023529
5 0.540809 0.030719 0.024265 0.016993
5 0.541176 0.026797 0.023529 0.019608
5 0.533088 0.022222 0.020588 0.018301
4 0.517647 0.380392 0.030882 0.054902
