5 0.492279 0.036601 0.013971 0.031373
5 0.531250 0.047712 0.015441 0.030065
5 0.523897 0.022222 0.024265 0.028758
8 0.338603 0.242484 0.024265 0.056209
5 0.659926 0.290850 0.059559 0.064052
5 0.648897 0.267974 0.058088 0.052288
4 0.255515 0.602614 0.127206 0.094118
4 0.072059 0.579739 0.136765 0.087582
4 0.197059 0.485621 0.108824 0.092810
2 0.108088 0.641176 0.020588 0.058824
2 0.084926 0.637255 0.022794 0.053595
2 0.096324 0.630719 0.019118 0.053595
4 0.367647 0.873203 0.119118 0.230065
4 0.562500 0.694118 0.123529 0.133333
4 0.462500 0.614379 0.113235 0.091503
1 0.504044 0.888889 0.018382 0.054902
1 0.503309 0.870588 0.022794 0.065359
10 0.502941 0.893464 0.022059 0.092810
4 0.583824 0.283660 0.030882 0.057516
4 0.430882 0.220261 0.027941 0.056209
4 0.414706 0.346405 0.039706 0.075817
4 0.357721 0.331373 0.041912 0.066667
4 0.521691 0.069935 0.016912 0.030065
1 0.415074 0.067320 0.006618 0.030065
1 0.426471 0.028105 0.005882 0.024837
2 0.440441 0.015033 0.004412 0.016993
2 0.469853 0.003922 0.007353 0.007843
1 0.511029 0.077124 0.004412 0.028758
1 0.533088 0.078431 0.005882 0.028758
1 0.537132 0.129412 0.006618 0.033987
1 0.563235 0.098693 0.005882 0.027451
10 0.549632 0.148366 0.011029 0.027451
4 0.583088 0.133987 0.048529 0.037908
4 0.561397 0.048366 0.036029 0.028758
4 0.560294 0.032026 0.026471 0.022222
4 0.525368 0.008497 0.013971 0.016993
4 0.421324 0.013725 0.011765 0.024837
4 0.402574 0.026797 0.033088 0.024837
4 0.398897 0.049020 0.028676 0.024837
4 0.404044 0.063399 0.015441 0.032680
4 0.374265 0.066667 0.038235 0.026144
4 0.381250 0.084967 0.038971 0.028758
4 0.386397 0.098039 0.028676 0.033987
4 0.386765 0.120261 0.025000 0.039216
4 0.379044 0.143137 0.025735 0.040523
4 0.373897 0.172549 0.025735 0.044444
4 0.348162 0.124837 0.037500 0.035294
4 0.319853 0.171242 0.060294 0.036601
4 0.315074 0.208497 0.050735 0.053595
1 0.359559 0.207843 0.007353 0.041830
1 0.368382 0.207843 0.007353 0.041830
1 0.369853 0.200654 0.007353 0.043137
1 0.359926 0.016993 0.003676 0.023529
10 0.377574 0.027451 0.006618 0.018301
10 0.373529 0.023529 0.004412 0.020915
10 0.360662 0.046405 0.006618 0.024837
8 0.256618 0.258170 0.044118 0.048366
4 0.241544 0.282353 0.059559 0.047059
5 0.268015 0.222222 0.084559 0.067974
1 0.206250 0.398039 0.016912 0.058824
10 0.072794 0.282353 0.026471 0.028758
2 0.812132 0.584314 0.015441 0.054902
10 0.805147 0.604575 0.044118 0.035294
4 0.957353 0.588889 0.085294 0.079739
5 0.946691 0.433333 0.106618 0.124183
1 0.941912 0.353595 0.007353 0.032680
1 0.919853 0.340523 0.008824 0.048366
1 0.959191 0.497386 0.015441 0.056209
2 0.943382 0.522222 0.016176 0.050980
1 0.959926 0.509804 0.011029 0.047059
1 0.886765 0.495425 0.008824 0.052288
2 0.757721 0.483007 0.013971 0.037908
10 0.901103 0.361438 0.013971 0.037908
10 0.879044 0.356209 0.015441 0.043137
2 0.767647 0.292157 0.010294 0.032680
2 0.777574 0.284314 0.009559 0.030065
7 0.768382 0.297386 0.035294 0.037908
10 0.738971 0.274510 0.017647 0.033987
10 0.719485 0.263399 0.021324 0.030065
10 0.704044 0.249673 0.018382 0.028758
7 0.652574 0.194118 0.016912 0.037908
1 0.637132 0.175163 0.006618 0.041830
1 0.629044 0.201307 0.006618 0.039216
1 0.622426 0.202614 0.006618 0.033987
4 0.630882 0.249673 0.050000 0.044444
4 0.615074 0.215686 0.065441 0.044444
1 0.589338 0.024837 0.005147 0.026144
