4 0.280147 0.162092 0.039706 0.036601
6 0.550368 0.678431 0.083088 0.235294
10 0.462132 0.625490 0.021324 0.040523
2 0.463971 0.616340 0.011765 0.040523
4 0.916176 0.775163 0.044118 0.109804
4 0.895956 0.330719 0.025735 0.047059
4 0.958824 0.356863 0.026471 0.054902
4 0.889338 0.188889 0.021324 0.035294
5 0.947426 0.194771 0.018382 0.039216
4 0.849632 0.054902 0.015441 0.023529
5 0.953309 0.098693 0.015441 0.030065
5 0.955515 0.066667 0.013971 0.023529
5 0.958088 0.027451 0.011765 0.023529
4 0.878309 0.026797 0.024265 0.014379
1 0.806250 0.137908 0.003676 0.022222
1 0.812868 0.142484 0.005147 0.023529
4 0.828309 0.028105 0.016912 0.014379
1 0.832353 0.007843 0.002941 0.013072
1 0.837868 0.008497 0.003676 0.016993
5 0.750000 0.016993 0.026471 0.023529
10 0.768750 0.037255 0.008088 0.011765
2 0.767279 0.032026 0.003676 0.011765
4 0.802941 0.023529 0.023529 0.015686
4 0.811765 0.022876 0.019118 0.016993
4 0.806618 0.014379 0.019118 0.018301
4 0.816544 0.005882 0.022794 0.011765
10 0.298897 0.894771 0.028676 0.061438
