0 0.629412 0.277778 0.302941 0.158170
0 0.687868 0.432680 0.171324 0.216993
0 0.805515 0.572549 0.137500 0.175163
4 0.402941 0.771242 0.072059 0.125490
4 0.334191 0.644444 0.062500 0.101961
1 0.447059 0.588235 0.011765 0.049673
4 0.254779 0.515033 0.053676 0.091503
7 0.236765 0.606536 0.042647 0.070588
4 0.212500 0.430719 0.050000 0.092810
4 0.180147 0.364706 0.042647 0.073203
4 0.108456 0.813725 0.052206 0.118954
4 0.055882 0.735294 0.054412 0.113725
1 0.008456 0.370588 0.015441 0.048366
4 0.044485 0.130719 0.036029 0.049673
10 0.112132 0.958170 0.022794 0.078431
5 0.913603 0.471895 0.055147 0.078431
5 0.974632 0.444444 0.046324 0.088889
5 0.950368 0.401961 0.052206 0.087582
1 0.958824 0.779739 0.019118 0.058824
10 0.831618 0.860784 0.020588 0.058824
2 0.833456 0.845098 0.018382 0.048366
10 0.895956 0.620261 0.022794 0.035294
2 0.899632 0.611765 0.013971 0.039216
5 0.697794 0.592810 0.075000 0.087582
4 0.434191 0.300654 0.046324 0.054902
4 0.534559 0.190196 0.044118 0.032680
4 0.645956 0.182353 0.033088 0.045752
4 0.626103 0.171242 0.036029 0.039216
4 0.605147 0.155556 0.047059 0.044444
4 0.514338 0.171242 0.043382 0.041830
4 0.588603 0.141176 0.037500 0.039216
4 0.582353 0.123529 0.036765 0.037908
4 0.544118 0.107843 0.036765 0.040523
4 0.384191 0.158824 0.041912 0.040523
1 0.358088 0.162745 0.011765 0.032680
6 0.358088 0.116993 0.047059 0.045752
4 0.440074 0.117647 0.046324 0.033987
4 0.487500 0.059477 0.038235 0.035294
4 0.480882 0.094118 0.038235 0.031373
4 0.516912 0.079739 0.032353 0.033987
1 0.322426 0.177778 0.011029 0.036601
1 0.318382 0.161438 0.008824 0.043137
1 0.329779 0.163399 0.012500 0.049673
7 0.286397 0.113072 0.022794 0.040523
1 0.263603 0.109150 0.011029 0.032680
4 0.385662 0.076471 0.038971 0.043137
6 0.336397 0.037908 0.044853 0.052288
4 0.415809 0.013725 0.028676 0.027451
