0 0.150000 0.204630 0.056250 0.038889
1 0.142708 0.258333 0.004167 0.020370
1 0.153125 0.291667 0.006250 0.024074
1 0.157812 0.291667 0.005208 0.020370
5 0.164062 0.311111 0.028125 0.037037
0 0.139583 0.347222 0.018750 0.027778
1 0.174479 0.454630 0.009375 0.042593
1 0.158854 0.444444 0.007292 0.033333
1 0.163021 0.446296 0.007292 0.033333
8 0.162500 0.467593 0.022917 0.053704
5 0.108333 0.490741 0.064583 0.096296
1 0.092708 0.470370 0.006250 0.033333
10 0.006250 0.572222 0.012500 0.037037
10 0.009896 0.594444 0.009375 0.029630
10 0.018229 0.600926 0.017708 0.053704
2 0.006250 0.688889 0.012500 0.044444
2 0.017188 0.667593 0.013542 0.031481
2 0.040104 0.663889 0.017708 0.042593
0 0.067187 0.575000 0.065625 0.068519
10 0.115625 0.554630 0.018750 0.031481
0 0.138021 0.549074 0.021875 0.016667
1 0.156250 0.566667 0.012500 0.048148
8 0.143229 0.590741 0.026042 0.066667
7 0.120833 0.613889 0.039583 0.053704
1 0.172396 0.624074 0.007292 0.029630
1 0.180208 0.618519 0.010417 0.051852
2 0.182812 0.591667 0.015625 0.038889
0 0.293750 0.212963 0.056250 0.048148
0 0.330729 0.295370 0.030208 0.020370
10 0.214062 0.437963 0.023958 0.035185
1 0.201563 0.448148 0.007292 0.040741
2 0.203125 0.480556 0.014583 0.024074
1 0.209896 0.513889 0.009375 0.046296
2 0.204167 0.512037 0.006250 0.016667
1 0.200521 0.520370 0.005208 0.037037
3 0.204167 0.525926 0.008333 0.033333
0 0.231250 0.556481 0.012500 0.042593
2 0.256250 0.534259 0.018750 0.024074
2 0.278125 0.535185 0.012500 0.037037
2 0.291146 0.532407 0.011458 0.042593
1 0.255208 0.669444 0.012500 0.050000
2 0.227604 0.981481 0.015625 0.033333
0 0.253646 0.450000 0.015625 0.025926
0 0.242188 0.475926 0.036458 0.022222
1 0.238542 0.442593 0.008333 0.037037
1 0.241146 0.432407 0.009375 0.035185
2 0.230208 0.454630 0.010417 0.020370
1 0.259896 0.437037 0.005208 0.029630
1 0.317188 0.465741 0.007292 0.024074
1 0.306250 0.460185 0.008333 0.038889
1 0.317188 0.444444 0.007292 0.033333
0 0.379688 0.340741 0.036458 0.033333
2 0.382812 0.423148 0.007292 0.031481
2 0.390625 0.421296 0.008333 0.027778
2 0.394271 0.412037 0.013542 0.027778
1 0.371354 0.406481 0.005208 0.020370
2 0.367708 0.414815 0.008333 0.022222
10 0.363542 0.429630 0.012500 0.025926
1 0.426042 0.392593 0.008333 0.029630
1 0.426042 0.408333 0.006250 0.027778
1 0.410938 0.450000 0.009375 0.037037
1 0.381771 0.462037 0.009375 0.035185
1 0.358854 0.484259 0.009375 0.035185
1 0.395833 0.493519 0.010417 0.042593
2 0.380729 0.523148 0.011458 0.031481
2 0.404687 0.512037 0.007292 0.024074
1 0.415625 0.510185 0.010417 0.042593
1 0.433854 0.498148 0.009375 0.040741
10 0.310937 0.522222 0.011458 0.033333
10 0.330729 0.514815 0.013542 0.033333
10 0.345313 0.507407 0.011458 0.033333
0 0.381771 0.494444 0.015625 0.025926
1 0.372396 0.471296 0.009375 0.042593
0 0.409375 0.479630 0.012500 0.018519
0 0.448437 0.474074 0.017708 0.037037
2 0.467708 0.471296 0.010417 0.031481
2 0.479687 0.464815 0.011458 0.033333
2 0.492708 0.463889 0.008333 0.035185
1 0.468750 0.452778 0.006250 0.031481
0 0.509375 0.453704 0.016667 0.037037
1 0.556771 0.450000 0.007292 0.040741
0 0.477604 0.497222 0.023958 0.020370
1 0.540104 0.512037 0.007292 0.042593
2 0.525521 0.515741 0.009375 0.031481
1 0.510938 0.532407 0.005208 0.016667
2 0.505729 0.525000 0.007292 0.016667
1 0.501563 0.524074 0.009375 0.044444
1 0.490625 0.523148 0.010417 0.024074
1 0.486979 0.533333 0.009375 0.048148
1 0.530729 0.560185 0.007292 0.024074
1 0.582812 0.583333 0.011458 0.037037
1 0.610938 0.588889 0.015625 0.037037
1 0.668229 0.575000 0.011458 0.031481
1 0.666146 0.604630 0.007292 0.024074
2 0.705208 0.625926 0.010417 0.029630
2 0.722917 0.630556 0.012500 0.035185
1 0.764062 0.581481 0.011458 0.048148
2 0.756771 0.476852 0.005208 0.016667
1 0.758333 0.489815 0.008333 0.038889
1 0.592187 0.421296 0.007292 0.035185
1 0.606250 0.420370 0.010417 0.037037
1 0.564063 0.418519 0.009375 0.033333
0 0.508854 0.295370 0.040625 0.035185
5 0.528125 0.285185 0.025000 0.037037
0 0.551042 0.271296 0.016667 0.050000
5 0.590104 0.295370 0.046875 0.046296
1 0.610938 0.331481 0.005208 0.022222
1 0.617188 0.333333 0.005208 0.029630
0 0.653125 0.297222 0.064583 0.101852
5 0.490625 0.243519 0.037500 0.027778
2 0.440104 0.721296 0.015625 0.046296
1 0.422917 0.719444 0.008333 0.046296
1 0.410417 0.712037 0.010417 0.064815
1 0.417187 0.693519 0.009375 0.042593
1 0.423958 0.699074 0.008333 0.031481
1 0.440104 0.702778 0.007292 0.031481
1 0.447396 0.699074 0.007292 0.027778
1 0.455208 0.684259 0.008333 0.031481
1 0.453646 0.725926 0.007292 0.029630
1 0.461458 0.720370 0.008333 0.029630
1 0.465104 0.704630 0.007292 0.024074
1 0.469271 0.684259 0.007292 0.046296
1 0.495312 0.748148 0.011458 0.059259
1 0.495312 0.846296 0.013542 0.070370
1 0.603646 0.717593 0.009375 0.061111
1 0.615104 0.741667 0.011458 0.061111
1 0.627604 0.734259 0.013542 0.061111
1 0.668750 0.754630 0.010417 0.061111
1 0.697917 0.721296 0.016667 0.057407
1 0.709896 0.753704 0.011458 0.048148
1 0.712500 0.737037 0.014583 0.055556
1 0.720313 0.788889 0.009375 0.040741
3 0.747396 0.648148 0.032292 0.029630
1 0.799479 0.690741 0.009375 0.037037
1 0.811979 0.706481 0.009375 0.035185
2 0.820312 0.809259 0.017708 0.048148
2 0.805729 0.757407 0.007292 0.025926
1 0.807292 0.773148 0.016667 0.061111
1 0.835417 0.717593 0.012500 0.061111
1 0.837500 0.715741 0.010417 0.046296
1 0.942187 0.452778 0.007292 0.042593
1 0.929167 0.450000 0.012500 0.044444
0 0.900000 0.441667 0.027083 0.057407
0 0.938542 0.531481 0.050000 0.070370
1 0.966667 0.558333 0.012500 0.050000
1 0.894271 0.538889 0.011458 0.051852
1 0.933854 0.639815 0.015625 0.057407
1 0.980208 0.797222 0.016667 0.068519
1 0.957812 0.954630 0.017708 0.061111
1 0.942708 0.935185 0.025000 0.074074
2 0.937500 0.983333 0.016667 0.033333
1 0.991146 0.676852 0.015625 0.057407
