4 0.659191 0.901307 0.190441 0.181699
4 0.942647 0.863399 0.114706 0.231373
4 0.084191 0.018954 0.047794 0.037908
1 0.218750 0.015686 0.012500 0.031373
1 0.455147 0.112418 0.010294 0.033987
10 0.455515 0.118954 0.033088 0.033987
4 0.623529 0.153595 0.069118 0.056209
4 0.770221 0.263399 0.066912 0.077124
5 0.872794 0.439216 0.055882 0.130719
7 0.980147 0.534641 0.039706 0.094118
2 0.983088 0.508497 0.020588 0.031373
2 0.985294 0.369281 0.016176 0.032680
2 0.969118 0.354902 0.016176 0.037908
7 0.975735 0.383007 0.048529 0.078431
4 0.784926 0.101307 0.052206 0.045752
4 0.745956 0.062745 0.031618 0.049673
1 0.754044 0.064052 0.013971 0.028758
0 0.433456 0.026797 0.371324 0.053595
0 0.909191 0.083007 0.181618 0.166013
0 0.784559 0.033333 0.045588 0.066667
4 0.743382 0.013072 0.022059 0.026144
