1 0.059926 0.083660 0.015441 0.044444
2 0.062868 0.073856 0.011029 0.024837
1 0.072059 0.073203 0.016176 0.041830
3 0.072426 0.088235 0.022794 0.035294
4 0.122059 0.110458 0.063235 0.082353
4 0.200735 0.081046 0.063235 0.086275
4 0.237868 0.128105 0.037500 0.099346
2 0.115441 0.186275 0.014706 0.035294
10 0.115809 0.197386 0.024265 0.036601
4 0.027574 0.295425 0.055147 0.094118
4 0.067279 0.471895 0.088971 0.115033
4 0.157721 0.415033 0.087500 0.111111
4 0.026838 0.675817 0.053676 0.130719
1 0.250000 0.880392 0.014706 0.037908
1 0.419485 0.086928 0.009559 0.045752
4 0.296691 0.182353 0.061029 0.111111
4 0.431985 0.276471 0.066912 0.082353
4 0.496324 0.588889 0.091176 0.113725
5 0.352941 0.610458 0.094118 0.135948
2 0.312132 0.696732 0.011029 0.036601
2 0.320588 0.705229 0.014706 0.050980
2 0.325000 0.701307 0.008824 0.027451
10 0.324265 0.709804 0.027941 0.041830
4 0.543750 0.832026 0.111029 0.160784
2 0.597426 0.283660 0.012500 0.033987
2 0.604044 0.354248 0.011029 0.033987
2 0.598529 0.363399 0.014706 0.039216
2 0.612868 0.380392 0.012500 0.044444
2 0.619853 0.432026 0.019118 0.043137
2 0.627574 0.417647 0.008088 0.024837
2 0.644118 0.181046 0.014706 0.045752
10 0.642279 0.191503 0.018382 0.035294
10 0.596691 0.299346 0.013971 0.033987
10 0.598529 0.373856 0.019118 0.041830
10 0.610662 0.392157 0.021324 0.044444
10 0.620221 0.441176 0.018382 0.043137
4 0.650000 0.244444 0.060294 0.112418
4 0.706985 0.128758 0.053676 0.095425
5 0.709191 0.243137 0.052206 0.112418
4 0.751838 0.169935 0.050735 0.096732
4 0.798529 0.048366 0.048529 0.096732
4 0.848162 0.164052 0.047794 0.095425
2 0.906985 0.198039 0.015441 0.043137
3 0.905515 0.208497 0.015441 0.037908
