0 0.116176 0.286928 0.232353 0.108497
0 0.478309 0.233987 0.131618 0.065359
0 0.838603 0.033333 0.111029 0.061438
0 0.777941 0.109804 0.083824 0.088889
0 0.847059 0.088235 0.080882 0.043137
4 0.736397 0.154902 0.025735 0.024837
4 0.708088 0.183007 0.038235 0.028758
6 0.668750 0.179085 0.038971 0.036601
4 0.680882 0.227451 0.029412 0.047059
4 0.659191 0.273856 0.040441 0.045752
10 0.634191 0.232026 0.012500 0.024837
10 0.625000 0.177778 0.008824 0.020915
2 0.625368 0.171895 0.006618 0.022222
10 0.577206 0.154902 0.011765 0.019608
0 0.553309 0.175163 0.021324 0.028758
3 0.541176 0.194118 0.016176 0.019608
1 0.473162 0.192810 0.006618 0.035294
1 0.480515 0.199346 0.006618 0.032680
4 0.897794 0.079739 0.008824 0.013072
4 0.893382 0.098039 0.010294 0.018301
1 0.909559 0.096732 0.002941 0.015686
1 0.906250 0.094771 0.003676 0.014379
4 0.852574 0.121569 0.013971 0.018301
4 0.887132 0.140523 0.015441 0.019608
4 0.848529 0.160784 0.016176 0.023529
4 0.852206 0.169281 0.017647 0.030065
4 0.855515 0.181046 0.019853 0.035294
4 0.699632 0.362092 0.062500 0.065359
4 0.851471 0.194118 0.019118 0.027451
4 0.852941 0.211111 0.022059 0.035294
4 0.853309 0.230065 0.024265 0.044444
4 0.852941 0.252288 0.025000 0.039216
4 0.844118 0.273203 0.029412 0.052288
4 0.840809 0.309804 0.034559 0.054902
4 0.843382 0.345098 0.038235 0.067974
4 0.834559 0.394771 0.041176 0.067974
4 0.846691 0.454902 0.047794 0.086275
4 0.780515 0.361438 0.036029 0.066667
4 0.765809 0.398039 0.043382 0.084967
4 0.748529 0.464052 0.050000 0.096732
5 0.823897 0.498039 0.050735 0.128105
1 0.975735 0.663399 0.033824 0.092810
10 0.950000 0.730065 0.080882 0.087582
2 0.954044 0.721569 0.031618 0.083660
3 0.838235 0.638562 0.033824 0.056209
1 0.835294 0.632026 0.025000 0.084967
1 0.807721 0.628105 0.024265 0.074510
2 0.784559 0.639216 0.014706 0.054902
1 0.763603 0.628758 0.019853 0.083660
3 0.769118 0.635948 0.045588 0.069281
4 0.659559 0.451634 0.051471 0.084967
10 0.687500 0.560784 0.044118 0.060131
2 0.706618 0.559477 0.019118 0.060131
1 0.689706 0.553595 0.017647 0.079739
1 0.684559 0.548366 0.013235 0.061438
10 0.427206 0.883007 0.039706 0.118954
2 0.431618 0.866667 0.030882 0.125490
1 0.437868 0.473856 0.012500 0.066667
0 0.472059 0.272549 0.061765 0.027451
10 0.697426 0.296078 0.011029 0.032680
2 0.697059 0.292157 0.007353 0.027451
2 0.698897 0.289542 0.008088 0.037908
1 0.616544 0.292157 0.013971 0.045752
1 0.610294 0.252288 0.007353 0.044444
1 0.605882 0.284314 0.008824 0.045752
1 0.598529 0.292157 0.007353 0.045752
1 0.599265 0.284314 0.005882 0.043137
10 0.601471 0.352288 0.014706 0.037908
2 0.601838 0.343137 0.011029 0.053595
10 0.577206 0.366667 0.025000 0.037908
2 0.576471 0.359477 0.013235 0.052288
10 0.557721 0.261438 0.016912 0.026144
10 0.590441 0.462745 0.014706 0.052288
2 0.590809 0.449020 0.013971 0.053595
10 0.506618 0.487582 0.025000 0.049673
2 0.505515 0.473856 0.018382 0.061438
2 0.015441 0.362092 0.013235 0.044444
2 0.023897 0.359477 0.008088 0.039216
0 0.125368 0.337255 0.097794 0.039216
10 0.101103 0.366013 0.018382 0.044444
10 0.126471 0.369281 0.016176 0.037908
10 0.140441 0.367320 0.019118 0.047059
10 0.161397 0.364052 0.016912 0.045752
10 0.193750 0.367320 0.011029 0.044444
10 0.182353 0.348366 0.008824 0.040523
10 0.203676 0.344444 0.007353 0.043137
10 0.214338 0.364052 0.012500 0.040523
10 0.223897 0.343791 0.011029 0.044444
1 0.236029 0.238562 0.011765 0.043137
4 0.081250 0.464052 0.084559 0.088889
4 0.194853 0.468627 0.085294 0.087582
4 0.261397 0.450327 0.072794 0.077124
0 0.268015 0.220261 0.009559 0.043137
1 0.277206 0.224183 0.008824 0.037908
1 0.266176 0.235294 0.010294 0.044444
1 0.295221 0.218301 0.009559 0.044444
2 0.295956 0.235948 0.008088 0.024837
0 0.373897 0.228105 0.019853 0.019608
2 0.404044 0.223529 0.008088 0.023529
2 0.391544 0.226797 0.009559 0.024837
1 0.366544 0.254902 0.005147 0.039216
5 0.508088 0.376471 0.079412 0.081046
1 0.508456 0.326797 0.006618 0.047059
1 0.501103 0.316340 0.008088 0.047059
1 0.493015 0.312418 0.009559 0.049673
10 0.484191 0.328105 0.025735 0.036601
10 0.466176 0.320915 0.020588 0.037908
10 0.466544 0.301307 0.012500 0.035294
3 0.387500 0.285621 0.022059 0.027451
1 0.388235 0.277124 0.010294 0.047059
10 0.406250 0.284967 0.011029 0.031373
1 0.406250 0.283660 0.008088 0.041830
10 0.395956 0.304575 0.009559 0.031373
7 0.393015 0.341176 0.015441 0.041830
10 0.409191 0.321569 0.011029 0.031373
10 0.435294 0.307190 0.022059 0.033987
10 0.443750 0.343791 0.012500 0.039216
3 0.433088 0.359477 0.020588 0.041830
10 0.433088 0.346405 0.008824 0.039216
8 0.420588 0.394118 0.030882 0.069281
8 0.520588 0.296732 0.033824 0.062745
10 0.347426 0.433987 0.016912 0.054902
10 0.296324 0.349673 0.011765 0.045752
2 0.348162 0.421569 0.016912 0.064052
2 0.350000 0.421569 0.010294 0.043137
3 0.358088 0.384314 0.013235 0.047059
10 0.330515 0.381699 0.013971 0.044444
10 0.341912 0.384314 0.013235 0.047059
1 0.354412 0.265359 0.008824 0.039216
1 0.354044 0.260131 0.008088 0.039216
10 0.331250 0.290196 0.011029 0.036601
10 0.340441 0.309150 0.011765 0.037908
3 0.357353 0.288235 0.008824 0.032680
3 0.353676 0.303922 0.010294 0.037908
10 0.359191 0.318954 0.009559 0.036601
3 0.281985 0.341830 0.011029 0.037908
10 0.241176 0.305229 0.010294 0.032680
10 0.240809 0.357516 0.016912 0.043137
10 0.245956 0.335294 0.009559 0.048366
10 0.253676 0.320261 0.011765 0.036601
10 0.258456 0.370588 0.015441 0.048366
3 0.273529 0.349673 0.013235 0.045752
1 0.275368 0.371895 0.011029 0.061438
1 0.273897 0.371242 0.013971 0.052288
