4 0.505515 0.743137 0.125735 0.210458
1 0.392647 0.615033 0.016176 0.079739
3 0.453309 0.622876 0.041912 0.056209
2 0.453676 0.600000 0.020588 0.060131
3 0.506250 0.534641 0.040441 0.057516
2 0.507353 0.532026 0.017647 0.067974
1 0.450368 0.515033 0.012500 0.075817
2 0.473529 0.480392 0.016176 0.045752
1 0.505882 0.501307 0.010294 0.064052
7 0.543015 0.473856 0.047794 0.061438
1 0.606250 0.428758 0.015441 0.070588
1 0.616912 0.975163 0.023529 0.049673
1 0.633824 0.973856 0.014706 0.052288
3 0.690441 0.785621 0.035294 0.086275
2 0.686765 0.766667 0.035294 0.079739
2 0.682353 0.788889 0.014706 0.040523
3 0.796691 0.796078 0.028676 0.075817
1 0.863235 0.664052 0.023529 0.067974
4 0.809559 0.560131 0.105882 0.113725
4 0.814338 0.426797 0.096324 0.103268
5 0.615074 0.292157 0.122794 0.137255
4 0.695588 0.307843 0.085294 0.084967
3 0.723162 0.381699 0.033088 0.039216
1 0.726103 0.360131 0.013971 0.048366
1 0.731985 0.354248 0.009559 0.041830
5 0.918015 0.325490 0.065441 0.117647
7 0.595221 0.358170 0.040441 0.062745
3 0.839706 0.331373 0.033824 0.040523
1 0.846324 0.324837 0.013235 0.056209
1 0.846691 0.311765 0.015441 0.056209
1 0.832353 0.252288 0.010294 0.044444
1 0.847059 0.213725 0.010294 0.045752
1 0.808824 0.221569 0.013235 0.050980
1 0.819118 0.205882 0.011765 0.061438
0 0.759926 0.222876 0.074265 0.069281
0 0.772059 0.266013 0.032353 0.016993
1 0.707721 0.227451 0.009559 0.054902
3 0.691544 0.247059 0.027206 0.041830
4 0.872059 0.182353 0.069118 0.064052
5 0.900000 0.160784 0.070588 0.075817
5 0.926838 0.139869 0.068382 0.062745
4 0.970588 0.114379 0.058824 0.064052
3 0.512132 0.218954 0.015441 0.045752
3 0.533824 0.215033 0.011765 0.043137
1 0.320956 0.433333 0.016912 0.071895
2 0.330147 0.284314 0.016176 0.032680
7 0.381618 0.186928 0.041176 0.041830
2 0.384191 0.167974 0.009559 0.040523
3 0.337868 0.164052 0.024265 0.037908
3 0.308824 0.153595 0.023529 0.035294
3 0.285294 0.143791 0.023529 0.039216
1 0.194485 0.337908 0.013971 0.064052
1 0.206250 0.326144 0.013971 0.061438
5 0.261765 0.245752 0.080882 0.078431
5 0.238603 0.215033 0.077206 0.098039
4 0.213235 0.198693 0.079412 0.075817
4 0.161765 0.276471 0.061765 0.087582
4 0.094118 0.197386 0.052941 0.078431
4 0.162132 0.153595 0.091912 0.069281
4 0.067279 0.022222 0.071324 0.044444
10 0.026471 0.050327 0.017647 0.032680
1 0.077941 0.144444 0.011765 0.048366
1 0.085294 0.147059 0.013235 0.053595
1 0.150735 0.094118 0.011765 0.041830
1 0.160294 0.115686 0.008824 0.043137
1 0.173897 0.120915 0.012500 0.045752
7 0.199265 0.092157 0.027941 0.043137
3 0.180147 0.063399 0.011765 0.030065
3 0.161765 0.051634 0.017647 0.019608
