4 0.247794 0.804575 0.123529 0.171242
4 0.335294 0.618301 0.054412 0.115033
4 0.226838 0.647059 0.086029 0.125490
4 0.410294 0.273856 0.029412 0.045752
4 0.499265 0.257516 0.026471 0.052288
4 0.498529 0.198693 0.020588 0.041830
4 0.558456 0.101307 0.013971 0.024837
5 0.523897 0.124837 0.013971 0.032680
4 0.554412 0.047712 0.010294 0.022222
4 0.571324 0.027451 0.010294 0.018301
7 0.549632 0.008497 0.009559 0.016993
4 0.684559 0.075817 0.017647 0.020915
4 0.655882 0.045752 0.014706 0.020915
4 0.636397 0.041176 0.012500 0.014379
4 0.620221 0.018301 0.011029 0.018301
4 0.969485 0.590196 0.058088 0.069281
10 0.486765 0.164706 0.005882 0.020915
1 0.487132 0.155556 0.003676 0.023529
1 0.490074 0.154248 0.003676 0.018301
1 0.528676 0.042484 0.002941 0.022222
4 0.653676 0.007843 0.013235 0.015686
1 0.656985 0.026144 0.003676 0.013072
10 0.657721 0.029412 0.005147 0.011765
4 0.738971 0.049020 0.013235 0.016993
4 0.711029 0.029412 0.017647 0.016993
6 0.969853 0.119608 0.041176 0.040523
