0 0.458854 0.343519 0.080208 0.109259
4 0.320312 0.940741 0.086458 0.096296
4 0.081771 0.896296 0.098958 0.085185
4 0.181771 0.743519 0.076042 0.064815
1 0.206771 0.962963 0.011458 0.062963
2 0.074479 0.844444 0.017708 0.033333
10 0.072396 0.857407 0.032292 0.044444
1 0.107813 0.816667 0.009375 0.055556
1 0.118229 0.817593 0.011458 0.053704
1 0.131771 0.814815 0.013542 0.055556
1 0.145313 0.811111 0.013542 0.051852
1 0.155208 0.787037 0.014583 0.048148
1 0.148958 0.856481 0.012500 0.050000
1 0.286458 0.781481 0.012500 0.051852
1 0.231771 0.839815 0.017708 0.050000
1 0.308854 0.784259 0.009375 0.046296
10 0.221875 0.831481 0.039583 0.048148
10 0.228125 0.854630 0.029167 0.038889
2 0.166667 0.840741 0.016667 0.048148
2 0.185938 0.837037 0.017708 0.044444
10 0.165104 0.851852 0.011458 0.037037
10 0.185938 0.842593 0.017708 0.033333
1 0.263021 0.662037 0.013542 0.042593
1 0.267708 0.657407 0.010417 0.044444
5 0.327083 0.636111 0.035417 0.061111
4 0.476562 0.575000 0.021875 0.042593
2 0.813542 0.864815 0.018750 0.048148
10 0.810417 0.876852 0.045833 0.050000
10 0.869792 0.881481 0.033333 0.040741
2 0.872396 0.871296 0.015625 0.046296
1 0.744792 0.801852 0.010417 0.040741
1 0.821875 0.787037 0.010417 0.044444
2 0.807292 0.831481 0.014583 0.044444
2 0.801042 0.832407 0.014583 0.046296
10 0.806250 0.842593 0.037500 0.040741
1 0.834896 0.826852 0.011458 0.053704
1 0.846875 0.805556 0.010417 0.044444
1 0.859896 0.805556 0.011458 0.040741
2 0.859896 0.834259 0.011458 0.042593
10 0.861458 0.845370 0.033333 0.042593
10 0.836458 0.717593 0.020833 0.038889
1 0.684896 0.662963 0.009375 0.037037
2 0.640625 0.773148 0.012500 0.027778
2 0.630208 0.768519 0.010417 0.029630
1 0.655208 0.710185 0.008333 0.038889
1 0.656250 0.718519 0.008333 0.029630
2 0.399479 0.900926 0.015625 0.050000
2 0.404167 0.915741 0.016667 0.042593
10 0.398958 0.912963 0.029167 0.051852
4 0.544792 0.524074 0.045833 0.037037
5 0.457813 0.411111 0.011458 0.022222
5 0.482812 0.436111 0.011458 0.027778
10 0.767708 0.770370 0.029167 0.040741
2 0.643229 0.877778 0.011458 0.055556
2 0.651042 0.876852 0.012500 0.042593
10 0.641146 0.886111 0.032292 0.035185
2 0.638542 0.848148 0.012500 0.040741
10 0.636979 0.860185 0.034375 0.038889
2 0.614062 0.833333 0.011458 0.040741
10 0.612500 0.836111 0.027083 0.035185
2 0.529687 0.771296 0.011458 0.035185
10 0.529687 0.788889 0.009375 0.033333
10 0.502604 0.716667 0.009375 0.025926
2 0.502083 0.700000 0.010417 0.029630
2 0.463021 0.691667 0.009375 0.027778
2 0.461458 0.704630 0.008333 0.020370
10 0.461458 0.706481 0.008333 0.031481
1 0.572396 0.726852 0.009375 0.035185
7 0.586979 0.742593 0.030208 0.033333
1 0.589063 0.742593 0.013542 0.037037
1 0.593750 0.660185 0.006250 0.035185
1 0.585938 0.681481 0.007292 0.044444
7 0.532292 0.675926 0.031250 0.037037
7 0.513021 0.572222 0.015625 0.029630
10 0.508854 0.548148 0.009375 0.022222
7 0.258854 0.789815 0.021875 0.061111
7 0.292187 0.781481 0.028125 0.044444
2 0.344792 0.747222 0.010417 0.031481
1 0.362500 0.721296 0.010417 0.035185
2 0.374479 0.715741 0.013542 0.020370
1 0.349479 0.731481 0.009375 0.029630
1 0.415625 0.672222 0.008333 0.037037
10 0.292187 0.660185 0.011458 0.027778
10 0.310937 0.667593 0.013542 0.031481
7 0.414583 0.637963 0.016667 0.035185
2 0.027083 0.816667 0.014583 0.037037
10 0.423438 0.576852 0.021875 0.027778
10 0.422396 0.533333 0.013542 0.025926
1 0.442188 0.500000 0.007292 0.025926
2 0.431771 0.503704 0.007292 0.014815
7 0.425521 0.511111 0.026042 0.022222
2 0.468750 0.455556 0.006250 0.018519
2 0.479687 0.472222 0.005208 0.018519
2 0.498958 0.462037 0.006250 0.016667
2 0.459896 0.454630 0.005208 0.016667
