0 0.419531 0.515741 0.113021 0.062963
4 0.327865 0.880556 0.234896 0.238889
4 0.142969 0.862963 0.163021 0.259259
4 0.591146 0.890278 0.159375 0.219444
4 0.401042 0.741667 0.257292 0.153704
4 0.590104 0.736111 0.102083 0.138889
4 0.114062 0.727778 0.226042 0.161111
4 0.170313 0.673148 0.161458 0.111111
5 0.036458 0.618981 0.072917 0.132407
4 0.819271 0.757407 0.231250 0.168519
4 0.755990 0.673611 0.175521 0.125000
4 0.585417 0.673611 0.170833 0.125000
4 0.476823 0.621759 0.081771 0.084259
4 0.397396 0.602315 0.046875 0.069444
1 0.341667 0.625000 0.026042 0.098148
3 0.342187 0.643519 0.036458 0.066667
1 0.306250 0.654630 0.028125 0.111111
10 0.306771 0.669907 0.029167 0.075000
1 0.298438 0.621296 0.014583 0.079630
3 0.302083 0.634722 0.032292 0.047222
1 0.251302 0.618981 0.018229 0.089815
3 0.248177 0.630093 0.030729 0.062037
1 0.886979 0.671759 0.030208 0.102778
3 0.890365 0.690278 0.050521 0.067593
1 0.908333 0.694907 0.020833 0.106481
3 0.912760 0.711574 0.058854 0.075000
1 0.642188 0.636111 0.016667 0.077778
1 0.581510 0.618519 0.015104 0.074074
1 0.355469 0.568981 0.009896 0.052778
1 0.371875 0.568056 0.015625 0.039815
10 0.371615 0.577315 0.015104 0.036111
10 0.304427 0.581944 0.017188 0.039815
10 0.266146 0.578704 0.015625 0.059259
2 0.020573 0.783796 0.039062 0.175000
3 0.020052 0.832407 0.040104 0.161111
5 0.503125 0.582870 0.037500 0.069444
5 0.491146 0.559259 0.033333 0.062963
4 0.423958 0.581019 0.036458 0.060185
1 0.563021 0.586574 0.011458 0.067593
1 0.573958 0.587963 0.010417 0.062963
1 0.689583 0.774537 0.040625 0.136111
10 0.690104 0.815741 0.043750 0.140741
1 0.951562 0.946296 0.070833 0.107407
1 0.836198 0.812037 0.045312 0.183333
3 0.833594 0.863426 0.047396 0.141667
1 0.853906 0.889815 0.056771 0.220370
3 0.857031 0.924537 0.055729 0.150926
1 0.963021 0.903704 0.067708 0.175926
3 0.961198 0.943056 0.072396 0.113889
1 0.760938 0.843519 0.048958 0.187037
3 0.760938 0.887963 0.045833 0.159259
0 0.534375 0.503241 0.015625 0.023148
0 0.566406 0.512963 0.026562 0.027778
0 0.615104 0.524537 0.027083 0.032407
