0 0.535294 0.035294 0.141176 0.062745
4 0.579044 0.601961 0.037500 0.079739
4 0.621691 0.472549 0.034559 0.050980
4 0.712500 0.458824 0.033824 0.049673
4 0.747794 0.538562 0.035294 0.060131
4 0.776103 0.610458 0.050735 0.070588
4 0.808088 0.694771 0.055882 0.087582
4 0.959191 0.850327 0.081618 0.087582
4 0.942647 0.777124 0.098529 0.084967
4 0.928309 0.731373 0.088971 0.061438
4 0.954044 0.466667 0.068382 0.052288
4 0.968750 0.489542 0.062500 0.048366
4 0.975368 0.525490 0.049265 0.060131
4 0.987500 0.557516 0.025000 0.048366
10 0.942279 0.425490 0.025735 0.035294
2 0.412868 0.512418 0.009559 0.033987
10 0.412500 0.522876 0.010294 0.039216
1 0.273529 0.518954 0.010294 0.044444
1 0.205147 0.440523 0.008824 0.041830
4 0.328309 0.258170 0.040441 0.032680
4 0.372794 0.183007 0.033824 0.026144
4 0.375368 0.167974 0.027206 0.024837
4 0.530882 0.137908 0.011765 0.019608
4 0.493750 0.301307 0.019853 0.037908
1 0.499632 0.185621 0.005147 0.020915
4 0.408456 0.111111 0.022794 0.015686
4 0.425000 0.131373 0.011765 0.019608
5 0.427206 0.121569 0.010294 0.020915
4 0.436765 0.103268 0.010294 0.015686
4 0.811765 0.292810 0.036765 0.031373
4 0.799265 0.275163 0.042647 0.035294
4 0.754044 0.210458 0.031618 0.020915
4 0.759191 0.217647 0.031618 0.022222
4 0.760662 0.226797 0.034559 0.024837
4 0.788603 0.259477 0.036029 0.024837
4 0.642279 0.236601 0.024265 0.052288
10 0.319118 0.233333 0.010294 0.019608
10 0.327206 0.224183 0.013235 0.016993
1 0.323529 0.205229 0.004412 0.026144
2 0.331618 0.192810 0.004412 0.014379
1 0.338603 0.205229 0.003676 0.018301
1 0.381985 0.224837 0.003676 0.018301
3 0.292279 0.245098 0.008088 0.022222
2 0.480882 0.120915 0.004412 0.011765
10 0.480882 0.124183 0.002941 0.013072
4 0.523529 0.088889 0.008824 0.013072
4 0.531985 0.081699 0.008088 0.014379
4 0.527206 0.071895 0.007353 0.010458
4 0.554412 0.115686 0.010294 0.014379
4 0.553309 0.107190 0.011029 0.015686
4 0.552941 0.095425 0.008824 0.013072
4 0.548897 0.084967 0.008088 0.015686
2 0.550368 0.126797 0.003676 0.010458
10 0.550368 0.130719 0.003676 0.013072
