1 0.243750 0.679085 0.016912 0.053595
1 0.193750 0.881046 0.021324 0.057516
4 0.309559 0.960131 0.070588 0.079739
10 0.024265 0.973856 0.048529 0.052288
1 0.403676 0.926797 0.014706 0.041830
3 0.404044 0.943791 0.044853 0.049673
1 0.786397 0.935294 0.018382 0.050980
1 0.797059 0.946405 0.022059 0.054902
2 0.805147 0.916340 0.023529 0.033987
1 0.830147 0.843791 0.030882 0.045752
1 0.851103 0.862092 0.019853 0.043137
1 0.833088 0.881699 0.022059 0.040523
1 0.936397 0.562745 0.018382 0.040523
2 0.984191 0.418954 0.024265 0.037908
10 0.979412 0.421569 0.041176 0.040523
1 0.823529 0.404575 0.016176 0.053595
1 0.829779 0.400000 0.018382 0.049673
5 0.872426 0.316340 0.094853 0.083660
1 0.920588 0.202614 0.019118 0.047059
1 0.681618 0.228758 0.010294 0.047059
3 0.685294 0.232680 0.017647 0.049673
4 0.743750 0.247059 0.083088 0.088889
2 0.254779 0.454248 0.009559 0.035294
2 0.253676 0.458170 0.019118 0.058824
10 0.255147 0.458824 0.029412 0.036601
2 0.140074 0.403922 0.016912 0.039216
7 0.137868 0.408497 0.040441 0.040523
2 0.203676 0.218301 0.016176 0.044444
2 0.302206 0.280392 0.013235 0.040523
2 0.315441 0.278431 0.013235 0.031373
10 0.203676 0.226144 0.032353 0.033987
7 0.307721 0.284314 0.040441 0.048366
4 0.039338 0.326797 0.078676 0.086275
4 0.126103 0.177778 0.086029 0.065359
4 0.041176 0.143791 0.082353 0.070588
1 0.105515 0.115686 0.013971 0.050980
7 0.090441 0.079085 0.020588 0.061438
3 0.203676 0.106536 0.014706 0.040523
10 0.215074 0.117647 0.011029 0.041830
10 0.228676 0.113072 0.010294 0.048366
4 0.259926 0.107843 0.043382 0.082353
4 0.315074 0.071895 0.049265 0.083660
2 0.636765 0.093464 0.010294 0.037908
1 0.656250 0.108497 0.013971 0.033987
1 0.666544 0.098039 0.009559 0.047059
10 0.661029 0.103922 0.010294 0.040523
10 0.749632 0.166013 0.030147 0.033987
10 0.756250 0.062745 0.024265 0.033987
10 0.786029 0.079739 0.011765 0.041830
1 0.755515 0.094118 0.012500 0.044444
1 0.770588 0.070588 0.010294 0.031373
1 0.820221 0.024183 0.011029 0.043137
1 0.792647 0.072549 0.010294 0.045752
1 0.809191 0.175163 0.012500 0.044444
1 0.820588 0.171242 0.014706 0.039216
2 0.812868 0.169935 0.012500 0.028758
4 0.569485 0.325490 0.040441 0.117647
