6 0.446354 0.929630 0.061458 0.140741
6 0.445833 0.491667 0.027083 0.053704
4 0.456250 0.857407 0.039583 0.103704
4 0.460938 0.778704 0.036458 0.094444
4 0.468229 0.700926 0.030208 0.075926
4 0.472396 0.643519 0.028125 0.064815
4 0.479167 0.596296 0.025000 0.055556
4 0.478125 0.562963 0.022917 0.051852
4 0.530729 0.554630 0.030208 0.035185
5 0.511979 0.574074 0.030208 0.051852
4 0.478646 0.505556 0.015625 0.037037
4 0.510938 0.449074 0.017708 0.031481
5 0.483333 0.450000 0.014583 0.044444
4 0.503646 0.390741 0.013542 0.022222
4 0.460938 0.411111 0.011458 0.025926
10 0.064583 0.944444 0.025000 0.074074
10 0.032292 0.950000 0.027083 0.085185
7 0.512500 0.327778 0.006250 0.014815
7 0.444792 0.615741 0.012500 0.057407
7 0.411979 0.610185 0.036458 0.035185
7 0.626563 0.900000 0.034375 0.074074
7 0.645833 0.955556 0.050000 0.062963
1 0.535417 0.793519 0.010417 0.035185
1 0.534375 0.782407 0.010417 0.038889
1 0.402604 0.760185 0.011458 0.038889
1 0.402083 0.765741 0.008333 0.031481
1 0.356250 0.972222 0.008333 0.029630
1 0.356250 0.971296 0.018750 0.053704
1 0.359375 0.960185 0.014583 0.042593
10 0.357292 0.975000 0.018750 0.050000
10 0.401562 0.777778 0.013542 0.040741
10 0.380729 0.736111 0.028125 0.024074
10 0.388542 0.705556 0.025000 0.022222
10 0.533333 0.796296 0.012500 0.040741
10 0.477083 0.385185 0.004167 0.014815
10 0.525000 0.366667 0.010417 0.011111
10 0.493750 0.330556 0.004167 0.012963
4 0.509375 0.281481 0.006250 0.011111
1 0.540625 0.413889 0.004167 0.020370
1 0.520833 0.326852 0.004167 0.016667
1 0.491667 0.312963 0.004167 0.011111
1 0.485938 0.325926 0.003125 0.011111
