7 0.812868 0.680392 0.075735 0.155556
7 0.677941 0.521569 0.100000 0.099346
7 0.752574 0.455556 0.087500 0.079739
1 0.773897 0.447712 0.021324 0.064052
7 0.568750 0.446405 0.066912 0.064052
1 0.578309 0.437255 0.015441 0.053595
1 0.550735 0.434641 0.016176 0.040523
10 0.495956 0.501961 0.047794 0.044444
1 0.493382 0.492810 0.020588 0.057516
3 0.293382 0.676471 0.051471 0.056209
1 0.291176 0.684967 0.020588 0.073203
1 0.310662 0.585621 0.015441 0.062745
1 0.309191 0.564052 0.016912 0.066667
2 0.330515 0.578431 0.013971 0.037908
4 0.220221 0.286275 0.109559 0.086275
4 0.543750 0.279085 0.103676 0.077124
4 0.802206 0.390196 0.122059 0.092810
4 0.809191 0.306536 0.116912 0.098039
2 0.696691 0.128105 0.015441 0.028758
1 0.721324 0.131373 0.011765 0.064052
4 0.181250 0.183007 0.100735 0.086275
4 0.310294 0.076471 0.057353 0.098039
1 0.096324 0.138562 0.022059 0.057516
10 0.873529 0.865359 0.060294 0.081046
10 0.954779 0.961438 0.071324 0.058824
10 0.010662 0.326797 0.021324 0.039216
3 0.046324 0.094118 0.014706 0.052288
10 0.026103 0.095425 0.021324 0.052288
7 0.093382 0.042484 0.038235 0.037908
1 0.131250 0.088889 0.016912 0.062745
1 0.149265 0.061438 0.017647 0.054902
1 0.130147 0.030719 0.016176 0.058824
10 0.270588 0.064052 0.020588 0.039216
1 0.270588 0.050980 0.016176 0.049673
1 0.416912 0.024183 0.013235 0.045752
1 0.419485 0.022876 0.015441 0.045752
1 0.580147 0.124183 0.008824 0.054902
1 0.587132 0.115033 0.009559 0.049673
1 0.584559 0.105229 0.008824 0.050980
1 0.723897 0.128758 0.011029 0.053595
