0 0.414323 0.171759 0.151562 0.099074
0 0.249479 0.233796 0.098958 0.054630
0 0.525260 0.203704 0.075521 0.075926
0 0.563802 0.245833 0.126562 0.075000
0 0.548698 0.312500 0.039062 0.086111
0 0.318490 0.263889 0.039062 0.046296
0 0.250781 0.281481 0.099479 0.042593
0 0.271094 0.323611 0.026562 0.034259
0 0.224740 0.399074 0.024479 0.037037
0 0.198698 0.437037 0.028646 0.040741
0 0.615625 0.319444 0.119792 0.074074
0 0.604427 0.394907 0.047396 0.117593
4 0.161198 0.950463 0.074479 0.099074
10 0.054948 0.595370 0.046354 0.038889
3 0.080990 0.609722 0.028646 0.036111
1 0.108854 0.587037 0.011458 0.051852
10 0.146094 0.622222 0.015104 0.035185
2 0.145573 0.612500 0.011979 0.043519
4 0.323698 0.351389 0.020313 0.032407
0 0.253125 0.353704 0.014583 0.016667
3 0.135677 0.462500 0.007812 0.026852
2 0.135937 0.453241 0.007292 0.032407
1 0.184375 0.461574 0.008333 0.034259
2 0.158333 0.411574 0.009375 0.026852
1 0.252865 0.344444 0.004687 0.022222
3 0.248698 0.334722 0.005729 0.019444
2 0.248958 0.331019 0.005208 0.023148
3 0.178385 0.426852 0.009896 0.024074
2 0.177865 0.418519 0.007812 0.027778
3 0.184375 0.402778 0.007292 0.022222
2 0.184375 0.397222 0.006250 0.029630
3 0.194792 0.402315 0.007292 0.023148
2 0.195052 0.393981 0.006771 0.026852
1 0.113802 0.322685 0.004687 0.025000
5 0.135677 0.411111 0.033854 0.057407
5 0.136719 0.393519 0.042188 0.035185
4 0.143490 0.387037 0.038021 0.029630
4 0.152083 0.377778 0.044792 0.025926
4 0.154427 0.367130 0.046354 0.026852
4 0.159635 0.360185 0.044271 0.024074
1 0.139844 0.321759 0.004687 0.021296
1 0.145052 0.321759 0.004687 0.023148
1 0.142708 0.331019 0.005208 0.025000
1 0.147917 0.331481 0.006250 0.025926
1 0.190365 0.266667 0.003646 0.016667
1 0.194271 0.264815 0.005208 0.020370
1 0.215365 0.346759 0.004687 0.026852
0 0.235677 0.337037 0.007812 0.062963
0 0.332813 0.168056 0.034375 0.034259
0 0.310156 0.207870 0.018229 0.030556
4 0.326302 0.230556 0.018229 0.014815
4 0.359896 0.237963 0.016667 0.014815
3 0.228125 0.343056 0.005208 0.017593
2 0.227604 0.338889 0.005208 0.022222
4 0.181510 0.347222 0.044271 0.025926
4 0.188542 0.339352 0.040625 0.025000
4 0.185677 0.334722 0.039062 0.025000
4 0.190625 0.327778 0.042708 0.020370
4 0.197917 0.320833 0.038542 0.021296
4 0.200781 0.310648 0.036979 0.017593
4 0.373958 0.944907 0.061458 0.110185
4 0.609115 0.870833 0.060937 0.121296
4 0.528385 0.790278 0.053646 0.115741
4 0.588802 0.749537 0.067187 0.082407
4 0.595313 0.683796 0.043750 0.071296
4 0.399479 0.618981 0.037500 0.071296
4 0.454688 0.684259 0.037500 0.070370
4 0.580729 0.599074 0.038542 0.059259
4 0.508594 0.639352 0.038021 0.067593
4 0.453906 0.601389 0.032813 0.056481
4 0.408854 0.463426 0.026042 0.041667
4 0.531250 0.493981 0.025000 0.041667
4 0.490104 0.557870 0.029167 0.052778
4 0.495833 0.502778 0.030208 0.042593
4 0.455469 0.547222 0.028646 0.046296
4 0.450000 0.497222 0.027083 0.042593
4 0.481771 0.463426 0.022917 0.041667
4 0.447135 0.460648 0.023438 0.039815
4 0.448698 0.431481 0.021354 0.033333
4 0.447656 0.403704 0.019271 0.027778
4 0.446094 0.384722 0.018229 0.028704
4 0.417187 0.373611 0.019792 0.028704
4 0.419010 0.322685 0.015104 0.023148
4 0.422396 0.290278 0.012500 0.019444
1 0.350260 0.268056 0.002604 0.013889
1 0.352865 0.266204 0.003646 0.017593
0 0.444531 0.262500 0.015104 0.025000
0 0.410417 0.266204 0.012500 0.023148
1 0.885156 0.588889 0.013021 0.046296
1 0.952344 0.812963 0.019271 0.072222
1 0.938021 0.808333 0.019792 0.072222
1 0.902604 0.947685 0.018750 0.084259
1 0.916927 0.949537 0.016146 0.087963
3 0.952083 0.964815 0.027083 0.064815
2 0.954427 0.955556 0.022396 0.059259
3 0.872135 0.853241 0.023438 0.065741
2 0.874479 0.833333 0.020833 0.066667
2 0.904948 0.728704 0.021354 0.044444
1 0.867188 0.720833 0.013542 0.060185
1 0.763542 0.769907 0.014583 0.063889
1 0.772135 0.768056 0.013021 0.063889
10 0.848177 0.730093 0.015104 0.049074
2 0.848958 0.718519 0.013542 0.048148
1 0.732292 0.685185 0.012500 0.051852
4 0.690365 0.698611 0.080729 0.078704
1 0.949740 0.718056 0.010937 0.067593
1 0.946094 0.663889 0.009896 0.055556
1 0.934635 0.673148 0.013021 0.062963
1 0.945833 0.693519 0.012500 0.057407
1 0.785937 0.484722 0.010417 0.039815
1 0.749219 0.452778 0.011979 0.035185
1 0.739323 0.581944 0.010937 0.047222
1 0.751563 0.581481 0.010417 0.050000
1 0.841667 0.543981 0.011458 0.052778
1 0.787760 0.662500 0.013021 0.060185
1 0.773177 0.667593 0.015104 0.061111
1 0.759375 0.669907 0.013542 0.052778
1 0.751302 0.636111 0.010937 0.050000
1 0.759635 0.638426 0.009896 0.041667
1 0.794010 0.611111 0.007812 0.042593
1 0.796875 0.620833 0.010417 0.052778
1 0.820833 0.556019 0.012500 0.041667
1 0.827865 0.554630 0.006771 0.037037
1 0.640104 0.373148 0.005208 0.031481
1 0.657813 0.400926 0.006250 0.031481
2 0.693750 0.558796 0.011458 0.019444
2 0.700521 0.559722 0.014583 0.030556
1 0.717187 0.479630 0.008333 0.037037
1 0.710938 0.492130 0.009375 0.041667
1 0.704948 0.501389 0.007812 0.041667
1 0.698438 0.499537 0.008333 0.047222
1 0.680469 0.548148 0.011979 0.048148
4 0.652083 0.584259 0.075000 0.055556
5 0.647656 0.543981 0.084896 0.056481
4 0.628646 0.521759 0.067708 0.049074
4 0.625000 0.497222 0.059375 0.037037
3 0.688542 0.519444 0.012500 0.033333
2 0.689323 0.507407 0.010937 0.037037
1 0.663802 0.500463 0.007812 0.039815
1 0.682552 0.475463 0.005729 0.036111
1 0.678125 0.482870 0.007292 0.036111
3 0.671615 0.498148 0.009896 0.025926
2 0.672656 0.488889 0.007812 0.033333
1 0.635677 0.410648 0.007812 0.030556
1 0.640625 0.407407 0.008333 0.033333
1 0.663021 0.447685 0.007292 0.036111
1 0.653646 0.446296 0.006250 0.033333
3 0.633854 0.452315 0.007292 0.026852
2 0.635156 0.442593 0.006771 0.025926
10 0.653906 0.478704 0.008854 0.025926
2 0.654167 0.472685 0.006250 0.028704
2 0.655208 0.476852 0.005208 0.024074
0 0.395573 0.228241 0.042188 0.028704
4 0.402865 0.250926 0.017188 0.012963
4 0.425260 0.268519 0.010937 0.016667
5 0.446354 0.360185 0.016667 0.027778
4 0.443750 0.345833 0.016667 0.025000
4 0.445052 0.331481 0.016146 0.024074
4 0.443750 0.319444 0.014583 0.024074
4 0.444010 0.304630 0.013021 0.018519
4 0.441667 0.282870 0.011458 0.013889
4 0.443490 0.289815 0.013021 0.014815
4 0.526042 0.422222 0.019792 0.033333
4 0.519531 0.388889 0.019271 0.029630
4 0.517708 0.358796 0.017708 0.030556
4 0.512760 0.330556 0.016146 0.025926
0 0.527083 0.293056 0.017708 0.025000
4 0.432552 0.225463 0.021354 0.013889
4 0.427604 0.232870 0.015625 0.013889
4 0.453646 0.238426 0.021875 0.015741
4 0.505990 0.312963 0.014063 0.020370
4 0.501563 0.298148 0.013542 0.018519
9 0.483854 0.399074 0.037500 0.090741
9 0.472396 0.338426 0.028125 0.063889
4 0.462240 0.294907 0.014063 0.019444
4 0.460677 0.282870 0.011979 0.019444
4 0.464323 0.306019 0.014063 0.017593
10 0.467969 0.234259 0.006771 0.009259
2 0.468750 0.231944 0.004167 0.012037
4 0.483594 0.242130 0.019271 0.015741
9 0.490885 0.261574 0.019271 0.041667
4 0.491927 0.341204 0.011979 0.025000
4 0.490365 0.326852 0.014063 0.020370
4 0.483594 0.309722 0.013021 0.023148
5 0.482031 0.293981 0.015104 0.025000
4 0.479427 0.285648 0.011979 0.017593
