1 0.552206 0.479085 0.007353 0.035294
1 0.540074 0.567320 0.006618 0.041830
1 0.534191 0.575163 0.006618 0.020915
1 0.378309 0.620261 0.011029 0.037908
2 0.176103 0.578431 0.013971 0.035294
1 0.231618 0.578431 0.007353 0.045752
2 0.224632 0.567320 0.006618 0.023529
1 0.237132 0.517647 0.006618 0.039216
1 0.311029 0.513725 0.008824 0.039216
1 0.326471 0.494771 0.008824 0.037908
3 0.372794 0.490196 0.011765 0.028758
7 0.359191 0.491503 0.022794 0.020915
0 0.324265 0.401961 0.022059 0.022222
4 0.157353 0.277778 0.029412 0.016993
10 0.093015 0.286275 0.009559 0.013072
1 0.381985 0.316340 0.005147 0.020915
2 0.395588 0.383660 0.007353 0.024837
1 0.344118 0.389542 0.004412 0.031373
2 0.347426 0.390196 0.005147 0.016993
1 0.472059 0.368627 0.004412 0.026144
2 0.461397 0.369281 0.005147 0.016993
1 0.456250 0.362092 0.003676 0.015686
4 0.651103 0.254902 0.021324 0.018301
1 0.768382 0.404575 0.004412 0.024837
2 0.770956 0.400654 0.005147 0.011765
0 0.961029 0.277124 0.077941 0.047059
0 0.969485 0.571895 0.034559 0.043137
1 0.787132 0.746405 0.015441 0.052288
4 0.972059 0.323529 0.036765 0.024837
0 0.881985 0.266013 0.037500 0.030065
0 0.911029 0.263399 0.026471 0.019608
5 0.910294 0.282353 0.025000 0.018301
1 0.876471 0.401307 0.004412 0.020915
1 0.873897 0.396078 0.006618 0.026144
1 0.904044 0.516993 0.006618 0.030065
1 0.995221 0.928105 0.008088 0.073203
1 0.986765 0.924183 0.011765 0.049673
4 0.965441 0.822222 0.060294 0.099346
2 0.883456 0.811765 0.015441 0.039216
1 0.928309 0.807190 0.009559 0.056209
1 0.916176 0.800654 0.010294 0.053595
1 0.919853 0.818954 0.016176 0.061438
2 0.920221 0.807190 0.006618 0.032680
7 0.891912 0.841176 0.044118 0.077124
7 0.924632 0.775163 0.034559 0.075817
1 0.907721 0.690850 0.011029 0.050980
5 0.873897 0.666013 0.055147 0.100654
1 0.898529 0.657516 0.007353 0.044444
4 0.991912 0.404575 0.016176 0.040523
1 0.981250 0.432026 0.006618 0.027451
1 0.973897 0.434641 0.006618 0.024837
2 0.960294 0.438562 0.007353 0.019608
5 0.993015 0.468627 0.013971 0.040523
1 0.951103 0.671895 0.013971 0.052288
1 0.962132 0.659477 0.009559 0.048366
1 0.956618 0.645098 0.007353 0.048366
1 0.937500 0.627451 0.010294 0.047059
1 0.920588 0.609150 0.010294 0.049673
4 0.914338 0.602614 0.009559 0.039216
4 0.888971 0.598039 0.047059 0.069281
3 0.983456 0.620261 0.013971 0.032680
1 0.985662 0.618954 0.013971 0.040523
8 0.946324 0.554248 0.027941 0.057516
4 0.959191 0.503268 0.043382 0.044444
1 0.973529 0.505882 0.005882 0.041830
8 0.966912 0.524837 0.032353 0.058824
1 0.983456 0.524183 0.009559 0.031373
1 0.997794 0.529412 0.004412 0.036601
1 0.988235 0.525490 0.010294 0.041830
