4 0.281250 0.484314 0.080147 0.064052
4 0.332721 0.693464 0.050735 0.124183
4 0.491176 0.766013 0.052941 0.133333
4 0.571691 0.791503 0.056618 0.129412
4 0.474265 0.336601 0.023529 0.043137
4 0.477574 0.267320 0.022794 0.032680
4 0.119853 0.388235 0.050000 0.052288
4 0.373897 0.343791 0.025735 0.047059
4 0.415441 0.337255 0.025000 0.049673
4 0.623897 0.305229 0.024265 0.037908
4 0.508824 0.194118 0.013235 0.027451
4 0.416912 0.186275 0.011765 0.024837
4 0.432721 0.196732 0.013971 0.035294
4 0.430882 0.235948 0.020588 0.030065
4 0.431618 0.261438 0.016176 0.031373
4 0.426471 0.296078 0.023529 0.037908
4 0.383824 0.306536 0.025000 0.037908
4 0.395221 0.275817 0.021324 0.039216
4 0.387868 0.203922 0.019853 0.036601
4 0.397059 0.190196 0.011765 0.027451
4 0.401103 0.163399 0.013971 0.031373
4 0.406985 0.135948 0.015441 0.026144
4 0.411029 0.117647 0.013235 0.023529
4 0.258456 0.326144 0.028676 0.050980
4 0.282721 0.266667 0.018382 0.033987
9 0.441912 0.136601 0.022059 0.048366
4 0.591912 0.226144 0.020588 0.039216
4 0.708456 0.349673 0.055147 0.040523
4 0.966544 0.460131 0.058088 0.047059
4 0.904044 0.947059 0.096324 0.105882
4 0.507353 0.147712 0.011765 0.020915
7 0.121691 0.433333 0.047794 0.037908
7 0.181985 0.424183 0.056618 0.032680
7 0.065441 0.394771 0.029412 0.044444
7 0.116176 0.568627 0.025000 0.060131
7 0.148897 0.573856 0.034559 0.081046
1 0.731250 0.606536 0.015441 0.052288
1 0.745221 0.599346 0.008088 0.045752
2 0.672059 0.959477 0.023529 0.062745
1 0.270588 0.416340 0.010294 0.040523
1 0.161029 0.559477 0.014706 0.060131
1 0.123529 0.544444 0.010294 0.030065
1 0.132721 0.559477 0.012500 0.047059
1 0.178309 0.422222 0.008088 0.039216
1 0.103309 0.551634 0.011029 0.044444
3 0.122059 0.327451 0.017647 0.022222
10 0.333824 0.388889 0.011765 0.014379
2 0.334926 0.383007 0.008088 0.039216
10 0.670588 0.973856 0.023529 0.052288
5 0.188971 0.353595 0.055882 0.056209
4 0.206985 0.323529 0.053676 0.056209
1 0.313235 0.208497 0.008824 0.024837
4 0.324265 0.192810 0.017647 0.024837
4 0.519118 0.232026 0.019118 0.032680
4 0.418015 0.093464 0.008088 0.014379
4 0.423162 0.083660 0.011029 0.015686
4 0.424632 0.077124 0.009559 0.020915
4 0.533088 0.080392 0.010294 0.016993
4 0.301103 0.174510 0.015441 0.027451
4 0.337500 0.127451 0.033824 0.024837
4 0.333824 0.179085 0.020588 0.028758
4 0.342647 0.162745 0.014706 0.027451
4 0.350735 0.155556 0.019118 0.023529
4 0.453309 0.049020 0.006618 0.011765
4 0.450368 0.039216 0.005147 0.013072
4 0.454779 0.034641 0.008088 0.011765
10 0.671691 0.240523 0.005147 0.023529
10 0.683456 0.248366 0.009559 0.020915
10 0.691544 0.284314 0.016912 0.019608
10 0.685662 0.281046 0.016912 0.018301
4 0.442279 0.113072 0.012500 0.024837
0 0.637868 0.175163 0.034559 0.062745
0 0.463603 0.016340 0.050735 0.032680
2 0.426103 0.114379 0.005147 0.014379
10 0.426471 0.122876 0.007353 0.013072
1 0.502574 0.118954 0.005147 0.018301
