4 0.456618 0.589542 0.082353 0.172549
4 0.633824 0.625490 0.058824 0.166013
4 0.757721 0.753595 0.081618 0.181699
4 0.465074 0.907190 0.068382 0.185621
4 0.248897 0.342484 0.083088 0.088889
4 0.554044 0.236601 0.038971 0.091503
4 0.658456 0.214379 0.038971 0.078431
4 0.581618 0.116993 0.041176 0.077124
4 0.604412 0.044444 0.032353 0.067974
4 0.433456 0.086275 0.069853 0.065359
4 0.098529 0.301307 0.098529 0.077124
4 0.074632 0.215686 0.090441 0.073203
4 0.048529 0.358170 0.097059 0.091503
7 0.953676 0.909150 0.076471 0.171242
10 0.032721 0.159477 0.015441 0.039216
10 0.052574 0.167320 0.024265 0.044444
1 0.244118 0.216993 0.016176 0.049673
3 0.258824 0.172549 0.010294 0.044444
10 0.241912 0.169281 0.020588 0.043137
10 0.219853 0.174510 0.014706 0.045752
3 0.203676 0.177124 0.008824 0.040523
10 0.190441 0.179085 0.014706 0.039216
1 0.240441 0.143791 0.008824 0.041830
1 0.181618 0.096078 0.008824 0.045752
1 0.182353 0.101307 0.008824 0.035294
10 0.125000 0.441176 0.033824 0.040523
1 0.120221 0.429412 0.019853 0.048366
10 0.048162 0.432680 0.033088 0.049673
1 0.043015 0.419608 0.022794 0.052288
1 0.112132 0.407843 0.015441 0.065359
1 0.196324 0.471895 0.016176 0.062745
1 0.106250 0.664706 0.027206 0.071895
1 0.053676 0.774510 0.026471 0.077124
1 0.072426 0.764706 0.028676 0.075817
1 0.103676 0.801961 0.025000 0.074510
1 0.096691 0.838562 0.019853 0.056209
10 0.178676 0.805882 0.025000 0.077124
1 0.180147 0.783660 0.032353 0.066667
1 0.179412 0.766013 0.019118 0.052288
10 0.401471 0.503922 0.026471 0.069281
1 0.401103 0.492157 0.019853 0.066667
10 0.376471 0.425490 0.020588 0.058824
1 0.375000 0.411111 0.017647 0.061438
10 0.459559 0.462745 0.017647 0.057516
1 0.460294 0.447712 0.019118 0.058824
10 0.522059 0.349020 0.019118 0.060131
1 0.522426 0.338562 0.015441 0.057516
10 0.504779 0.323529 0.021324 0.069281
1 0.503676 0.314379 0.014706 0.050980
3 0.501471 0.313725 0.025000 0.028758
1 0.497794 0.262745 0.008824 0.060131
1 0.518382 0.203922 0.008824 0.052288
1 0.521324 0.198693 0.007353 0.052288
10 0.485662 0.134641 0.016912 0.044444
1 0.462132 0.132026 0.009559 0.049673
1 0.453676 0.136601 0.007353 0.048366
1 0.341176 0.132026 0.010294 0.047059
1 0.340809 0.127451 0.006618 0.050980
7 0.301838 0.133987 0.033088 0.035294
6 0.534191 0.022222 0.031618 0.044444
10 0.566912 0.079739 0.007353 0.036601
1 0.568015 0.062745 0.008088 0.033987
10 0.574265 0.058824 0.005882 0.031373
1 0.575735 0.050327 0.008824 0.040523
10 0.707353 0.115033 0.008824 0.039216
1 0.708824 0.113725 0.008824 0.033987
1 0.708456 0.103268 0.009559 0.039216
7 0.731985 0.096732 0.012500 0.044444
1 0.746324 0.091503 0.008824 0.039216
1 0.742647 0.087582 0.007353 0.036601
1 0.743750 0.095425 0.003676 0.031373
10 0.717279 0.328758 0.009559 0.053595
1 0.719118 0.313725 0.017647 0.047059
2 0.863235 0.322876 0.014706 0.031373
1 0.889338 0.332680 0.019853 0.053595
1 0.894118 0.327451 0.016176 0.053595
1 0.983824 0.292810 0.016176 0.060131
10 0.600000 0.371242 0.013235 0.052288
1 0.599632 0.347712 0.012500 0.052288
10 0.802574 0.918954 0.016912 0.091503
1 0.804412 0.898693 0.035294 0.064052
0 0.776103 0.028758 0.025735 0.057516
