1 0.440074 0.025490 0.012500 0.050980
2 0.451103 0.013725 0.008088 0.027451
1 0.451471 0.027451 0.011765 0.054902
1 0.461397 0.028758 0.011029 0.057516
1 0.481618 0.020915 0.011765 0.041830
2 0.420588 0.027451 0.014706 0.031373
5 0.408824 0.019608 0.036765 0.039216
1 0.487132 0.148366 0.013971 0.069281
2 0.490441 0.126144 0.007353 0.027451
1 0.503309 0.061438 0.009559 0.052288
2 0.507721 0.049020 0.008088 0.027451
1 0.507353 0.097386 0.020588 0.064052
1 0.536029 0.093464 0.014706 0.064052
1 0.540441 0.073856 0.010294 0.050980
1 0.537132 0.060784 0.012500 0.045752
1 0.508824 0.206536 0.017647 0.075817
5 0.378676 0.223529 0.058824 0.133333
1 0.462500 0.339216 0.016176 0.079739
1 0.474265 0.411111 0.017647 0.074510
1 0.326838 0.511765 0.018382 0.079739
2 0.325368 0.492810 0.012500 0.039216
1 0.382353 0.601961 0.017647 0.074510
1 0.405882 0.526144 0.029412 0.071895
3 0.403676 0.538562 0.019118 0.109804
1 0.378309 0.662092 0.021324 0.077124
1 0.305515 0.677778 0.024265 0.084967
1 0.298529 0.739869 0.020588 0.075817
1 0.566544 0.873856 0.021324 0.090196
1 0.487868 0.791503 0.024265 0.092810
1 0.458088 0.727451 0.025000 0.095425
1 0.471691 0.743137 0.016912 0.056209
1 0.493382 0.725490 0.025000 0.086275
1 0.501471 0.671242 0.022059 0.069281
1 0.559191 0.498693 0.022794 0.079739
1 0.505147 0.432026 0.019118 0.084967
10 0.580147 0.120261 0.033824 0.067974
2 0.549632 0.018954 0.016912 0.037908
5 0.586765 0.052288 0.051471 0.104575
2 0.584559 0.192157 0.020588 0.044444
4 0.602574 0.364052 0.146324 0.132026
1 0.844485 0.603268 0.024265 0.082353
1 0.845956 0.641176 0.031618 0.079739
1 0.854779 0.653595 0.015441 0.041830
1 0.874632 0.639869 0.028676 0.087582
5 0.168382 0.617647 0.111765 0.247059
4 0.615441 0.198693 0.060294 0.125490
