4 0.180882 0.705882 0.105882 0.203922
4 0.136397 0.306536 0.065441 0.105882
4 0.279412 0.305229 0.064706 0.100654
4 0.362132 0.269281 0.053676 0.094118
4 0.413235 0.369935 0.057353 0.109804
4 0.113603 0.090850 0.059559 0.074510
5 0.431618 0.205882 0.052941 0.105882
4 0.591912 0.158170 0.041176 0.083660
4 0.617279 0.414379 0.059559 0.156863
1 0.603676 0.672549 0.020588 0.084967
7 0.640074 0.698693 0.050735 0.179085
0 0.764338 0.147712 0.227206 0.287582
4 0.766912 0.745752 0.166176 0.139869
4 0.810294 0.921569 0.175000 0.146405
3 0.790809 0.839869 0.069853 0.064052
4 0.935662 0.654902 0.034559 0.094118
