1 0.990809 0.134641 0.015441 0.049673
10 0.729044 0.096078 0.015441 0.043137
2 0.729412 0.088235 0.010294 0.043137
2 0.963235 0.541176 0.020588 0.060131
4 0.750368 0.905882 0.097794 0.188235
5 0.569853 0.647059 0.069118 0.162092
4 0.473162 0.777778 0.066912 0.243137
4 0.308456 0.478431 0.058088 0.154248
5 0.601103 0.198039 0.037500 0.087582
4 0.465809 0.056863 0.031618 0.069281
4 0.411765 0.061438 0.032353 0.075817
4 0.043382 0.716993 0.086765 0.207843
4 0.165441 0.417647 0.063235 0.121569
4 0.046691 0.421569 0.093382 0.084967
5 0.059191 0.350980 0.105147 0.095425
4 0.036397 0.237908 0.072794 0.070588
6 0.183824 0.291503 0.055882 0.109804
4 0.213235 0.210458 0.047059 0.073203
4 0.048162 0.194771 0.090441 0.062745
3 0.009559 0.030065 0.019118 0.033987
4 0.071691 0.147712 0.083088 0.052288
10 0.116544 0.125490 0.033088 0.036601
4 0.102941 0.089542 0.072059 0.053595
4 0.229412 0.131373 0.042647 0.074510
10 0.165809 0.016993 0.018382 0.033987
10 0.201103 0.048366 0.019853 0.026144
4 0.215809 0.064052 0.077206 0.054902
10 0.176471 0.013725 0.019118 0.027451
10 0.193750 0.009804 0.024265 0.019608
