6 0.127206 0.896732 0.157353 0.156863
6 0.611765 0.705229 0.063235 0.124183
6 0.564338 0.412418 0.041912 0.027451
5 0.405882 0.864706 0.019118 0.050980
4 0.311029 0.763399 0.029412 0.039216
4 0.437500 0.509804 0.011765 0.023529
0 0.488235 0.122876 0.036765 0.083660
4 0.541176 0.241830 0.005882 0.028758
6 0.439338 0.201307 0.009559 0.026144
4 0.456618 0.262745 0.007353 0.013072
4 0.472426 0.250327 0.005147 0.009150
4 0.541544 0.333987 0.005147 0.016993
4 0.463971 0.203922 0.007353 0.010458
4 0.470588 0.194118 0.005882 0.011765
4 0.457721 0.219608 0.005147 0.015686
4 0.468015 0.222222 0.005147 0.010458
4 0.466544 0.237255 0.003676 0.009150
4 0.485294 0.195425 0.007353 0.014379
4 0.495221 0.211765 0.006618 0.005229
