0 0.571875 0.218056 0.060417 0.028704
0 0.097135 0.428704 0.029687 0.029630
0 0.499219 0.259722 0.019271 0.013889
0 0.740885 0.193056 0.054688 0.019444
4 0.715104 0.391204 0.040625 0.030556
6 0.978125 0.488889 0.039583 0.075926
9 0.765104 0.282870 0.066667 0.043519
1 0.729688 0.376852 0.004167 0.024074
1 0.709635 0.376389 0.003646 0.028704
1 0.705469 0.379630 0.005729 0.025926
7 0.688021 0.391667 0.026042 0.022222
6 0.676302 0.368981 0.055729 0.043519
6 0.672917 0.356481 0.061458 0.048148
4 0.523438 0.240741 0.009375 0.011111
4 0.487500 0.243056 0.009375 0.010185
4 0.497396 0.242130 0.010417 0.010185
6 0.512760 0.248148 0.016146 0.025926
4 0.530208 0.303241 0.028125 0.017593
4 0.510677 0.296759 0.029687 0.017593
4 0.412500 0.343981 0.014583 0.023148
4 0.460677 0.430093 0.018229 0.030556
1 0.556510 0.378704 0.005729 0.027778
1 0.546615 0.365741 0.003646 0.029630
1 0.533333 0.363426 0.004167 0.026852
1 0.501823 0.349537 0.004687 0.025000
6 0.458333 0.333333 0.032292 0.070370
4 0.477604 0.242593 0.009375 0.012963
10 0.335156 0.359722 0.013021 0.013889
1 0.329167 0.346296 0.005208 0.018519
10 0.323177 0.378704 0.005729 0.018519
10 0.319010 0.418056 0.004687 0.021296
4 0.323177 0.466667 0.024479 0.040741
1 0.295573 0.491204 0.008854 0.037963
1 0.281250 0.491204 0.006250 0.034259
1 0.286979 0.511574 0.007292 0.041667
4 0.323177 0.507407 0.028646 0.038889
6 0.319531 0.555556 0.042188 0.075926
6 0.292708 0.622685 0.044792 0.149074
6 0.264844 0.743519 0.075521 0.205556
4 0.052083 0.474537 0.032292 0.047222
6 0.079167 0.472685 0.042708 0.067593
0 0.458073 0.386111 0.007812 0.024074
6 0.026562 0.573611 0.053125 0.091667
