4 0.430882 0.828105 0.061765 0.181699
4 0.104044 0.263399 0.077206 0.048366
4 0.121691 0.216993 0.074265 0.054902
4 0.152574 0.178431 0.062500 0.043137
4 0.503676 0.245098 0.029412 0.045752
4 0.221324 0.075163 0.025000 0.035294
4 0.946691 0.539869 0.091912 0.104575
4 0.747059 0.216993 0.036765 0.044444
4 0.690074 0.098693 0.028676 0.040523
4 0.664706 0.062092 0.032353 0.043137
0 0.134191 0.087582 0.088971 0.101961
1 0.066544 0.172549 0.011029 0.033987
5 0.203676 0.113725 0.033824 0.047059
3 0.017279 0.811111 0.033088 0.082353
3 0.873162 0.473203 0.013971 0.041830
0 0.619485 0.041830 0.052206 0.078431
10 0.041912 0.905229 0.042647 0.061438
10 0.855515 0.849020 0.044853 0.069281
3 0.676471 0.697386 0.013235 0.056209
7 0.281985 0.900000 0.036029 0.145098
7 0.920221 0.652288 0.055147 0.091503
7 0.815074 0.390196 0.028676 0.071895
6 0.764338 0.294118 0.041912 0.081046
2 0.013603 0.789542 0.019853 0.070588
2 0.041544 0.868627 0.013971 0.050980
2 0.051471 0.856863 0.008824 0.056209
2 0.277574 0.905229 0.018382 0.069281
2 0.862868 0.823529 0.013971 0.065359
2 0.677941 0.669281 0.008824 0.060131
2 0.539706 0.097386 0.007353 0.037908
2 0.733088 0.389542 0.008824 0.039216
1 0.900000 0.729412 0.017647 0.060131
1 0.882353 0.643137 0.013235 0.065359
1 0.981618 0.763399 0.017647 0.067974
1 0.972794 0.651634 0.016176 0.058824
1 0.956618 0.616993 0.011765 0.067974
1 0.763603 0.549020 0.012500 0.049673
1 0.768015 0.566667 0.008088 0.045752
1 0.720588 0.266013 0.005882 0.050980
1 0.694118 0.244444 0.004412 0.036601
1 0.690809 0.420915 0.009559 0.049673
1 0.708088 0.385621 0.008824 0.044444
1 0.806985 0.394771 0.011029 0.054902
1 0.918015 0.665359 0.013971 0.062745
1 0.945956 0.681046 0.011029 0.070588
1 0.982721 0.572549 0.015441 0.054902
1 0.936765 0.543137 0.013235 0.061438
1 0.846691 0.761438 0.018382 0.095425
1 0.825368 0.768627 0.015441 0.067974
10 0.889706 0.748366 0.019118 0.074510
6 0.812132 0.692810 0.090441 0.172549
7 0.750735 0.584967 0.060294 0.098039
7 0.720588 0.503922 0.039706 0.079739
10 0.187868 0.360784 0.018382 0.047059
2 0.342279 0.026144 0.005147 0.028758
1 0.313235 0.073203 0.005882 0.026144
