0 0.362500 0.236574 0.045833 0.021296
0 0.397917 0.241204 0.046875 0.043519
0 0.346615 0.261111 0.029687 0.020370
4 0.316406 0.272685 0.014063 0.015741
4 0.306510 0.274537 0.011979 0.015741
5 0.292187 0.273148 0.013542 0.018519
6 0.302083 0.287500 0.025000 0.037963
4 0.281771 0.276389 0.012500 0.015741
4 0.267708 0.277778 0.014583 0.016667
4 0.253906 0.279167 0.014063 0.015741
7 0.244010 0.280093 0.007812 0.013889
4 0.230208 0.281019 0.014583 0.015741
2 0.294531 0.301389 0.005729 0.012037
2 0.292187 0.299537 0.004167 0.012037
2 0.287760 0.302315 0.005729 0.012037
4 0.271094 0.317130 0.023438 0.021296
4 0.252604 0.382407 0.036458 0.031481
4 0.229167 0.374537 0.043750 0.032407
4 0.223698 0.398611 0.047396 0.032407
9 0.077604 0.403704 0.150000 0.083333
4 0.156510 0.932870 0.058854 0.128704
1 0.398958 0.643519 0.014583 0.064815
1 0.374219 0.582870 0.009896 0.056481
1 0.346094 0.577778 0.009896 0.053704
1 0.281250 0.530093 0.010417 0.049074
2 0.183073 0.676389 0.014063 0.045370
2 0.180208 0.673148 0.013542 0.057407
10 0.181250 0.678241 0.016667 0.049074
3 0.255469 0.456019 0.017188 0.028704
1 0.683854 0.582407 0.010417 0.051852
1 0.713802 0.582407 0.010937 0.051852
2 0.677083 0.572685 0.011458 0.045370
4 0.708594 0.637037 0.070312 0.075926
7 0.652865 0.632407 0.044271 0.051852
6 0.626302 0.585185 0.107813 0.090741
6 0.600521 0.540278 0.110417 0.104630
3 0.655469 0.491204 0.015104 0.028704
4 0.758333 0.299537 0.027083 0.021296
6 0.682031 0.301852 0.051562 0.042593
4 0.645573 0.343519 0.034896 0.024074
10 0.642969 0.360185 0.013021 0.016667
2 0.643750 0.353704 0.006250 0.016667
4 0.603385 0.341667 0.035937 0.024074
4 0.588542 0.334259 0.032292 0.022222
4 0.561458 0.358796 0.031250 0.023148
4 0.536979 0.351852 0.034375 0.024074
4 0.446354 0.347685 0.033333 0.025000
0 0.354427 0.314815 0.016146 0.018519
6 0.343490 0.280556 0.048438 0.042593
5 0.342708 0.375926 0.041667 0.035185
