4 0.259926 0.826797 0.184559 0.179085
10 0.138235 0.652941 0.048529 0.074510
2 0.138603 0.634641 0.025735 0.077124
10 0.365809 0.530719 0.034559 0.088889
2 0.365441 0.513072 0.023529 0.071895
4 0.273162 0.385621 0.100735 0.125490
4 0.357353 0.322222 0.089706 0.087582
1 0.090809 0.400000 0.022794 0.083660
4 0.490809 0.477124 0.093382 0.130719
4 0.566912 0.367320 0.073529 0.112418
4 0.628676 0.299346 0.061765 0.086275
4 0.672059 0.237908 0.057353 0.081046
4 0.580515 0.210458 0.077206 0.070588
5 0.488603 0.232680 0.069853 0.083660
1 0.366544 0.179085 0.013971 0.054902
1 0.536397 0.153595 0.009559 0.050980
1 0.544853 0.156209 0.008824 0.045752
10 0.516544 0.180392 0.024265 0.033987
4 0.593382 0.143791 0.069118 0.049673
10 0.633824 0.189542 0.011765 0.039216
10 0.648529 0.198039 0.011765 0.030065
2 0.635294 0.175163 0.010294 0.033987
2 0.649265 0.186275 0.010294 0.032680
5 0.623529 0.122222 0.055882 0.056209
4 0.706618 0.134641 0.047059 0.054902
7 0.685294 0.124837 0.026471 0.040523
8 0.745588 0.154902 0.027941 0.053595
10 0.755147 0.124837 0.017647 0.030065
2 0.756250 0.112418 0.012500 0.036601
3 0.666176 0.090196 0.014706 0.031373
1 0.740809 0.078431 0.009559 0.036601
1 0.736397 0.079085 0.008088 0.043137
1 0.730882 0.076471 0.008824 0.040523
4 0.685662 0.066013 0.050735 0.043137
