6 0.826562 0.589352 0.203125 0.147222
4 0.338802 0.501389 0.042188 0.080556
4 0.371615 0.414352 0.039062 0.060185
4 0.438281 0.322685 0.027604 0.049074
4 0.377344 0.358333 0.031771 0.046296
4 0.390104 0.300463 0.031250 0.049074
4 0.436198 0.239815 0.023438 0.037037
4 0.397917 0.243056 0.022917 0.037963
4 0.407031 0.196759 0.021354 0.037963
4 0.445573 0.188426 0.020313 0.037963
4 0.472656 0.162963 0.017188 0.029630
4 0.353646 0.259259 0.026042 0.046296
4 0.278906 0.194444 0.026562 0.040741
4 0.303125 0.142593 0.020833 0.031481
4 0.415625 0.160648 0.019792 0.030556
4 0.475000 0.112037 0.014583 0.025926
4 0.451562 0.102778 0.014583 0.025926
4 0.345573 0.062500 0.017188 0.025000
4 0.357292 0.084259 0.017708 0.029630
4 0.391667 0.068056 0.013542 0.025000
4 0.452083 0.059259 0.013542 0.024074
4 0.462240 0.030093 0.011979 0.019444
4 0.464323 0.011111 0.009896 0.014815
4 0.396615 0.006944 0.009896 0.012037
4 0.333073 0.108796 0.028646 0.026852
4 0.420312 0.100463 0.018750 0.023148
4 0.427083 0.113889 0.016667 0.020370
4 0.423698 0.135185 0.019271 0.025926
4 0.420052 0.055093 0.021354 0.021296
4 0.506510 0.063426 0.014063 0.017593
4 0.491667 0.075463 0.014583 0.023148
4 0.507031 0.037037 0.011979 0.018519
4 0.637500 0.757407 0.100000 0.100000
1 0.572917 0.893981 0.018750 0.073148
1 0.194792 0.211111 0.007292 0.037037
1 0.056510 0.307870 0.010937 0.043519
1 0.070573 0.300000 0.010937 0.037037
1 0.016146 0.318519 0.009375 0.040741
1 0.017969 0.311574 0.013021 0.039815
5 0.922917 0.585648 0.086458 0.082407
4 0.806250 0.557407 0.073958 0.051852
10 0.577083 0.509259 0.034375 0.035185
7 0.134375 0.386111 0.026042 0.051852
10 0.163802 0.287037 0.009896 0.027778
10 0.181771 0.268056 0.012500 0.025000
10 0.523177 0.279630 0.006771 0.024074
10 0.405208 0.111574 0.011458 0.015741
5 0.344271 0.122222 0.021875 0.037037
5 0.364063 0.215741 0.022917 0.050000
2 0.164844 0.281019 0.009896 0.039815
2 0.179688 0.260648 0.006250 0.021296
2 0.180729 0.256944 0.008333 0.032407
2 0.184375 0.257870 0.008333 0.026852
2 0.127344 0.383333 0.011979 0.033333
2 0.578125 0.503704 0.013542 0.051852
2 0.522917 0.270370 0.006250 0.027778
2 0.401562 0.110185 0.004167 0.018519
2 0.404167 0.106019 0.004167 0.021296
2 0.404427 0.105093 0.002604 0.010185
1 0.426823 0.059259 0.003646 0.020370
1 0.496875 0.033796 0.004167 0.019444
1 0.500000 0.035648 0.003125 0.017593
1 0.507031 0.028241 0.002604 0.015741
4 0.907813 0.085185 0.021875 0.027778
4 0.887760 0.084259 0.017188 0.029630
4 0.869531 0.083796 0.017188 0.025000
4 0.851302 0.080093 0.015104 0.021296
0 0.822135 0.075463 0.039062 0.028704
4 0.914323 0.057870 0.030729 0.023148
0 0.952865 0.088889 0.027604 0.022222
0 0.596094 0.025463 0.042188 0.049074
2 0.622917 0.056481 0.005208 0.011111
1 0.609115 0.071296 0.003646 0.018519
1 0.759896 0.022222 0.006250 0.020370
1 0.519010 0.026389 0.001563 0.017593
1 0.513802 0.013889 0.002604 0.012963
