4 0.394485 0.664052 0.141912 0.169935
4 0.218750 0.675163 0.152206 0.210458
4 0.449632 0.445752 0.099265 0.117647
4 0.272059 0.328758 0.101471 0.118954
4 0.378309 0.271242 0.090441 0.071895
4 0.563235 0.270588 0.077941 0.094118
5 0.519118 0.201961 0.072059 0.079739
10 0.556985 0.150327 0.024265 0.041830
10 0.667279 0.162092 0.016912 0.031373
4 0.641544 0.128105 0.069853 0.049673
5 0.673897 0.108497 0.058088 0.060131
7 0.741912 0.115033 0.027941 0.039216
10 0.780882 0.109804 0.013235 0.031373
2 0.781250 0.102614 0.008088 0.032680
2 0.784926 0.103268 0.008088 0.023529
10 0.789338 0.079739 0.013971 0.031373
1 0.625735 0.082353 0.010294 0.036601
3 0.719485 0.085621 0.013971 0.022222
3 0.725368 0.079085 0.018382 0.024837
4 0.690441 0.371895 0.079412 0.095425
1 0.180882 0.428758 0.020588 0.078431
1 0.317647 0.257516 0.010294 0.062745
2 0.314338 0.246405 0.008088 0.030065
