1 0.051103 0.828758 0.040441 0.104575
1 0.231985 0.567974 0.027206 0.090196
1 0.808456 0.810458 0.033088 0.117647
1 0.237868 0.700000 0.024265 0.103268
1 0.231250 0.720261 0.022794 0.075817
10 0.287132 0.552941 0.038971 0.096732
4 0.306985 0.415686 0.116912 0.135948
5 0.365074 0.255556 0.053676 0.129412
4 0.466912 0.386275 0.051471 0.124183
7 0.404044 0.109150 0.021324 0.058824
2 0.445588 0.163399 0.013235 0.049673
10 0.446324 0.179739 0.011765 0.045752
4 0.482721 0.238562 0.043382 0.090196
4 0.495221 0.149673 0.034559 0.066667
4 0.497426 0.059477 0.030147 0.053595
4 0.547794 0.087582 0.030882 0.049673
4 0.567647 0.201307 0.036765 0.065359
4 0.556985 0.316993 0.049265 0.095425
5 0.596324 0.479739 0.069118 0.141176
2 0.653309 0.335294 0.015441 0.045752
10 0.650735 0.349020 0.022059 0.049673
2 0.697426 0.360131 0.012500 0.043137
2 0.718382 0.362745 0.019118 0.037908
7 0.707353 0.375817 0.047059 0.048366
10 0.765074 0.411111 0.040441 0.048366
10 0.736397 0.338562 0.033088 0.047059
2 0.766544 0.337908 0.019853 0.056209
2 0.720956 0.293464 0.011029 0.053595
2 0.713603 0.288235 0.011029 0.053595
10 0.718015 0.311111 0.027206 0.049673
1 0.750735 0.271242 0.014706 0.066667
1 0.738603 0.228758 0.013971 0.057516
10 0.770221 0.205882 0.040441 0.048366
2 0.608456 0.126144 0.011029 0.037908
3 0.606985 0.140523 0.012500 0.035294
1 0.595221 0.076471 0.012500 0.040523
1 0.624632 0.064052 0.011029 0.047059
2 0.604044 0.054248 0.009559 0.022222
2 0.602941 0.052941 0.010294 0.032680
10 0.603309 0.069281 0.008088 0.023529
4 0.673897 0.067974 0.058088 0.044444
1 0.606250 0.021569 0.011029 0.040523
1 0.605882 0.030719 0.010294 0.040523
4 0.633824 0.027451 0.047059 0.041830
10 0.655147 0.041830 0.026471 0.026144
4 0.411765 0.888235 0.104412 0.223529
4 0.709559 0.931373 0.122059 0.137255
1 0.903309 0.834641 0.033088 0.111111
1 0.937132 0.915033 0.037500 0.109804
1 0.933824 0.873203 0.038235 0.109804
