0 0.486765 0.020915 0.067647 0.041830
4 0.503676 0.618954 0.041176 0.090196
4 0.504412 0.369281 0.029412 0.056209
4 0.502206 0.288235 0.023529 0.043137
4 0.470588 0.234641 0.019118 0.037908
4 0.511397 0.190850 0.018382 0.028758
4 0.542647 0.162092 0.016176 0.026144
4 0.677574 0.955556 0.066912 0.088889
4 0.727941 0.794118 0.101471 0.111111
4 0.217279 0.810458 0.124265 0.099346
4 0.150735 0.953595 0.129412 0.092810
5 0.250000 0.703268 0.102941 0.101961
4 0.572794 0.445752 0.039706 0.067974
4 0.574265 0.346405 0.029412 0.047059
4 0.581985 0.391503 0.025735 0.050980
4 0.554044 0.320261 0.052206 0.044444
4 0.550735 0.281046 0.022059 0.036601
5 0.542647 0.130065 0.011765 0.027451
4 0.399632 0.353595 0.028676 0.058824
4 0.411765 0.318301 0.027941 0.050980
4 0.446691 0.192810 0.018382 0.040523
4 0.475735 0.185621 0.017647 0.033987
4 0.479779 0.206536 0.016912 0.036601
4 0.400000 0.235294 0.033824 0.033987
4 0.278676 0.592810 0.095588 0.079739
4 0.708088 0.688235 0.104412 0.087582
7 0.166912 0.886928 0.051471 0.061438
1 0.254044 0.921569 0.019853 0.078431
1 0.487132 0.410458 0.008088 0.044444
1 0.430515 0.318954 0.008088 0.041830
1 0.432353 0.314379 0.005882 0.032680
1 0.441176 0.249673 0.005882 0.031373
1 0.449632 0.210458 0.006618 0.028758
1 0.463235 0.213725 0.005882 0.027451
2 0.521691 0.148366 0.005147 0.019608
1 0.529044 0.161438 0.005147 0.024837
1 0.531985 0.164052 0.003676 0.016993
1 0.522059 0.162092 0.004412 0.020915
2 0.541176 0.204575 0.005882 0.022222
2 0.526838 0.246405 0.006618 0.022222
10 0.541544 0.211765 0.005147 0.020915
10 0.526471 0.256209 0.005882 0.023529
7 0.507721 0.257516 0.013971 0.028758
2 0.508456 0.244444 0.006618 0.018301
10 0.752574 0.839216 0.036029 0.057516
10 0.735662 0.955556 0.021324 0.088889
2 0.619853 0.692810 0.013235 0.047059
2 0.621691 0.707190 0.013971 0.041830
10 0.618750 0.708497 0.018382 0.057516
2 0.535294 0.371242 0.008824 0.033987
10 0.535294 0.379739 0.007353 0.032680
1 0.543750 0.250980 0.006618 0.033987
1 0.554044 0.255556 0.006618 0.027451
1 0.559559 0.259477 0.004412 0.024837
1 0.563235 0.265359 0.005882 0.026144
1 0.560662 0.250980 0.005147 0.023529
4 0.566176 0.138562 0.030882 0.023529
4 0.569853 0.149673 0.026471 0.024837
4 0.417279 0.181699 0.033088 0.031373
6 0.477206 0.062092 0.017647 0.037908
5 0.490074 0.055556 0.009559 0.022222
1 0.509559 0.113725 0.004412 0.015686
1 0.513235 0.111111 0.004412 0.018301
1 0.527206 0.124183 0.002941 0.020915
1 0.529044 0.125490 0.003676 0.020915
1 0.531985 0.129412 0.005147 0.020915
1 0.464706 0.106536 0.004412 0.019608
