0 0.372426 0.193464 0.030147 0.039216
4 0.313971 0.903268 0.050000 0.133333
4 0.281618 0.797386 0.058824 0.099346
4 0.298162 0.698693 0.036029 0.069281
5 0.343382 0.701307 0.033824 0.084967
4 0.320588 0.600654 0.036765 0.069281
5 0.391176 0.601307 0.055882 0.067974
4 0.390809 0.565359 0.056618 0.045752
9 0.483088 0.460131 0.079412 0.067974
1 0.044485 0.691503 0.015441 0.047059
1 0.028676 0.686275 0.007353 0.052288
1 0.052574 0.679085 0.009559 0.050980
4 0.040809 0.664706 0.081618 0.058824
1 0.066544 0.630719 0.009559 0.040523
4 0.162868 0.618954 0.062500 0.058824
4 0.150368 0.515686 0.043382 0.037908
4 0.193750 0.495425 0.027206 0.044444
4 0.285662 0.535294 0.030147 0.043137
1 0.271691 0.524837 0.008088 0.032680
3 0.255882 0.548366 0.007353 0.030065
1 0.253676 0.543791 0.010294 0.036601
1 0.295588 0.453595 0.007353 0.031373
1 0.311765 0.453595 0.005882 0.028758
4 0.251471 0.392810 0.014706 0.022222
4 0.086029 0.445098 0.045588 0.027451
4 0.092279 0.435948 0.044853 0.024837
10 0.140809 0.407843 0.015441 0.015686
5 0.195588 0.374510 0.023529 0.024837
1 0.197426 0.383660 0.006618 0.019608
1 0.192279 0.384314 0.005147 0.018301
4 0.153309 0.383660 0.033088 0.024837
6 0.231985 0.365359 0.016912 0.022222
5 0.287132 0.384314 0.028676 0.023529
4 0.262868 0.374510 0.013971 0.019608
4 0.288971 0.373856 0.029412 0.023529
4 0.244485 0.341830 0.021324 0.019608
5 0.197794 0.361438 0.017647 0.022222
5 0.179779 0.361438 0.016912 0.022222
6 0.200000 0.339869 0.073529 0.039216
4 0.366544 0.400000 0.016912 0.023529
5 0.387132 0.378431 0.012500 0.024837
1 0.435294 0.416993 0.005882 0.023529
1 0.443750 0.416993 0.005147 0.020915
8 0.425368 0.379739 0.011029 0.030065
1 0.420221 0.380392 0.003676 0.023529
4 0.377574 0.346405 0.011029 0.018301
10 0.395588 0.360784 0.004412 0.013072
2 0.395588 0.356863 0.004412 0.015686
4 0.401103 0.334641 0.012500 0.015686
4 0.330515 0.329412 0.011029 0.018301
6 0.341544 0.300654 0.015441 0.041830
4 0.375368 0.309150 0.009559 0.014379
4 0.361397 0.304575 0.009559 0.013072
4 0.381250 0.301961 0.008088 0.013072
4 0.412132 0.328758 0.011029 0.016993
4 0.408824 0.307843 0.007353 0.011765
4 0.399632 0.281699 0.008088 0.011765
4 0.377941 0.284314 0.008824 0.011765
4 0.362500 0.288889 0.008824 0.013072
6 0.344485 0.271895 0.012500 0.026144
6 0.347059 0.260784 0.011765 0.022222
8 0.425000 0.364706 0.013235 0.026144
7 0.580882 0.547712 0.030882 0.031373
2 0.577574 0.541830 0.008088 0.024837
2 0.584926 0.534641 0.006618 0.023529
7 0.926471 0.424837 0.011765 0.018301
2 0.927574 0.420915 0.008088 0.015686
1 0.954779 0.377124 0.003676 0.019608
1 0.949632 0.372549 0.005147 0.020915
4 0.981618 0.360131 0.011765 0.014379
4 0.974265 0.349673 0.020588 0.016993
10 0.995956 0.370588 0.005147 0.011765
2 0.995956 0.365359 0.005147 0.009150
5 0.882721 0.328758 0.011029 0.016993
6 0.881618 0.305882 0.017647 0.033987
5 0.876471 0.273203 0.005882 0.010458
4 0.380147 0.249673 0.005882 0.007843
4 0.370956 0.223529 0.005147 0.007843
4 0.364706 0.226144 0.004412 0.007843
7 0.366912 0.252941 0.005882 0.009150
3 0.389706 0.267974 0.002941 0.007843
2 0.389706 0.265359 0.002941 0.007843
6 0.389706 0.233987 0.007353 0.018301
