4 0.347059 0.956863 0.079412 0.086275
7 0.443015 0.951634 0.033088 0.096732
5 0.371324 0.516340 0.029412 0.112418
4 0.583456 0.486928 0.034559 0.095425
1 0.563971 0.216340 0.008824 0.032680
10 0.604044 0.301961 0.024265 0.023529
10 0.602574 0.293464 0.021324 0.027451
10 0.506618 0.131373 0.008824 0.035294
2 0.506985 0.125490 0.008088 0.020915
1 0.553676 0.067974 0.005882 0.031373
3 0.590074 0.067974 0.019853 0.020915
10 0.581985 0.052941 0.025735 0.030065
3 0.576471 0.011765 0.007353 0.023529
4 0.382721 0.028105 0.031618 0.056209
10 0.556985 0.769281 0.015441 0.056209
2 0.558088 0.766013 0.013235 0.036601
1 0.641176 0.767974 0.008824 0.030065
1 0.643015 0.801307 0.006618 0.026144
1 0.654412 0.803922 0.011765 0.028758
10 0.657721 0.784314 0.027206 0.026144
10 0.696324 0.975163 0.013235 0.049673
1 0.126838 0.502614 0.012500 0.037908
1 0.158088 0.498039 0.016176 0.044444
1 0.088603 0.510458 0.016912 0.027451
4 0.205882 0.517647 0.072059 0.073203
4 0.228309 0.317647 0.059559 0.054902
4 0.228676 0.269935 0.057353 0.043137
1 0.222794 0.728105 0.017647 0.039216
10 0.634926 0.483007 0.009559 0.048366
