4 0.700368 0.728105 0.027206 0.104575
4 0.747426 0.726797 0.043382 0.075817
4 0.703309 0.650327 0.056618 0.045752
4 0.621324 0.440523 0.026471 0.062745
4 0.578676 0.424183 0.022059 0.058824
9 0.501838 0.473203 0.034559 0.151634
4 0.609191 0.356863 0.028676 0.078431
4 0.620588 0.303268 0.039706 0.052288
5 0.583088 0.322876 0.019118 0.049673
4 0.591912 0.209150 0.020588 0.044444
4 0.565809 0.205229 0.022794 0.054902
5 0.581250 0.150980 0.016912 0.043137
4 0.579044 0.096078 0.019853 0.037908
4 0.571324 0.054902 0.019118 0.031373
4 0.565809 0.022222 0.018382 0.036601
4 0.516176 0.108497 0.022059 0.044444
4 0.522059 0.271895 0.036765 0.065359
4 0.396324 0.308497 0.023529 0.065359
4 0.162132 0.967974 0.036029 0.064052
5 0.171691 0.780392 0.047794 0.052288
4 0.208456 0.698693 0.034559 0.098039
4 0.201471 0.624837 0.055882 0.081046
4 0.239338 0.532026 0.037500 0.078431
4 0.205882 0.476471 0.054412 0.077124
4 0.257353 0.318954 0.047059 0.052288
4 0.305882 0.181046 0.019118 0.048366
4 0.313603 0.129412 0.018382 0.044444
4 0.320221 0.094771 0.018382 0.037908
4 0.333824 0.045098 0.016176 0.032680
0 0.219485 0.207190 0.019853 0.037908
7 0.284926 0.247712 0.008088 0.027451
1 0.227941 0.259477 0.007353 0.030065
1 0.218382 0.270588 0.007353 0.031373
1 0.206250 0.274510 0.008088 0.028758
1 0.199265 0.271242 0.007353 0.030065
10 0.197794 0.290850 0.014706 0.022222
2 0.193382 0.309150 0.013235 0.022222
10 0.186765 0.324837 0.017647 0.022222
1 0.218015 0.347059 0.008088 0.030065
1 0.310662 0.356863 0.005147 0.028758
1 0.315074 0.352941 0.005147 0.020915
1 0.477206 0.350980 0.005882 0.027451
1 0.453676 0.366013 0.007353 0.026144
4 0.453676 0.374510 0.010294 0.027451
4 0.476471 0.358170 0.008824 0.028758
1 0.525368 0.361438 0.006618 0.027451
1 0.499265 0.266667 0.005882 0.028758
1 0.462500 0.198693 0.008824 0.020915
4 0.462132 0.206536 0.009559 0.020915
1 0.583456 0.374510 0.006618 0.027451
1 0.588603 0.379085 0.003676 0.015686
10 0.632721 0.488235 0.011029 0.024837
1 0.616912 0.200000 0.005882 0.026144
1 0.585662 0.066667 0.005147 0.023529
3 0.688235 0.327451 0.019118 0.019608
3 0.702574 0.390196 0.015441 0.014379
3 0.699632 0.367320 0.015441 0.018301
3 0.677206 0.413072 0.010294 0.028758
0 0.697426 0.345098 0.011029 0.015686
0 0.708456 0.406536 0.012500 0.015686
10 0.716176 0.598039 0.019118 0.022222
4 0.699632 0.929412 0.055147 0.052288
