4 0.030147 0.832026 0.060294 0.145098
2 0.204779 0.973856 0.018382 0.052288
2 0.195956 0.989542 0.022794 0.020915
7 0.194118 0.979085 0.036765 0.041830
4 0.827941 0.830719 0.073529 0.084967
6 0.821324 0.685621 0.041176 0.084967
4 0.785294 0.548366 0.044118 0.045752
4 0.732353 0.455556 0.035294 0.035294
1 0.969485 0.355556 0.005147 0.018301
6 0.979779 0.353595 0.019853 0.022222
10 0.826838 0.393464 0.015441 0.015686
2 0.825368 0.388889 0.005147 0.019608
2 0.827941 0.388235 0.005882 0.018301
9 0.045588 0.375163 0.055882 0.067974
1 0.036029 0.333333 0.002941 0.020915
4 0.010662 0.273856 0.015441 0.019608
0 0.002206 0.234641 0.004412 0.014379
4 0.002941 0.250980 0.005882 0.013072
4 0.002574 0.283007 0.005147 0.016993
4 0.366176 0.450327 0.051471 0.043137
2 0.513971 0.379085 0.004412 0.020915
7 0.516912 0.383007 0.016176 0.018301
5 0.657353 0.318301 0.025000 0.022222
2 0.588235 0.279085 0.002941 0.011765
10 0.588235 0.281699 0.002941 0.011765
1 0.563603 0.284967 0.002206 0.010458
4 0.499265 0.226797 0.007353 0.014379
6 0.490809 0.211111 0.011029 0.027451
4 0.477941 0.209150 0.005882 0.010458
6 0.482721 0.201961 0.008088 0.014379
4 0.470956 0.194118 0.005147 0.006536
7 0.470956 0.185621 0.003676 0.005229
6 0.481618 0.176471 0.005882 0.013072
0 0.481250 0.161438 0.016912 0.014379
6 0.576471 0.264052 0.010294 0.013072
4 0.319485 0.262745 0.025735 0.015686
