10 0.989338 0.456209 0.021324 0.036601
10 0.909926 0.438562 0.033088 0.037908
2 0.912500 0.430719 0.014706 0.050980
1 0.875735 0.377124 0.016176 0.048366
6 0.841176 0.526797 0.113235 0.101961
1 0.840809 0.512418 0.021324 0.044444
1 0.819485 0.501307 0.016912 0.048366
1 0.784191 0.507843 0.012500 0.050980
1 0.762132 0.566667 0.013971 0.053595
2 0.772059 0.554248 0.013235 0.036601
1 0.786029 0.550980 0.016176 0.043137
5 0.782721 0.379085 0.099265 0.088889
5 0.690441 0.383660 0.089706 0.079739
1 0.649265 0.392810 0.013235 0.058824
7 0.660294 0.554902 0.077941 0.066667
2 0.650735 0.532680 0.016176 0.045752
2 0.625368 0.515686 0.015441 0.035294
2 0.589338 0.426144 0.015441 0.031373
1 0.564338 0.408497 0.012500 0.058824
1 0.553309 0.413725 0.012500 0.056209
1 0.540074 0.413072 0.013971 0.062745
1 0.552206 0.494118 0.019118 0.060131
1 0.551838 0.481699 0.018382 0.064052
2 0.531250 0.577124 0.016912 0.037908
1 0.458456 0.543137 0.016912 0.066667
1 0.448162 0.574510 0.015441 0.066667
4 0.418382 0.666667 0.127941 0.117647
1 0.277941 0.583007 0.019118 0.070588
1 0.208824 0.607843 0.019118 0.065359
7 0.165074 0.630065 0.084559 0.099346
7 0.288603 0.565359 0.083088 0.084967
7 0.451471 0.396732 0.067647 0.071895
1 0.405882 0.411765 0.013235 0.057516
2 0.389338 0.450327 0.021324 0.058824
2 0.381250 0.460784 0.013971 0.037908
10 0.390074 0.451634 0.033088 0.064052
10 0.345956 0.505229 0.043382 0.048366
2 0.345588 0.497386 0.020588 0.050980
1 0.350368 0.455556 0.013971 0.064052
1 0.347426 0.428758 0.012500 0.060131
7 0.368015 0.406536 0.074265 0.083660
3 0.327941 0.432680 0.029412 0.060131
8 0.255515 0.417647 0.113971 0.098039
1 0.193382 0.428105 0.014706 0.066667
2 0.179412 0.468627 0.016176 0.061438
10 0.179779 0.477778 0.037500 0.050980
1 0.078676 0.396078 0.016176 0.060131
1 0.052941 0.345098 0.019118 0.060131
1 0.066176 0.326144 0.017647 0.058824
2 0.019485 0.241176 0.021324 0.040523
10 0.018750 0.250327 0.028676 0.050980
5 0.216912 0.241830 0.083824 0.073203
4 0.600368 0.288889 0.075735 0.075817
4 0.108088 0.113725 0.061765 0.057516
4 0.241176 0.191503 0.082353 0.071895
5 0.365074 0.184314 0.063971 0.075817
1 0.043750 0.020261 0.009559 0.037908
2 0.192647 0.063399 0.010294 0.035294
2 0.198897 0.067320 0.009559 0.030065
10 0.192647 0.069935 0.025000 0.027451
2 0.264338 0.114379 0.012500 0.043137
3 0.264706 0.122876 0.026471 0.031373
2 0.334926 0.073856 0.011029 0.032680
2 0.343750 0.060784 0.011029 0.024837
2 0.355147 0.068627 0.010294 0.019608
7 0.341912 0.080392 0.039706 0.032680
4 0.434191 0.014379 0.058088 0.028758
2 0.411765 0.075817 0.008824 0.033987
2 0.406250 0.077778 0.008088 0.032680
10 0.406618 0.083660 0.025000 0.028758
4 0.580882 0.132680 0.073529 0.061438
10 0.548529 0.065359 0.026471 0.026144
4 0.844853 0.131373 0.073529 0.050980
4 0.923529 0.167974 0.077941 0.056209
4 0.688603 0.007843 0.052206 0.015686
4 0.633088 0.010458 0.045588 0.020915
