4 0.681618 0.735948 0.094118 0.096732
4 0.508456 0.441176 0.033088 0.079739
4 0.620956 0.245752 0.027206 0.060131
10 0.671691 0.167320 0.008088 0.023529
4 0.645588 0.154902 0.023529 0.040523
4 0.215809 0.567320 0.046324 0.117647
1 0.175000 0.196078 0.010294 0.033987
1 0.184559 0.113072 0.007353 0.032680
1 0.185294 0.089542 0.007353 0.024837
1 0.194853 0.113072 0.005882 0.035294
1 0.202574 0.113072 0.008088 0.030065
4 0.413603 0.011765 0.018382 0.023529
1 0.502574 0.018954 0.005147 0.027451
1 0.507721 0.020261 0.003676 0.030065
1 0.529412 0.183660 0.005882 0.030065
1 0.524632 0.191503 0.003676 0.035294
1 0.520221 0.183660 0.006618 0.030065
1 0.509191 0.173203 0.006618 0.035294
1 0.515441 0.199346 0.005882 0.030065
1 0.510662 0.200654 0.006618 0.030065
2 0.491544 0.207843 0.008088 0.028758
3 0.491176 0.211111 0.005882 0.030065
