1 0.571429 0.784762 0.014286 0.034286
1 0.556786 0.789524 0.013571 0.034286
1 0.533929 0.730952 0.009286 0.029524
1 0.541429 0.726667 0.012857 0.030476
1 0.553571 0.759048 0.010000 0.020952
1 0.561429 0.758571 0.008571 0.020000
1 0.518214 0.670000 0.010714 0.031429
1 0.526429 0.663333 0.011429 0.035238
4 0.312143 0.489048 0.030000 0.061905
5 0.360714 0.315714 0.021429 0.050476
1 0.423571 0.327143 0.007143 0.025714
1 0.428214 0.326190 0.006429 0.023810
1 0.327857 0.346667 0.008571 0.024762
1 0.317143 0.351429 0.007143 0.022857
1 0.318571 0.345238 0.007143 0.021905
1 0.309286 0.343810 0.008571 0.024762
1 0.322857 0.290952 0.007143 0.025714
7 0.320714 0.230000 0.017143 0.025714
4 0.345714 0.215714 0.018571 0.027619
1 0.363929 0.194762 0.006429 0.018095
1 0.370000 0.191905 0.005714 0.018095
1 0.375000 0.192857 0.005714 0.020000
1 0.379643 0.190952 0.006429 0.020000
1 0.415000 0.164762 0.005714 0.017143
1 0.418929 0.163810 0.005000 0.017143
1 0.413929 0.157619 0.005000 0.016190
1 0.419286 0.158095 0.004286 0.015238
5 0.356071 0.181429 0.020714 0.033333
1 0.425357 0.120000 0.003571 0.015238
1 0.428571 0.120000 0.005714 0.015238
1 0.353571 0.107619 0.004286 0.017143
1 0.322143 0.099048 0.004286 0.013333
1 0.329643 0.080476 0.005000 0.014286
1 0.296071 0.090000 0.005000 0.014286
1 0.275000 0.098095 0.004286 0.013333
1 0.264643 0.095714 0.005000 0.012381
1 0.257857 0.096190 0.002857 0.011429
1 0.261071 0.094762 0.003571 0.012381
10 0.256786 0.084762 0.007857 0.007619
2 0.256429 0.080476 0.004286 0.010476
1 0.252143 0.095714 0.004286 0.012381
