5 0.243214 0.470952 0.049286 0.109524
5 0.265357 0.168571 0.037857 0.080000
5 0.119286 0.450000 0.090000 0.058095
4 0.061786 0.576190 0.105000 0.057143
4 0.054286 0.502857 0.107143 0.060952
4 0.096071 0.328095 0.075000 0.044762
4 0.101429 0.290952 0.075714 0.042857
4 0.204286 0.213810 0.070000 0.052381
4 0.243929 0.123810 0.033571 0.051429
4 0.230000 0.176667 0.034286 0.050476
4 0.203214 0.154762 0.039286 0.067619
4 0.129643 0.210952 0.070714 0.046667
4 0.143214 0.176190 0.073571 0.043810
4 0.153214 0.133810 0.063571 0.046667
4 0.163929 0.103810 0.060714 0.043810
4 0.195000 0.073333 0.061429 0.036190
4 0.203571 0.050952 0.052857 0.033333
5 0.274286 0.114762 0.031429 0.052381
1 0.218571 0.357619 0.015714 0.033333
1 0.180714 0.365714 0.015714 0.034286
1 0.420357 0.469524 0.012143 0.032381
1 0.276429 0.205238 0.011429 0.035238
1 0.502857 0.023333 0.007143 0.027619
1 0.623214 0.525714 0.012143 0.030476
1 0.637857 0.521429 0.014286 0.031429
1 0.681071 0.692381 0.015000 0.034286
10 0.593214 0.680000 0.020714 0.060952
10 0.573929 0.650952 0.015000 0.060000
10 0.602143 0.617619 0.031429 0.033333
3 0.705000 0.679524 0.034286 0.025714
4 0.691429 0.547143 0.087143 0.058095
10 0.697500 0.417619 0.029286 0.027619
5 0.523929 0.077143 0.020714 0.045714
4 0.520714 0.042857 0.021429 0.040000
6 0.115357 0.867143 0.096429 0.191429
4 0.030000 0.715714 0.060000 0.063810
4 0.029643 0.651905 0.059286 0.060000
