6 0.472857 0.543333 0.021429 0.050476
6 0.474643 0.455714 0.016429 0.031429
6 0.189286 0.547143 0.074286 0.141905
6 0.163214 0.714286 0.090714 0.177143
6 0.095357 0.910000 0.100714 0.174286
6 0.426071 0.279048 0.019286 0.045714
6 0.435357 0.244762 0.015000 0.032381
6 0.046786 0.556667 0.063571 0.035238
6 0.031786 0.607143 0.063571 0.035238
6 0.296786 0.300476 0.013571 0.029524
6 0.326071 0.255714 0.015000 0.035238
9 0.231071 0.424286 0.037857 0.067619
4 0.827857 0.256667 0.010000 0.008571
4 0.892857 0.396667 0.017143 0.018095
9 0.938929 0.312381 0.023571 0.026667
10 0.865357 0.393333 0.005000 0.009524
2 0.865357 0.390000 0.005000 0.008571
4 0.693214 0.716190 0.036429 0.064762
4 0.699286 0.647619 0.030000 0.040000
10 0.594643 0.775238 0.010714 0.024762
10 0.582857 0.732857 0.010000 0.023810
2 0.595357 0.772381 0.007857 0.017143
2 0.582143 0.733333 0.007143 0.011429
2 0.437143 0.898571 0.011429 0.020000
1 0.427500 0.933333 0.006429 0.026667
1 0.332500 0.536190 0.005000 0.019048
1 0.378214 0.577143 0.005000 0.019048
1 0.393929 0.538095 0.005000 0.017143
1 0.392143 0.522381 0.005714 0.012381
1 0.418571 0.537143 0.004286 0.015238
1 0.449643 0.534762 0.005000 0.016190
1 0.423929 0.524286 0.006429 0.016190
1 0.416786 0.520476 0.005000 0.018095
1 0.360000 0.513333 0.005714 0.015238
1 0.357857 0.506190 0.005714 0.014286
1 0.412143 0.529048 0.004286 0.018095
4 0.417500 0.196667 0.006429 0.006667
4 0.352143 0.194286 0.005714 0.007619
4 0.341429 0.198095 0.005714 0.007619
4 0.326071 0.228095 0.006429 0.008571
5 0.340357 0.221429 0.006429 0.012381
5 0.375000 0.120952 0.004286 0.007619
5 0.404643 0.171429 0.005000 0.007619
6 0.408214 0.185714 0.009286 0.020952
6 0.420000 0.227143 0.011429 0.029524
6 0.400714 0.144762 0.005714 0.011429
4 0.392857 0.129048 0.004286 0.004762
6 0.355000 0.100476 0.007143 0.008571
6 0.298929 0.143333 0.010714 0.006667
0 0.328929 0.087619 0.023571 0.013333
4 0.158214 0.661429 0.035000 0.050476
10 0.512857 0.474762 0.005714 0.008571
2 0.513214 0.470000 0.003571 0.010476
6 0.436429 0.338571 0.015714 0.039048
4 0.447857 0.304762 0.010000 0.013333
6 0.577500 0.199524 0.007857 0.008571
6 0.021786 0.152381 0.016429 0.015238
6 0.115714 0.404286 0.032857 0.018095
4 0.128929 0.381429 0.026429 0.016190
4 0.144643 0.365238 0.019286 0.016190
4 0.185357 0.303810 0.020714 0.011429
6 0.168571 0.311905 0.022857 0.012381
4 0.160000 0.275714 0.011429 0.012381
4 0.086786 0.360952 0.029286 0.011429
4 0.095000 0.350476 0.022857 0.011429
4 0.206429 0.285238 0.021429 0.010476
4 0.209643 0.280952 0.019286 0.009524
4 0.195000 0.290000 0.018571 0.010476
4 0.177143 0.273810 0.010000 0.010476
7 0.075357 0.468095 0.015000 0.014286
5 0.080000 0.834762 0.042857 0.071429
4 0.262857 0.441429 0.012857 0.023810
4 0.162857 0.317619 0.020000 0.012381
0 0.411786 0.163333 0.005000 0.016190
