4 0.578571 0.765228 0.028571 0.086294
4 0.512857 0.776650 0.027143 0.071066
4 0.538571 0.494924 0.025714 0.048223
4 0.538214 0.420051 0.025000 0.040609
4 0.461786 0.358503 0.020714 0.036802
4 0.424286 0.293782 0.020000 0.029188
4 0.436429 0.270939 0.022857 0.034264
6 0.427143 0.178299 0.034286 0.046954
6 0.369643 0.185914 0.019286 0.031726
4 0.226071 0.237944 0.017857 0.021574
10 0.272143 0.190355 0.010000 0.015228
4 0.221786 0.216371 0.015000 0.019036
4 0.198571 0.206853 0.018571 0.025381
5 0.616071 0.056472 0.015000 0.016497
4 0.569643 0.166244 0.020714 0.017766
5 0.330357 0.607868 0.029286 0.027919
6 0.392500 0.162437 0.023571 0.027919
