5 0.197143 0.558571 0.074286 0.160952
5 0.257500 0.340000 0.049286 0.091429
5 0.281429 0.253333 0.042857 0.072381
5 0.312857 0.131429 0.035714 0.057143
4 0.294286 0.199048 0.037143 0.055238
4 0.336786 0.046190 0.025000 0.037143
4 0.353214 0.015714 0.020714 0.029524
4 0.442500 0.120000 0.023571 0.040000
1 0.504643 0.070476 0.006429 0.028571
1 0.480357 0.236667 0.007857 0.037143
1 0.517857 0.325714 0.012857 0.041905
3 0.519286 0.333333 0.010000 0.032381
4 0.529643 0.220000 0.032143 0.045714
1 0.562857 0.170000 0.008571 0.029524
4 0.537500 0.107143 0.043571 0.031429
4 0.557857 0.123810 0.054286 0.040000
4 0.548214 0.300000 0.035000 0.059048
10 0.610714 0.251429 0.028571 0.024762
4 0.564643 0.413333 0.045000 0.081905
5 0.581786 0.593333 0.056429 0.129524
10 0.646786 0.383333 0.033571 0.027619
10 0.638571 0.505714 0.034286 0.034286
1 0.621786 0.599048 0.017857 0.049524
1 0.527500 0.791905 0.019286 0.044762
1 0.543214 0.803333 0.012143 0.050476
1 0.565000 0.800952 0.020000 0.053333
6 0.742857 0.782381 0.207143 0.151429
6 0.718571 0.691905 0.205714 0.147619
