4 0.181071 0.839048 0.092143 0.177143
8 0.220357 0.681429 0.049286 0.101905
4 0.404643 0.835238 0.060714 0.152381
5 0.381429 0.388571 0.028571 0.060952
4 0.514286 0.465714 0.037143 0.057143
4 0.507857 0.385238 0.032857 0.048571
4 0.331429 0.291905 0.025714 0.037143
1 0.455000 0.415238 0.011429 0.036190
1 0.465000 0.409524 0.010000 0.038095
1 0.458929 0.237619 0.006429 0.023810
1 0.360714 0.226190 0.007143 0.021905
1 0.353929 0.224286 0.007857 0.021905
1 0.407143 0.119048 0.005714 0.017143
1 0.469643 0.263810 0.006429 0.026667
1 0.478929 0.261429 0.006429 0.023810
1 0.377500 0.115238 0.005000 0.017143
2 0.377857 0.230000 0.007143 0.016190
10 0.378929 0.234762 0.006429 0.021905
4 0.356786 0.200476 0.017857 0.023810
4 0.365000 0.156667 0.024286 0.025714
5 0.427500 0.106190 0.010714 0.020000
4 0.408929 0.087619 0.009286 0.013333
4 0.447500 0.108571 0.012143 0.013333
4 0.460000 0.107619 0.010000 0.015238
4 0.445000 0.098095 0.024286 0.015238
4 0.448571 0.088571 0.022857 0.013333
4 0.442143 0.061429 0.020000 0.010476
4 0.484643 0.038571 0.016429 0.008571
4 0.447857 0.088095 0.022857 0.012381
4 0.459286 0.025714 0.007143 0.009524
4 0.507143 0.095714 0.022857 0.010476
1 0.404643 0.066190 0.005000 0.012381
1 0.377500 0.093333 0.005000 0.013333
1 0.371429 0.101905 0.004286 0.013333
0 0.442500 0.041905 0.019286 0.026667
0 0.443929 0.077619 0.025000 0.020000
4 0.500714 0.072381 0.021429 0.013333
4 0.502857 0.082857 0.021429 0.011429
0 0.487857 0.060476 0.025714 0.023810
1 0.467500 0.037619 0.003571 0.010476
1 0.462143 0.037619 0.002857 0.008571
4 0.478214 0.215238 0.016429 0.024762
2 0.506429 0.561905 0.011429 0.034286
2 0.530357 0.634286 0.015000 0.032381
2 0.484286 0.496667 0.010000 0.037143
3 0.505357 0.570952 0.010714 0.039048
3 0.530357 0.643333 0.013571 0.046667
3 0.483214 0.505238 0.013571 0.035238
10 0.681429 0.532381 0.031429 0.041905
10 0.692857 0.556667 0.020000 0.035238
10 0.590714 0.568571 0.032857 0.034286
10 0.594286 0.590000 0.037143 0.031429
10 0.596071 0.610000 0.035000 0.027619
