9 0.684286 0.893401 0.030000 0.050761
4 0.857143 0.867386 0.014286 0.024112
4 0.872857 0.880076 0.014286 0.021574
4 0.880000 0.889594 0.017143 0.025381
4 0.900714 0.887056 0.020000 0.025381
4 0.873214 0.836929 0.013571 0.021574
4 0.923929 0.851523 0.015000 0.017766
4 0.920000 0.864213 0.015714 0.020305
4 0.910000 0.873096 0.017143 0.022843
4 0.841429 0.807741 0.012857 0.021574
9 0.687857 0.609137 0.017143 0.022843
5 0.725357 0.628173 0.010714 0.017766
4 0.744643 0.571066 0.010714 0.015228
4 0.729643 0.574239 0.012143 0.016497
4 0.747500 0.556472 0.012143 0.013959
4 0.825357 0.500000 0.010714 0.015228
4 0.849643 0.479695 0.010714 0.012690
0 0.821786 0.729061 0.259286 0.130711
4 0.924286 0.635152 0.017143 0.021574
5 0.940357 0.644670 0.015000 0.020305
4 0.953214 0.657995 0.016429 0.016497
5 0.968929 0.668782 0.015000 0.020305
4 0.985357 0.680203 0.015000 0.020305
4 0.884286 0.448604 0.010000 0.013959
9 0.357500 0.406726 0.015000 0.024112
4 0.355357 0.454315 0.006429 0.012690
4 0.328571 0.502538 0.010000 0.012690
4 0.310714 0.489848 0.012857 0.012690
4 0.298929 0.489848 0.009286 0.010152
4 0.297857 0.479061 0.008571 0.008883
6 0.263929 0.368655 0.016429 0.024112
4 0.265000 0.416244 0.010000 0.010152
4 0.209286 0.447970 0.011429 0.015228
4 0.223214 0.361675 0.006429 0.010152
4 0.237500 0.358503 0.010714 0.011421
