1 0.385699 0.052412 0.009395 0.034323
5 0.468685 0.028293 0.048017 0.056586
7 0.525313 0.050093 0.031837 0.031540
7 0.475731 0.097403 0.041232 0.040816
4 0.458507 0.271800 0.072547 0.057514
4 0.331420 0.330705 0.032359 0.102968
1 0.358299 0.410482 0.010960 0.036178
7 0.382307 0.506957 0.016180 0.064007
5 0.286534 0.601113 0.044885 0.107607
7 0.317067 0.594156 0.021399 0.076994
5 0.434238 0.778757 0.082463 0.091837
4 0.417015 0.876160 0.102296 0.106679
10 0.622390 0.611781 0.012004 0.052876
5 0.937630 0.955473 0.123695 0.079777
