10 0.375000 0.802876 0.021399 0.021336
7 0.437370 0.868738 0.012526 0.043599
2 0.479645 0.867811 0.007307 0.028757
10 0.479906 0.878479 0.006785 0.037106
4 0.367432 0.899814 0.032359 0.046382
10 0.370303 0.848794 0.024530 0.033395
1 0.389614 0.702690 0.006785 0.025046
1 0.386482 0.689703 0.005741 0.032468
4 0.481994 0.520872 0.019311 0.036178
5 0.508873 0.558905 0.014614 0.043599
6 0.435021 0.504174 0.036013 0.026902
1 0.456420 0.372449 0.003653 0.013915
4 0.455637 0.399814 0.027140 0.016698
2 0.496608 0.409091 0.003653 0.014842
10 0.496868 0.414193 0.003132 0.015770
4 0.517745 0.358534 0.010438 0.019481
5 0.535491 0.396568 0.013570 0.036178
5 0.555063 0.421614 0.023486 0.023191
4 0.576200 0.526438 0.032359 0.026902
10 0.575418 0.467532 0.010960 0.014842
10 0.573330 0.447124 0.014092 0.018553
4 0.550626 0.636364 0.019833 0.051948
4 0.569937 0.785250 0.020877 0.058442
2 0.540188 0.808905 0.008351 0.022263
10 0.540449 0.814935 0.005741 0.032468
10 0.587944 0.977737 0.013048 0.042672
1 0.590292 0.962430 0.008351 0.032468
10 0.601253 0.730056 0.018789 0.020408
10 0.610386 0.746289 0.022443 0.026902
8 0.501566 0.277365 0.004175 0.014842
8 0.501305 0.222635 0.002610 0.012987
5 0.514614 0.200371 0.003132 0.009276
0 0.512787 0.138683 0.026618 0.110390
5 0.434238 0.543135 0.039666 0.032468
4 0.054541 0.572820 0.032881 0.047310
8 0.547495 0.394249 0.011482 0.022263
5 0.476775 0.217532 0.012004 0.013915
5 0.527401 0.228200 0.007829 0.016698
8 0.492171 0.254174 0.006263 0.012987
4 0.494259 0.248145 0.007307 0.013915
4 0.492693 0.239796 0.008351 0.015770
7 0.519572 0.246289 0.003653 0.010204
2 0.519572 0.243043 0.003653 0.009276
