4 0.525574 0.960575 0.028184 0.075139
5 0.532620 0.518089 0.020355 0.039889
5 0.559238 0.371058 0.010960 0.024119
9 0.571503 0.198052 0.009395 0.026902
4 0.589248 0.135900 0.004175 0.008349
4 0.583507 0.116419 0.004175 0.008349
0 0.593424 0.061688 0.011482 0.052876
5 0.774269 0.717532 0.039144 0.041744
4 0.760960 0.811688 0.045929 0.048237
4 0.662056 0.734230 0.051670 0.039889
5 0.657881 0.796846 0.046451 0.048237
4 0.665449 0.901206 0.052192 0.049165
4 0.781315 0.986085 0.059499 0.025974
1 0.535230 0.472171 0.004697 0.020408
1 0.572547 0.312616 0.004175 0.016698
2 0.590553 0.356679 0.003653 0.008349
2 0.601514 0.359462 0.004697 0.008349
10 0.591075 0.363636 0.005741 0.009276
10 0.601514 0.367811 0.004697 0.008349
10 0.811065 0.921614 0.021921 0.030612
0 0.768006 0.863636 0.026618 0.061224
0 0.815501 0.852041 0.026618 0.071429
1 0.766441 0.958720 0.008873 0.030612
1 0.766180 0.927644 0.009395 0.025974
10 0.788100 0.942950 0.020877 0.026902
