10 0.183214 0.905238 0.037857 0.060000
2 0.185000 0.903333 0.025714 0.031429
2 0.177500 0.915238 0.022143 0.019048
10 0.177857 0.859524 0.042857 0.033333
2 0.173571 0.860000 0.022857 0.026667
10 0.174286 0.737619 0.018571 0.048571
2 0.171429 0.738571 0.018571 0.033333
4 0.276071 0.702381 0.063571 0.117143
4 0.391071 0.826667 0.092143 0.114286
10 0.473929 0.811429 0.019286 0.055238
2 0.473929 0.803333 0.016429 0.031429
6 0.548571 0.799048 0.067143 0.135238
10 0.596786 0.725238 0.026429 0.040952
2 0.596071 0.718095 0.016429 0.020952
10 0.660714 0.617619 0.031429 0.040952
2 0.662857 0.612857 0.021429 0.023810
2 0.647857 0.579524 0.018571 0.023810
10 0.645714 0.581905 0.035714 0.038095
4 0.482857 0.615714 0.071429 0.063810
4 0.043929 0.640000 0.056429 0.106667
4 0.023929 0.522857 0.047857 0.106667
4 0.082500 0.460952 0.052143 0.093333
9 0.229643 0.491905 0.116429 0.199048
1 0.458929 0.455238 0.009286 0.032381
1 0.479286 0.465238 0.008571 0.021905
1 0.475714 0.455238 0.012857 0.024762
6 0.398929 0.396667 0.102143 0.157143
10 0.442143 0.359048 0.017143 0.036190
10 0.498214 0.300476 0.027857 0.025714
10 0.463929 0.241429 0.020714 0.029524
4 0.358929 0.145714 0.043571 0.055238
10 0.346071 0.056667 0.020714 0.029524
10 0.169643 0.189524 0.019286 0.032381
2 0.167500 0.182857 0.013571 0.019048
6 0.163929 0.108571 0.066429 0.099048
10 0.176786 0.060000 0.019286 0.032381
2 0.175714 0.055238 0.014286 0.017143
6 0.897143 0.889048 0.117143 0.136190
5 0.921429 0.808571 0.104286 0.121905
4 0.935000 0.743333 0.098571 0.111429
4 0.958929 0.683333 0.082143 0.120952
5 0.966071 0.623810 0.067857 0.093333
10 0.900000 0.569048 0.031429 0.033333
2 0.902500 0.566667 0.022143 0.024762
4 0.678929 0.405238 0.055000 0.071429
6 0.714643 0.372857 0.090714 0.103810
4 0.740714 0.362857 0.065714 0.070476
4 0.767143 0.343810 0.067143 0.070476
4 0.800714 0.325238 0.068571 0.065714
5 0.817857 0.296667 0.061429 0.058095
4 0.860000 0.281429 0.064286 0.060000
1 0.980714 0.310952 0.018571 0.027619
1 0.954286 0.267619 0.020000 0.024762
1 0.955000 0.246190 0.020000 0.027619
4 0.932500 0.180952 0.060714 0.068571
