4 0.062143 0.008883 0.017143 0.017766
5 0.034286 0.145939 0.022857 0.055838
4 0.007500 0.150381 0.015000 0.054569
5 0.212143 0.100254 0.012857 0.038071
5 0.228214 0.100888 0.012143 0.041878
5 0.313929 0.100888 0.015000 0.044416
5 0.330357 0.097081 0.015000 0.039340
5 0.346786 0.095812 0.015000 0.039340
4 0.368214 0.090736 0.013571 0.041878
4 0.279643 0.104061 0.012143 0.043147
4 0.243571 0.094543 0.012857 0.026650
3 0.225000 0.144670 0.005714 0.012690
5 0.419286 0.089467 0.012857 0.039340
5 0.403929 0.259518 0.032143 0.031726
4 0.339643 0.522208 0.043571 0.029188
4 0.868214 0.020939 0.016429 0.039340
1 0.802857 0.179569 0.005714 0.016497
4 0.960357 0.408629 0.042143 0.032995
4 0.568214 0.293782 0.036429 0.034264
4 0.628571 0.297589 0.035714 0.026650
5 0.691429 0.292513 0.037143 0.031726
5 0.682500 0.326777 0.039286 0.029188
5 0.616786 0.328680 0.040714 0.030457
1 0.665000 0.816624 0.005714 0.011421
1 0.211071 0.839467 0.009286 0.011421
1 0.451429 0.777919 0.005714 0.007614
10 0.685357 0.715736 0.006429 0.020305
9 0.950357 0.445431 0.065000 0.040609
9 0.958214 0.488579 0.080714 0.055838
