1 0.881429 0.880952 0.024286 0.028571
1 0.821429 0.932381 0.018571 0.030476
1 0.695714 0.989524 0.018571 0.020952
1 0.688571 0.917619 0.014286 0.033333
1 0.680000 0.920000 0.015714 0.034286
1 0.726429 0.286190 0.008571 0.020000
1 0.729286 0.277143 0.007143 0.015238
1 0.722857 0.279524 0.007143 0.020000
1 0.717143 0.281429 0.007143 0.018095
1 0.718929 0.271905 0.005000 0.016190
1 0.713929 0.272857 0.006429 0.018095
1 0.449643 0.761429 0.015000 0.029524
1 0.570714 0.857619 0.015714 0.025714
1 0.573214 0.850476 0.012143 0.024762
1 0.584286 0.819524 0.017143 0.021905
1 0.553571 0.831429 0.010000 0.028571
1 0.556071 0.820476 0.009286 0.029524
1 0.526071 0.830000 0.010714 0.023810
1 0.501071 0.799048 0.016429 0.028571
1 0.369643 0.740952 0.009286 0.024762
1 0.370357 0.731429 0.009286 0.024762
1 0.397143 0.708095 0.012857 0.029524
1 0.390714 0.694762 0.008571 0.027619
1 0.375714 0.705714 0.010000 0.026667
1 0.345000 0.723333 0.011429 0.029524
1 0.258929 0.669048 0.012143 0.027619
1 0.267500 0.662857 0.010714 0.030476
1 0.190714 0.564762 0.011429 0.024762
1 0.173929 0.563333 0.012143 0.029524
1 0.161429 0.572857 0.014286 0.027619
1 0.121429 0.449524 0.011429 0.024762
1 0.107143 0.455714 0.012857 0.023810
1 0.111071 0.450476 0.012143 0.026667
1 0.052857 0.430476 0.011429 0.020952
1 0.057857 0.429524 0.010000 0.020952
1 0.020000 0.392381 0.011429 0.020952
1 0.036071 0.388095 0.010714 0.020000
1 0.040714 0.383333 0.010000 0.020000
1 0.012143 0.308095 0.007143 0.018095
1 0.019286 0.309524 0.011429 0.019048
1 0.036071 0.287143 0.007857 0.016190
1 0.041429 0.286190 0.008571 0.018095
1 0.046071 0.279524 0.010714 0.018095
0 0.145000 0.223333 0.065714 0.039048
1 0.430357 0.104762 0.005000 0.011429
1 0.438929 0.112381 0.003571 0.013333
1 0.444286 0.115238 0.004286 0.011429
1 0.442857 0.110952 0.004286 0.010476
1 0.448214 0.110000 0.003571 0.010476
1 0.468929 0.109524 0.003571 0.009524
1 0.471429 0.109048 0.004286 0.010476
1 0.476429 0.124762 0.004286 0.013333
1 0.501071 0.145238 0.005000 0.016190
1 0.506429 0.145714 0.004286 0.015238
1 0.509643 0.144286 0.005000 0.016190
1 0.514286 0.143810 0.004286 0.015238
1 0.526786 0.141429 0.003571 0.014286
1 0.484286 0.108571 0.004286 0.011429
0 0.512857 0.118571 0.055714 0.018095
