1 0.100000 0.015714 0.010000 0.023810
3 0.039286 0.111905 0.017143 0.016190
1 0.017500 0.058571 0.013571 0.025714
2 0.028214 0.079524 0.010714 0.020000
2 0.021429 0.102857 0.014286 0.017143
1 0.033214 0.102857 0.013571 0.022857
1 0.101786 0.220952 0.016429 0.026667
1 0.129286 0.227143 0.014286 0.025714
1 0.090000 0.756190 0.027143 0.032381
3 0.282500 0.406190 0.015000 0.033333
1 0.325357 0.369524 0.015000 0.030476
1 0.322500 0.359048 0.015000 0.034286
1 0.363214 0.377143 0.012143 0.036190
1 0.352857 0.358571 0.011429 0.031429
1 0.363929 0.260476 0.013571 0.035238
1 0.434643 0.944286 0.027857 0.054286
1 0.494643 0.880476 0.020714 0.046667
1 0.519643 0.887143 0.022143 0.048571
2 0.408571 0.451905 0.024286 0.023810
2 0.500357 0.436190 0.032143 0.030476
1 0.449643 0.229524 0.007857 0.032381
1 0.436786 0.239524 0.010714 0.029524
1 0.420000 0.267619 0.012857 0.030476
1 0.427500 0.251905 0.009286 0.037143
1 0.382857 0.228571 0.012857 0.036190
1 0.469643 0.059048 0.010714 0.028571
1 0.502500 0.310476 0.009286 0.032381
1 0.512500 0.309048 0.010714 0.031429
1 0.528571 0.296667 0.010000 0.033333
1 0.510000 0.296190 0.010000 0.030476
1 0.526429 0.280952 0.011429 0.036190
1 0.550000 0.832857 0.024286 0.035238
1 0.690000 0.836190 0.024286 0.036190
1 0.698929 0.820000 0.020714 0.026667
1 0.768214 0.765714 0.023571 0.036190
1 0.739643 0.700000 0.020714 0.036190
1 0.567857 0.316190 0.011429 0.036190
2 0.598929 0.353810 0.020714 0.035238
1 0.615000 0.372381 0.011429 0.036190
1 0.655714 0.391905 0.012857 0.037143
1 0.653571 0.362381 0.017143 0.037143
1 0.670000 0.373810 0.012857 0.033333
1 0.687500 0.024286 0.010714 0.029524
1 0.753571 0.092857 0.008571 0.033333
1 0.630357 0.154286 0.006429 0.024762
2 0.628571 0.181905 0.014286 0.022857
2 0.668571 0.179048 0.008571 0.022857
10 0.676429 0.167619 0.011429 0.026667
1 0.909286 0.019524 0.011429 0.031429
3 0.786786 0.374762 0.013571 0.029524
1 0.821071 0.468571 0.020714 0.045714
1 0.858929 0.731429 0.019286 0.045714
1 0.859643 0.781429 0.019286 0.037143
1 0.910714 0.845238 0.024286 0.037143
1 0.932857 0.977143 0.032857 0.038095
10 0.842500 0.969524 0.043571 0.041905
1 0.634643 0.152857 0.006429 0.025714
