4 0.755000 0.913810 0.068571 0.136190
5 0.701071 0.675238 0.047857 0.097143
4 0.674643 0.576667 0.057857 0.098095
4 0.642143 0.480476 0.045714 0.077143
4 0.627143 0.395238 0.041429 0.076190
4 0.601429 0.309524 0.037143 0.062857
4 0.525714 0.748095 0.047143 0.117143
6 0.601429 0.739524 0.060000 0.157143
0 0.391786 0.871429 0.145000 0.257143
4 0.396429 0.702857 0.085714 0.102857
4 0.348571 0.619048 0.077143 0.083810
4 0.539643 0.595714 0.093571 0.071429
4 0.469286 0.501905 0.084286 0.055238
1 0.527500 0.168095 0.010714 0.033333
2 0.500000 0.185714 0.011429 0.020952
