10 0.123750 0.795667 0.023500 0.022000
3 0.394500 0.772333 0.007000 0.026000
10 0.361000 0.764333 0.016000 0.020667
3 0.352000 0.760667 0.015000 0.025333
1 0.483500 0.744000 0.006000 0.030667
1 0.553250 0.742333 0.008500 0.031333
1 0.439250 0.670000 0.005500 0.020000
1 0.517500 0.672333 0.004000 0.016667
1 0.512250 0.671000 0.005500 0.018000
4 0.609500 0.658000 0.020000 0.021333
4 0.642750 0.635000 0.021500 0.018000
4 0.588000 0.626667 0.016000 0.018667
4 0.626000 0.614667 0.025000 0.014667
4 0.662000 0.612000 0.028000 0.017333
5 0.707750 0.631000 0.025500 0.019333
4 0.710750 0.611000 0.027500 0.016667
4 0.439500 0.637000 0.016000 0.019333
4 0.401000 0.676667 0.048000 0.034667
4 0.331500 0.656667 0.035000 0.021333
5 0.341500 0.650000 0.027000 0.021333
4 0.345750 0.643333 0.035500 0.020000
4 0.369000 0.632667 0.029000 0.017333
4 0.387500 0.620667 0.029000 0.013333
4 0.466250 0.613667 0.023500 0.014000
4 0.292000 0.633333 0.027000 0.016000
4 0.314750 0.620000 0.025500 0.014667
5 0.351750 0.618667 0.026500 0.017333
6 0.324750 0.596000 0.030500 0.021333
6 0.315250 0.576000 0.027500 0.017333
4 0.328500 0.576000 0.020000 0.009333
4 0.336250 0.574000 0.019500 0.010667
4 0.364750 0.580000 0.018500 0.010667
0 0.311000 0.542667 0.047000 0.034667
4 0.385250 0.567667 0.014500 0.008667
5 0.418500 0.567000 0.017000 0.011333
4 0.428250 0.566667 0.012500 0.008000
4 0.437500 0.564667 0.014000 0.008000
4 0.432250 0.554000 0.007500 0.008000
4 0.526500 0.608000 0.023000 0.012000
4 0.504250 0.602333 0.021500 0.012667
1 0.473500 0.596000 0.004000 0.010667
4 0.497000 0.596667 0.010000 0.010667
4 0.495250 0.590667 0.008500 0.009333
4 0.494250 0.585000 0.008500 0.008667
5 0.496250 0.577667 0.008500 0.012667
4 0.456500 0.553333 0.015000 0.008000
4 0.447500 0.549333 0.012000 0.005333
4 0.450250 0.550000 0.011500 0.005333
4 0.453500 0.551667 0.012000 0.007333
3 0.056250 0.782000 0.025500 0.022667
