4 0.408929 0.011429 0.015000 0.022857
5 0.407143 0.034762 0.014286 0.042857
10 0.379286 0.030476 0.018571 0.013333
10 0.377143 0.037619 0.017143 0.014286
2 0.414286 0.092381 0.007143 0.013333
10 0.413929 0.093810 0.006429 0.025714
4 0.495714 0.038571 0.017143 0.035238
4 0.498214 0.131905 0.019286 0.042857
4 0.566429 0.200952 0.021429 0.043810
4 0.406071 0.144762 0.019286 0.045714
4 0.402500 0.191429 0.022143 0.049524
4 0.404286 0.247619 0.020000 0.051429
4 0.401786 0.307619 0.023571 0.059048
4 0.401071 0.368571 0.020714 0.053333
4 0.302143 0.440476 0.062857 0.037143
4 0.243571 0.431429 0.052857 0.041905
4 0.394286 0.630000 0.028571 0.080952
4 0.387500 0.738095 0.030714 0.095238
4 0.386786 0.966190 0.033571 0.067619
10 0.336429 0.977143 0.037143 0.026667
10 0.335357 0.942857 0.036429 0.017143
10 0.348571 0.744286 0.025714 0.020000
10 0.346071 0.725714 0.025000 0.019048
10 0.347143 0.707143 0.025714 0.016190
10 0.291429 0.571429 0.012857 0.036190
10 0.355000 0.578095 0.030000 0.022857
10 0.325714 0.194286 0.007143 0.026667
10 0.375357 0.164286 0.020714 0.018095
10 0.380357 0.130000 0.016429 0.012381
10 0.436071 0.209048 0.007857 0.025714
10 0.451786 0.231429 0.006429 0.022857
10 0.444286 0.273810 0.007143 0.027619
10 0.429643 0.402857 0.007857 0.030476
10 0.463214 0.422381 0.009286 0.033333
10 0.445714 0.460000 0.008571 0.030476
10 0.468571 0.530476 0.010000 0.028571
8 0.399286 0.558095 0.015714 0.045714
10 0.437143 0.590000 0.010000 0.037143
10 0.432143 0.850476 0.011429 0.045714
10 0.432857 0.972857 0.012857 0.052381
1 0.683214 0.911429 0.013571 0.015238
10 0.670357 0.721905 0.035000 0.019048
10 0.666786 0.704286 0.029286 0.018095
10 0.673929 0.742857 0.030714 0.017143
8 0.633571 0.599524 0.025714 0.052381
10 0.590000 0.190476 0.022857 0.013333
10 0.529286 0.155714 0.007143 0.020000
10 0.520357 0.035714 0.005000 0.018095
1 0.556429 0.178571 0.004286 0.023810
2 0.529643 0.150952 0.006429 0.016190
2 0.520714 0.031905 0.004286 0.016190
2 0.435357 0.201905 0.005000 0.013333
2 0.434286 0.197619 0.007143 0.014286
2 0.451786 0.223810 0.005000 0.017143
2 0.444643 0.270476 0.006429 0.015238
1 0.340000 0.122381 0.008571 0.025714
2 0.429643 0.397619 0.007857 0.014286
2 0.446071 0.456190 0.007857 0.017143
2 0.464643 0.418571 0.007857 0.014286
2 0.469643 0.524762 0.007857 0.019048
2 0.401071 0.560000 0.010714 0.017143
2 0.437143 0.586667 0.010000 0.013333
2 0.431071 0.848095 0.010714 0.018095
2 0.432857 0.975714 0.014286 0.020000
4 0.528214 0.496667 0.029286 0.075238
4 0.508214 0.361429 0.023571 0.058095
4 0.560000 0.403333 0.027143 0.058095
4 0.595714 0.455714 0.027143 0.060000
4 0.589286 0.386190 0.027143 0.060000
8 0.517857 0.234286 0.020000 0.051429
4 0.830000 0.142857 0.035714 0.040000
4 0.852857 0.142857 0.028571 0.036190
4 0.913571 0.554286 0.040000 0.074286
6 0.948929 0.552381 0.049286 0.080000
4 0.977143 0.551429 0.044286 0.074286
4 0.870357 0.697143 0.067857 0.041905
4 0.848214 0.656190 0.065000 0.038095
10 0.918929 0.814762 0.020714 0.044762
10 0.933929 0.816667 0.019286 0.042857
10 0.923214 0.769048 0.017857 0.040952
4 0.961429 0.795238 0.047143 0.085714
