5 0.458929 0.221429 0.006429 0.012381
4 0.497857 0.149048 0.004286 0.006667
4 0.502857 0.143333 0.004286 0.004762
4 0.475357 0.149524 0.006429 0.007619
6 0.489286 0.131429 0.007143 0.015238
0 0.488929 0.176190 0.003571 0.007619
0 0.446071 0.218095 0.010714 0.013333
0 0.485357 0.209524 0.006429 0.011429
0 0.551071 0.091905 0.022143 0.033333
4 0.333929 0.170952 0.006429 0.008571
4 0.338929 0.164762 0.005000 0.009524
4 0.361786 0.153333 0.007857 0.007619
4 0.326429 0.198095 0.007143 0.007619
5 0.302143 0.235238 0.014286 0.011429
6 0.292500 0.245238 0.019286 0.014286
5 0.236071 0.264762 0.012143 0.015238
6 0.473929 0.405714 0.017857 0.068571
4 0.160000 0.731905 0.041429 0.061905
4 0.622857 0.238571 0.008571 0.012381
4 0.598214 0.237619 0.013571 0.010476
4 0.579286 0.210000 0.010000 0.006667
5 0.578214 0.206667 0.007857 0.007619
5 0.592143 0.228571 0.012857 0.007619
5 0.602500 0.250476 0.013571 0.009524
5 0.610714 0.260952 0.012857 0.009524
5 0.612143 0.225238 0.007143 0.008571
4 0.672500 0.325238 0.013571 0.014286
6 0.647143 0.314286 0.030000 0.020952
4 0.631429 0.227619 0.014286 0.011429
4 0.588214 0.222857 0.015000 0.009524
4 0.606429 0.255238 0.012857 0.007619
4 0.615714 0.267143 0.017143 0.010476
