9 0.272857 0.658095 0.092857 0.064762
9 0.224643 0.651429 0.106429 0.070476
9 0.183571 0.642381 0.092857 0.065714
9 0.152857 0.629524 0.092857 0.066667
9 0.133929 0.617143 0.095000 0.064762
9 0.123571 0.601429 0.088571 0.063810
9 0.110357 0.588095 0.089286 0.061905
9 0.038929 0.526190 0.076429 0.044762
9 0.026786 0.514286 0.053571 0.036190
9 0.020000 0.504762 0.040000 0.032381
1 0.162500 0.497143 0.005000 0.011429
1 0.184643 0.525238 0.006429 0.014286
1 0.187857 0.588095 0.007143 0.014286
1 0.271429 0.609048 0.008571 0.014286
1 0.362857 0.606667 0.005714 0.015238
1 0.371071 0.592857 0.005000 0.014286
1 0.275357 0.529048 0.003571 0.010476
1 0.277857 0.530000 0.004286 0.010476
1 0.280714 0.533333 0.004286 0.011429
1 0.291071 0.526667 0.005000 0.013333
1 0.303214 0.520476 0.005000 0.014286
1 0.397143 0.581429 0.005714 0.016190
1 0.438929 0.497143 0.005000 0.011429
1 0.430000 0.503333 0.004286 0.012381
1 0.427500 0.501429 0.005000 0.014286
1 0.427500 0.552857 0.003571 0.012381
1 0.430357 0.553333 0.005000 0.013333
1 0.433214 0.569048 0.005000 0.014286
1 0.430000 0.568571 0.004286 0.017143
1 0.486429 0.461905 0.005714 0.013333
1 0.496429 0.448571 0.004286 0.009524
1 0.505357 0.444762 0.003571 0.009524
1 0.520000 0.446667 0.004286 0.009524
1 0.528571 0.430476 0.002857 0.009524
1 0.533929 0.439048 0.003571 0.009524
1 0.509643 0.469524 0.003571 0.011429
4 0.571786 0.473333 0.022143 0.015238
4 0.609286 0.428571 0.017143 0.013333
4 0.839286 0.461905 0.011429 0.017143
4 0.838571 0.307619 0.005714 0.007619
9 0.829643 0.383810 0.012143 0.024762
4 0.611071 0.890952 0.035000 0.065714
