4 0.502143 0.826190 0.034286 0.105714
10 0.593929 0.861429 0.016429 0.046667
10 0.548214 0.590000 0.012143 0.040952
2 0.547857 0.600000 0.008571 0.024762
2 0.547857 0.589524 0.008571 0.024762
1 0.572500 0.599048 0.010714 0.017143
5 0.378571 0.544286 0.077143 0.042857
1 0.333571 0.640952 0.014286 0.020952
1 0.320357 0.615238 0.015000 0.015238
1 0.582500 0.662857 0.010714 0.017143
1 0.563929 0.498571 0.010714 0.023810
1 0.571786 0.490476 0.010714 0.019048
10 0.506429 0.523810 0.030000 0.022857
2 0.508214 0.524286 0.016429 0.018095
10 0.476786 0.527619 0.027857 0.019048
1 0.470357 0.494762 0.015000 0.018095
1 0.488214 0.478571 0.017857 0.018095
1 0.519643 0.477143 0.010714 0.020952
1 0.516786 0.449524 0.010714 0.022857
2 0.533929 0.482381 0.015000 0.021905
3 0.533929 0.484762 0.009286 0.034286
1 0.846786 0.477143 0.017857 0.017143
4 0.785357 0.463810 0.079286 0.051429
4 0.700357 0.464762 0.083571 0.055238
1 0.542500 0.291429 0.010714 0.019048
1 0.541429 0.260476 0.008571 0.029524
10 0.550000 0.227143 0.011429 0.037143
1 0.534643 0.148095 0.009286 0.029524
1 0.532857 0.116667 0.008571 0.027619
1 0.536071 0.022857 0.010714 0.024762
2 0.452500 0.446190 0.013571 0.014286
2 0.466786 0.438095 0.012143 0.017143
1 0.378929 0.486190 0.013571 0.020000
10 0.546786 0.970476 0.019286 0.053333
2 0.545714 0.972381 0.015714 0.026667
