4 0.481071 0.468571 0.019286 0.051429
4 0.521786 0.307143 0.032143 0.020000
4 0.475357 0.210952 0.010714 0.025714
4 0.450357 0.038095 0.007857 0.015238
4 0.482500 0.071905 0.009286 0.014286
4 0.510000 0.210000 0.011429 0.018095
4 0.452143 0.066667 0.010000 0.015238
4 0.488929 0.038095 0.009286 0.013333
4 0.471429 0.016667 0.007143 0.012381
4 0.486071 0.017143 0.009286 0.011429
4 0.486786 0.026667 0.007857 0.013333
5 0.473929 0.035714 0.009286 0.014286
5 0.452500 0.091429 0.007857 0.019048
5 0.451429 0.078095 0.008571 0.017143
5 0.450357 0.007143 0.007857 0.014286
5 0.391786 0.318095 0.032143 0.028571
4 0.452500 0.351429 0.029286 0.030476
4 0.452857 0.220476 0.011429 0.020000
6 0.453929 0.172381 0.017857 0.049524
6 0.451786 0.052857 0.009286 0.016190
10 0.400714 0.286667 0.014286 0.011429
10 0.374643 0.287619 0.013571 0.009524
10 0.550714 0.292857 0.011429 0.006667
10 0.470714 0.250952 0.004286 0.012381
10 0.515357 0.248571 0.006429 0.017143
10 0.512143 0.229524 0.004286 0.007619
10 0.488571 0.165714 0.004286 0.011429
10 0.469286 0.121905 0.004286 0.009524
10 0.486071 0.054286 0.006429 0.007619
10 0.485714 0.102857 0.002857 0.007619
10 0.485000 0.114762 0.004286 0.010476
10 0.451071 0.273333 0.007857 0.017143
10 0.459643 0.403810 0.006429 0.019048
10 0.523929 0.389048 0.006429 0.016190
10 0.486786 0.086667 0.003571 0.009524
10 0.494643 0.081905 0.007857 0.007619
10 0.496071 0.100952 0.005000 0.009524
10 0.497500 0.096190 0.007857 0.007619
8 0.494286 0.067143 0.005714 0.016190
1 0.565714 0.503333 0.004286 0.014286
1 0.568929 0.500952 0.003571 0.015238
1 0.573929 0.504286 0.005000 0.016190
1 0.394286 0.405714 0.007143 0.017143
1 0.386429 0.332381 0.005714 0.011429
1 0.500714 0.112381 0.002857 0.011429
1 0.505357 0.130952 0.003571 0.012381
1 0.509643 0.131429 0.002143 0.013333
1 0.512143 0.135238 0.002857 0.007619
0 0.509643 0.077619 0.010714 0.061905
3 0.462500 0.282381 0.005000 0.008571
2 0.462143 0.276190 0.004286 0.011429
2 0.371071 0.284762 0.002143 0.009524
2 0.373929 0.283333 0.005000 0.008571
2 0.401786 0.285238 0.005000 0.008571
2 0.398929 0.285238 0.005000 0.010476
2 0.470714 0.246190 0.004286 0.010476
2 0.551786 0.289048 0.005000 0.010476
2 0.554643 0.289524 0.003571 0.009524
2 0.511786 0.222381 0.003571 0.010476
2 0.488571 0.161905 0.004286 0.007619
2 0.486071 0.100000 0.002143 0.007619
1 0.474286 0.073333 0.002857 0.011429
1 0.456071 0.230952 0.005000 0.014286
3 0.121429 0.292857 0.012857 0.006667
8 0.455714 0.120952 0.010000 0.017143
8 0.452857 0.135714 0.010000 0.014286
