1 0.263214 0.877619 0.039286 0.075238
1 0.202143 0.257619 0.012857 0.046667
1 0.007857 0.613333 0.015714 0.030476
1 0.005357 0.667143 0.010714 0.021905
1 0.037857 0.628095 0.037143 0.050476
1 0.043929 0.705714 0.042143 0.055238
1 0.079643 0.585714 0.030714 0.053333
1 0.146786 0.655238 0.040714 0.055238
1 0.160714 0.500476 0.025714 0.046667
1 0.232500 0.480952 0.012143 0.045714
1 0.225357 0.461905 0.015000 0.038095
1 0.232500 0.598095 0.015000 0.047619
1 0.242857 0.632381 0.014286 0.036190
1 0.265714 0.640476 0.022857 0.042857
1 0.306429 0.492381 0.008571 0.032381
1 0.301786 0.473810 0.012143 0.023810
1 0.346786 0.567143 0.022143 0.044762
1 0.328214 0.548095 0.016429 0.044762
1 0.370714 0.530000 0.018571 0.037143
1 0.463214 0.541905 0.019286 0.047619
1 0.469286 0.508571 0.017143 0.047619
1 0.537857 0.471905 0.015714 0.042857
1 0.562143 0.492857 0.015714 0.039048
1 0.583929 0.532381 0.017857 0.040000
1 0.645714 0.500476 0.020000 0.046667
1 0.696071 0.463810 0.023571 0.047619
1 0.775357 0.423333 0.020714 0.052381
1 0.807500 0.407619 0.016429 0.041905
1 0.796786 0.389048 0.017857 0.044762
1 0.838214 0.441429 0.015000 0.042857
1 0.878571 0.427619 0.018571 0.047619
1 0.982143 0.410000 0.024286 0.048571
1 0.718929 0.217619 0.015000 0.035238
1 0.678214 0.248571 0.013571 0.030476
1 0.710714 0.294762 0.012857 0.040952
1 0.824643 0.302381 0.013571 0.048571
1 0.491786 0.330000 0.017857 0.048571
