0 0.560000 0.058095 0.018571 0.009524
0 0.566429 0.043333 0.010000 0.014286
4 0.553571 0.109524 0.002857 0.003810
4 0.556786 0.115238 0.003571 0.003810
4 0.519286 0.166190 0.005714 0.004762
4 0.507500 0.109524 0.003571 0.003810
6 0.485714 0.145238 0.004286 0.008571
0 0.517143 0.099048 0.015714 0.011429
0 0.521429 0.134762 0.007143 0.008571
0 0.512857 0.193810 0.008571 0.006667
0 0.498571 0.113810 0.004286 0.008571
6 0.524643 0.085714 0.007857 0.013333
6 0.561429 0.105714 0.005714 0.009524
6 0.547500 0.124762 0.005000 0.009524
4 0.510000 0.179048 0.005714 0.007619
4 0.895357 0.646190 0.042143 0.044762
4 0.965357 0.667143 0.050714 0.033333
5 0.862143 0.699048 0.048571 0.032381
4 0.835357 0.668095 0.043571 0.031429
5 0.733571 0.517619 0.020000 0.031429
4 0.746429 0.536667 0.022857 0.029524
4 0.813214 0.633333 0.045000 0.030476
4 0.917857 0.785238 0.042857 0.058095
4 0.010000 0.579524 0.020000 0.039048
4 0.031429 0.542857 0.032857 0.041905
4 0.139643 0.336190 0.013571 0.022857
4 0.127500 0.349524 0.017857 0.022857
5 0.228929 0.270952 0.016429 0.014286
4 0.113929 0.371429 0.016429 0.022857
4 0.419286 0.318571 0.010000 0.020000
4 0.202857 0.287143 0.018571 0.014286
6 0.415357 0.429524 0.022143 0.072381
5 0.564286 0.246190 0.014286 0.012381
4 0.597143 0.315238 0.011429 0.015238
4 0.608929 0.314762 0.010714 0.014286
0 0.682143 0.273333 0.044286 0.026667
0 0.483929 0.240000 0.009286 0.015238
3 0.375357 0.961429 0.007857 0.031429
2 0.374286 0.955714 0.010000 0.020000
0 0.414286 0.146667 0.024286 0.015238
