1 0.456786 0.776650 0.010714 0.022843
1 0.442857 0.982868 0.008571 0.031726
1 0.433929 0.983503 0.010714 0.027919
1 0.399286 0.727157 0.010000 0.043147
1 0.424286 0.494924 0.010000 0.025381
1 0.413214 0.487944 0.007857 0.029188
1 0.531429 0.743020 0.010000 0.031726
2 0.531429 0.735406 0.007143 0.021574
2 0.424286 0.487944 0.008571 0.013959
1 0.457857 0.657360 0.010000 0.020305
1 0.468929 0.677665 0.007857 0.017766
1 0.476071 0.686548 0.007857 0.022843
1 0.471071 0.663706 0.007857 0.015228
1 0.477857 0.670685 0.005714 0.019036
1 0.609286 0.569162 0.007143 0.021574
1 0.603929 0.572970 0.006429 0.016497
2 0.585000 0.576777 0.010000 0.013959
1 0.560357 0.536802 0.006429 0.015228
1 0.577143 0.532360 0.007143 0.029188
1 0.570000 0.527284 0.008571 0.036802
1 0.474286 0.567259 0.008571 0.027919
1 0.457857 0.451777 0.008571 0.027919
1 0.451429 0.445431 0.007143 0.030457
1 0.463929 0.428299 0.006429 0.031726
1 0.467857 0.419416 0.007143 0.034264
2 0.556786 0.329315 0.007857 0.013959
2 0.576786 0.344543 0.007857 0.011421
2 0.586786 0.343274 0.007857 0.016497
2 0.584286 0.330584 0.008571 0.019036
1 0.664643 0.218909 0.007857 0.016497
1 0.681429 0.215102 0.007143 0.029188
1 0.506429 0.168782 0.007143 0.027919
1 0.500000 0.175761 0.004286 0.021574
1 0.468929 0.090102 0.006429 0.017766
2 0.583929 0.075508 0.005000 0.013959
2 0.580000 0.082487 0.004286 0.010152
1 0.603929 0.052030 0.006429 0.025381
1 0.611786 0.051396 0.007857 0.026650
1 0.467143 0.027284 0.008571 0.019036
4 0.877857 0.488579 0.067143 0.129442
1 0.719286 0.382614 0.010000 0.021574
1 0.716786 0.376269 0.010714 0.016497
1 0.695357 0.265863 0.007857 0.024112
2 0.576429 0.324239 0.010000 0.016497
0 0.523571 0.111675 0.021429 0.022843
0 0.544286 0.066624 0.021429 0.024112
2 0.436071 0.178934 0.007857 0.017766
