6 0.042857 0.024762 0.057143 0.049524
4 0.065000 0.015714 0.037143 0.031429
1 0.084643 0.016190 0.007857 0.024762
4 0.195357 0.019048 0.035000 0.038095
4 0.233571 0.021905 0.032857 0.036190
4 0.128929 0.147143 0.042143 0.050476
1 0.325714 0.791429 0.024286 0.034286
1 0.518929 0.021429 0.009286 0.021905
1 0.512500 0.066190 0.009286 0.018095
1 0.492500 0.158571 0.007857 0.023810
1 0.639286 0.006667 0.012857 0.011429
6 0.607143 0.045714 0.070000 0.057143
5 0.604643 0.148095 0.063571 0.039048
6 0.595000 0.265238 0.088571 0.067619
4 0.746786 0.143333 0.039286 0.042857
4 0.739286 0.062857 0.048571 0.030476
4 0.737857 0.042381 0.050000 0.027619
4 0.765357 0.007143 0.033571 0.014286
4 0.793929 0.063333 0.047857 0.031429
4 0.800357 0.048095 0.047857 0.029524
4 0.872500 0.313333 0.070714 0.043810
4 0.868571 0.255714 0.064286 0.039048
4 0.853214 0.222857 0.057857 0.032381
4 0.840357 0.195714 0.062143 0.033333
4 0.832857 0.171429 0.062857 0.034286
4 0.815357 0.140000 0.065000 0.034286
4 0.812857 0.123810 0.055714 0.024762
4 0.805357 0.100000 0.039286 0.028571
1 0.869286 0.277143 0.011429 0.028571
1 0.889643 0.274762 0.009286 0.025714
1 0.877143 0.280476 0.008571 0.021905
4 0.935714 0.077143 0.052857 0.032381
4 0.932500 0.058571 0.052143 0.020000
4 0.909286 0.043810 0.040000 0.026667
4 0.971429 0.020952 0.045714 0.028571
4 0.980357 0.031429 0.039286 0.022857
4 0.982500 0.042381 0.035000 0.018095
4 0.985357 0.057619 0.029286 0.025714
5 0.988571 0.075714 0.022857 0.031429
4 0.964286 0.151905 0.064286 0.033333
6 0.970000 0.185238 0.060000 0.039048
4 0.974643 0.213810 0.050714 0.029524
4 0.986071 0.247143 0.027857 0.033333
1 0.384286 0.658571 0.018571 0.042857
1 0.600000 0.807619 0.021429 0.036190
6 0.592500 0.374286 0.103571 0.089524
5 0.866429 0.374286 0.067143 0.049524
4 0.905714 0.493333 0.090000 0.062857
4 0.919286 0.584762 0.105714 0.064762
4 0.941429 0.644286 0.097143 0.058095
4 0.950714 0.711429 0.098571 0.070476
