5 0.111786 0.372381 0.097857 0.123810
10 0.178929 0.433333 0.047857 0.041905
10 0.344643 0.204762 0.036429 0.049524
4 0.398929 0.422381 0.106429 0.155238
2 0.240000 0.636190 0.024286 0.028571
3 0.242500 0.635238 0.026429 0.055238
10 0.127500 0.505714 0.045000 0.053333
10 0.158214 0.463333 0.043571 0.046667
10 0.200000 0.395714 0.034286 0.054286
10 0.102143 0.540952 0.045714 0.045714
10 0.072857 0.565238 0.047143 0.061905
10 0.046786 0.599524 0.039286 0.056190
10 0.028571 0.612381 0.037143 0.053333
10 0.010714 0.773810 0.021429 0.040952
10 0.012143 0.639048 0.024286 0.047619
2 0.016429 0.604762 0.032857 0.026667
2 0.219643 0.339524 0.023571 0.023810
1 0.226429 0.309524 0.024286 0.030476
1 0.191429 0.353333 0.027143 0.026667
1 0.215000 0.357143 0.028571 0.028571
10 0.225357 0.344762 0.045000 0.055238
1 0.196786 0.314762 0.029286 0.025714
1 0.183929 0.325714 0.023571 0.034286
1 0.194643 0.340000 0.026429 0.032381
1 0.190357 0.294286 0.025000 0.036190
1 0.208214 0.294762 0.027857 0.025714
1 0.036071 0.272857 0.033571 0.035238
2 0.689643 0.273810 0.023571 0.031429
10 0.687857 0.276667 0.040000 0.067619
10 0.402500 0.952381 0.047857 0.051429
10 0.391786 0.976190 0.045000 0.047619
10 0.432143 0.926190 0.045714 0.061905
1 0.451786 0.803810 0.019286 0.028571
1 0.450714 0.768095 0.018571 0.021905
1 0.470000 0.735714 0.018571 0.027619
1 0.548929 0.553810 0.019286 0.029524
3 0.548571 0.554762 0.027143 0.042857
4 0.884643 0.127143 0.102143 0.092381
4 0.481786 0.033810 0.083571 0.067619
4 0.056429 0.322857 0.110000 0.148571
