4 0.168058 0.607607 0.046973 0.094620
5 0.293058 0.564471 0.058977 0.064007
7 0.058194 0.559369 0.025574 0.068646
7 0.528445 0.746753 0.015136 0.072356
4 0.484603 0.551020 0.045407 0.087199
4 0.399008 0.283395 0.053758 0.043599
7 0.352818 0.527365 0.026096 0.052876
7 0.363518 0.470315 0.013048 0.044527
3 0.340814 0.468924 0.015658 0.021336
10 0.356211 0.406772 0.008873 0.026902
5 0.610386 0.300557 0.026618 0.037106
6 0.518267 0.283395 0.015658 0.049165
7 0.775574 0.976809 0.060543 0.044527
7 0.567067 0.066327 0.016180 0.023191
1 0.406837 0.020872 0.004697 0.021336
1 0.407881 0.041744 0.004697 0.014842
9 0.443894 0.012523 0.016180 0.025046
2 0.530010 0.750000 0.009916 0.028757
