6 0.640750 0.888667 0.223500 0.216000
6 0.380000 0.803000 0.081000 0.346000
5 0.372250 0.625333 0.032500 0.025333
9 0.449750 0.722000 0.027500 0.073333
4 0.375250 0.492333 0.018500 0.024667
4 0.374750 0.426667 0.013500 0.020000
4 0.378000 0.410000 0.013000 0.016000
4 0.375500 0.399000 0.009000 0.012667
6 0.375250 0.381000 0.013500 0.030000
4 0.452000 0.399667 0.024000 0.014000
1 0.447500 0.401333 0.004000 0.013333
6 0.405750 0.371000 0.011500 0.019333
4 0.395250 0.336333 0.009500 0.011333
4 0.396750 0.345667 0.004500 0.007333
4 0.401750 0.352000 0.006500 0.008000
4 0.403250 0.356000 0.006500 0.006667
6 0.425000 0.378000 0.014000 0.020000
5 0.444250 0.394333 0.020500 0.015333
5 0.700000 0.473000 0.021000 0.026000
1 0.855750 0.561333 0.007500 0.025333
10 0.887000 0.583667 0.018000 0.023333
4 0.784000 0.512667 0.037000 0.020000
4 0.759000 0.486333 0.036000 0.023333
1 0.761750 0.495000 0.008500 0.016667
10 0.722000 0.475333 0.014000 0.016000
5 0.628000 0.439667 0.019000 0.018000
10 0.666750 0.451667 0.011500 0.010000
1 0.627500 0.425667 0.005000 0.014000
7 0.648750 0.441667 0.009500 0.010000
4 0.604500 0.407667 0.021000 0.016667
4 0.583250 0.400000 0.021500 0.013333
4 0.589500 0.429333 0.032000 0.017333
4 0.565750 0.425333 0.027500 0.014667
4 0.508500 0.363000 0.009000 0.008667
4 0.490750 0.354000 0.015500 0.013333
4 0.522750 0.369333 0.018500 0.012000
0 0.384000 0.310667 0.018000 0.012000
1 0.072000 0.407333 0.008000 0.016000
4 0.835750 0.615667 0.063500 0.035333
4 0.638500 0.484000 0.082000 0.054667
10 0.900750 0.580000 0.013500 0.020000
10 0.915500 0.600333 0.012000 0.020667
10 0.925000 0.602333 0.009000 0.019333
10 0.937750 0.604667 0.014500 0.018667
10 0.946750 0.622333 0.019500 0.019333
1 0.952500 0.619000 0.011000 0.024667
1 0.773500 0.473000 0.004000 0.018000
10 0.783500 0.494333 0.014000 0.016667
