5 0.195720 0.299165 0.055324 0.123377
4 0.257046 0.255566 0.050626 0.093692
1 0.350470 0.281076 0.017223 0.051948
4 0.357255 0.838590 0.073591 0.235622
4 0.583768 0.537106 0.061065 0.179963
5 0.750783 0.474490 0.052714 0.147495
8 0.629436 0.429499 0.066806 0.068646
7 0.640658 0.083024 0.026618 0.086271
2 0.506785 0.115955 0.012526 0.046382
3 0.507307 0.125696 0.008351 0.045455
1 0.772443 0.306122 0.015658 0.035250
1 0.864040 0.588590 0.016180 0.030612
1 0.873695 0.569109 0.020877 0.045455
10 0.923017 0.555195 0.040188 0.045455
1 0.810282 0.626160 0.019311 0.044527
1 0.777662 0.628479 0.020877 0.049165
10 0.756263 0.647495 0.029228 0.096475
10 0.725992 0.622913 0.025052 0.060297
10 0.788361 0.738404 0.026618 0.077922
10 0.736430 0.760668 0.032359 0.063080
10 0.675104 0.720315 0.030793 0.075139
10 0.647182 0.716605 0.025052 0.069573
3 0.864040 0.249072 0.021399 0.047310
10 0.950418 0.377087 0.020877 0.064007
10 0.974948 0.733302 0.021921 0.073284
10 0.802975 0.908163 0.017223 0.076067
10 0.753914 0.871985 0.042276 0.077922
2 0.753914 0.866883 0.026618 0.054731
10 0.671190 0.826994 0.018789 0.084416
7 0.595251 0.728664 0.058977 0.130798
7 0.608299 0.869666 0.053758 0.153061
7 0.585856 0.933673 0.069415 0.130798
