4 0.153929 0.059048 0.023571 0.034286
4 0.089286 0.108095 0.027143 0.040952
4 0.149286 0.164762 0.025714 0.040000
4 0.133929 0.218571 0.033571 0.046667
4 0.327143 0.528571 0.062857 0.095238
4 0.467143 0.524762 0.067143 0.083810
4 0.515714 0.678095 0.085714 0.100952
5 0.536786 0.352381 0.049286 0.057143
5 0.681429 0.512857 0.054286 0.063810
5 0.462143 0.940000 0.085714 0.120000
6 0.555714 0.950000 0.098571 0.100000
10 0.059286 0.019524 0.012857 0.020000
2 0.057143 0.017619 0.007143 0.010476
4 0.238214 0.016190 0.039286 0.032381
4 0.746429 0.360000 0.045714 0.047619
10 0.734286 0.612857 0.030000 0.033333
10 0.705714 0.620476 0.028571 0.037143
2 0.730357 0.607143 0.013571 0.014286
2 0.701071 0.613810 0.010714 0.014286
