4 0.491071 0.018095 0.046429 0.036190
4 0.459643 0.027619 0.045000 0.047619
4 0.655000 0.304286 0.062857 0.067619
4 0.443929 0.258095 0.053571 0.074286
4 0.371071 0.288571 0.057857 0.074286
10 0.617143 0.347619 0.021429 0.028571
10 0.628929 0.336190 0.019286 0.036190
10 0.169643 0.723810 0.032143 0.038095
10 0.507857 0.706667 0.028571 0.043810
2 0.507857 0.706190 0.015714 0.029524
1 0.512143 0.519048 0.011429 0.030476
2 0.553929 0.977619 0.015000 0.025714
2 0.543571 0.987619 0.018571 0.020952
10 0.547857 0.980952 0.037143 0.038095
4 0.512857 0.611905 0.078571 0.092381
4 0.302143 0.340476 0.048571 0.061905
4 0.261071 0.366667 0.060714 0.072381
4 0.225000 0.396667 0.057143 0.082857
6 0.679643 0.912381 0.099286 0.142857
4 0.800000 0.950000 0.092857 0.100000
4 0.923571 0.788095 0.078571 0.109524
4 0.821786 0.736190 0.082143 0.108571
6 0.946786 0.549524 0.106429 0.150476
2 0.983929 0.232857 0.010714 0.020000
8 0.983929 0.233810 0.027857 0.042857
4 0.693214 0.169524 0.053571 0.047619
1 0.264643 0.121905 0.009286 0.030476
