4 0.567143 0.809010 0.057143 0.067259
4 0.556786 0.650381 0.063571 0.054569
4 0.550000 0.581218 0.050000 0.040609
4 0.559286 0.419416 0.060000 0.054569
4 0.554286 0.293782 0.067143 0.054569
4 0.555357 0.216371 0.059286 0.046954
4 0.740714 0.418147 0.028571 0.110406
4 0.856786 0.893401 0.030714 0.119289
4 0.437143 0.342640 0.058571 0.048223
4 0.459286 0.282360 0.060000 0.041878
4 0.407143 0.108503 0.060000 0.052030
4 0.406786 0.042513 0.060714 0.046954
4 0.551786 0.053299 0.063571 0.055838
4 0.412857 0.485406 0.064286 0.049492
4 0.410000 0.541244 0.060000 0.044416
4 0.412500 0.597081 0.065000 0.049492
4 0.419286 0.656091 0.062857 0.048223
4 0.415000 0.718274 0.062857 0.055838
4 0.418929 0.828046 0.060714 0.054569
4 0.494286 0.917513 0.038571 0.116751
4 0.416786 0.889594 0.067857 0.053299
4 0.423571 0.984772 0.060000 0.027919
4 0.926071 0.869924 0.032143 0.118020
4 0.850714 0.355964 0.071429 0.052030
4 0.852500 0.281091 0.076429 0.052030
1 0.798214 0.364213 0.017857 0.027919
10 0.546786 0.468909 0.027857 0.029188
10 0.392143 0.274112 0.010000 0.040609
10 0.321429 0.107868 0.008571 0.035533
1 0.353214 0.505711 0.010714 0.016497
1 0.326429 0.537437 0.014286 0.024112
1 0.345000 0.697335 0.011429 0.021574
1 0.373214 0.639594 0.009286 0.015228
10 0.380000 0.788071 0.022857 0.022843
10 0.540000 0.712563 0.030000 0.013959
