1 0.287500 0.675714 0.026429 0.065714
1 0.096786 0.305714 0.020714 0.049524
3 0.092143 0.317143 0.031429 0.041905
1 0.147857 0.238095 0.017143 0.032381
1 0.261071 0.127619 0.009286 0.020952
1 0.267500 0.123333 0.009286 0.035238
1 0.257500 0.079048 0.016429 0.034286
1 0.285714 0.046667 0.007143 0.024762
1 0.235714 0.060000 0.011429 0.032381
4 0.611071 0.414286 0.120714 0.070476
4 0.491071 0.538095 0.059286 0.131429
4 0.335714 0.537143 0.077143 0.135238
10 0.833214 0.397143 0.053571 0.032381
4 0.770357 0.529524 0.083571 0.142857
5 0.922143 0.533810 0.094286 0.149524
4 0.094643 0.575238 0.160714 0.083810
5 0.238214 0.887143 0.152143 0.225714
4 0.571071 0.901905 0.085000 0.196190
4 0.676429 0.900952 0.101429 0.198095
1 0.412143 0.202381 0.020000 0.039048
1 0.485714 0.286190 0.010000 0.037143
