4 0.902923 0.442022 0.035491 0.062152
4 0.755480 0.530612 0.040188 0.089054
4 0.655010 0.593692 0.040710 0.094620
4 0.613779 0.621521 0.039666 0.092764
4 0.472860 0.691558 0.036534 0.112245
4 0.399269 0.195733 0.029228 0.077922
4 0.249478 0.788961 0.030271 0.110390
4 0.194676 0.816327 0.035491 0.118738
10 0.146138 0.852041 0.012526 0.030612
1 0.167276 0.893321 0.007829 0.011132
10 0.171973 0.923933 0.012004 0.038961
2 0.170668 0.954082 0.015658 0.015770
2 0.181106 0.974954 0.011482 0.016698
4 0.116388 0.863636 0.038622 0.116883
4 0.069154 0.884045 0.036013 0.118738
4 0.033142 0.905844 0.034969 0.125232
8 0.138309 0.690631 0.048017 0.049165
