5 0.226429 0.882857 0.152857 0.135238
4 0.181429 0.568571 0.082857 0.036190
4 0.187143 0.519048 0.070000 0.032381
4 0.095714 0.510000 0.077143 0.035238
4 0.212143 0.494762 0.067143 0.033333
4 0.300714 0.487619 0.058571 0.030476
4 0.021071 0.452381 0.042143 0.026667
4 0.093929 0.448571 0.057857 0.028571
4 0.171786 0.439524 0.050714 0.027619
4 0.283929 0.438095 0.052143 0.026667
4 0.264643 0.431429 0.047857 0.026667
4 0.334643 0.423333 0.049286 0.025714
4 0.399286 0.420476 0.045714 0.025714
5 0.171786 0.383810 0.020714 0.019048
4 0.199286 0.378571 0.021429 0.020000
4 0.223214 0.380000 0.025000 0.019048
4 0.258929 0.375714 0.017857 0.018095
1 0.294643 0.391429 0.006429 0.019048
1 0.298929 0.390952 0.006429 0.020000
1 0.367143 0.424762 0.005714 0.020952
1 0.378214 0.426667 0.006429 0.019048
0 0.346429 0.453333 0.030000 0.022857
4 0.291786 0.342381 0.022143 0.018095
0 0.116071 0.378571 0.015000 0.023810
0 0.151429 0.383810 0.015714 0.017143
0 0.097857 0.388571 0.015714 0.020952
1 0.243571 0.356190 0.004286 0.011429
1 0.233571 0.353810 0.004286 0.012381
1 0.305714 0.378095 0.005714 0.020952
0 0.360000 0.338571 0.015714 0.014286
5 0.359286 0.327619 0.017143 0.013333
4 0.412857 0.292857 0.012857 0.012381
4 0.461429 0.286190 0.025714 0.010476
0 0.456786 0.278571 0.022143 0.012381
0 0.452857 0.272381 0.020000 0.013333
0 0.448571 0.265714 0.018571 0.015238
0 0.442500 0.260952 0.016429 0.015238
0 0.426429 0.258095 0.011429 0.011429
0 0.422500 0.245238 0.010714 0.014286
4 0.440714 0.243333 0.014286 0.006667
4 0.482500 0.280000 0.019286 0.013333
0 0.474286 0.271905 0.017143 0.010476
0 0.467500 0.262381 0.012143 0.010476
5 0.456071 0.253810 0.010714 0.008571
4 0.458214 0.244762 0.015000 0.007619
0 0.450000 0.235238 0.018571 0.007619
9 0.537500 0.286190 0.033571 0.020000
1 0.523929 0.295714 0.003571 0.012381
4 0.522143 0.273810 0.018571 0.010476
4 0.519286 0.270476 0.018571 0.009524
4 0.513929 0.266667 0.019286 0.009524
0 0.505357 0.257619 0.015000 0.012381
0 0.492500 0.241905 0.013571 0.011429
5 0.462500 0.412381 0.042143 0.028571
5 0.515000 0.408571 0.038571 0.022857
4 0.569286 0.403333 0.040000 0.023810
4 0.779286 0.572857 0.065714 0.054286
4 0.866429 0.528571 0.055714 0.040000
9 0.816429 0.473810 0.075714 0.054286
4 0.945714 0.486190 0.048571 0.037143
4 0.988214 0.466667 0.023571 0.047619
9 0.688571 0.333333 0.051429 0.041905
0 0.642857 0.316667 0.024286 0.025714
0 0.629643 0.305714 0.022143 0.028571
0 0.763929 0.337619 0.026429 0.029524
0 0.741071 0.345714 0.020714 0.017143
10 0.628571 0.397143 0.008571 0.019048
1 0.660714 0.387143 0.005714 0.018095
1 0.656429 0.380000 0.004286 0.020952
1 0.661429 0.374762 0.005714 0.020000
10 0.675714 0.372857 0.011429 0.016190
4 0.646071 0.675238 0.087857 0.076190
4 0.345357 0.729524 0.133571 0.091429
2 0.628929 0.395714 0.007857 0.018095
2 0.673214 0.369524 0.007857 0.013333
