4 0.733559 0.666976 0.025574 0.072356
4 0.786795 0.556122 0.048539 0.052876
4 0.853862 0.271336 0.038622 0.049165
10 0.790449 0.365028 0.012004 0.025046
10 0.778706 0.371985 0.009395 0.027829
10 0.767745 0.368738 0.008351 0.030612
10 0.756524 0.368738 0.008873 0.023191
10 0.764353 0.343692 0.015136 0.021336
2 0.719207 0.400278 0.008351 0.015770
2 0.698591 0.396104 0.008873 0.020408
2 0.715553 0.386827 0.008351 0.016698
3 0.695198 0.423469 0.013570 0.025046
4 0.622129 0.395176 0.033403 0.059369
4 0.503653 0.362709 0.028184 0.057514
4 0.526357 0.358534 0.030793 0.051020
4 0.448852 0.242115 0.027140 0.048237
4 0.414666 0.256957 0.020355 0.048237
4 0.394833 0.260204 0.023486 0.051020
4 0.133090 0.135436 0.021921 0.040816
4 0.158664 0.146568 0.019833 0.042672
4 0.182150 0.096475 0.018789 0.035250
4 0.230428 0.121985 0.019311 0.039889
4 0.198852 0.214750 0.019833 0.049165
4 0.152140 0.231911 0.024530 0.050093
4 0.277140 0.486085 0.036534 0.066790
4 0.351253 0.518553 0.035491 0.068646
4 0.398747 0.542208 0.033403 0.071429
4 0.454332 0.572820 0.031837 0.073284
4 0.062370 0.183210 0.019311 0.043599
4 0.469207 0.019017 0.026096 0.038033
