4 0.967857 0.377619 0.060000 0.042857
4 0.940714 0.413810 0.055714 0.044762
4 0.924643 0.420476 0.063571 0.048571
4 0.906071 0.447619 0.102143 0.083810
10 0.892500 0.326190 0.016429 0.023810
2 0.894643 0.321905 0.006429 0.015238
1 0.909286 0.326667 0.008571 0.020952
1 0.913214 0.328571 0.007857 0.020952
1 0.910000 0.346667 0.007143 0.019048
1 0.916071 0.337143 0.006429 0.017143
2 0.874643 0.371429 0.010714 0.024762
2 0.858929 0.416190 0.007857 0.015238
1 0.708214 0.411429 0.009286 0.024762
1 0.706429 0.401429 0.008571 0.021905
8 0.926786 0.344286 0.026429 0.040952
8 0.894643 0.376190 0.046429 0.053333
8 0.845714 0.405238 0.028571 0.042857
8 0.789286 0.447619 0.031429 0.041905
8 0.776786 0.503810 0.052143 0.064762
3 0.843214 0.458571 0.020714 0.027619
1 0.740714 0.549524 0.011429 0.030476
4 0.427500 0.040952 0.010714 0.017143
4 0.435357 0.068571 0.013571 0.020952
4 0.440357 0.082381 0.015000 0.023810
4 0.445357 0.106190 0.010714 0.021905
4 0.450714 0.123333 0.017143 0.023810
5 0.573571 0.243333 0.022857 0.037143
4 0.590714 0.282381 0.027143 0.037143
0 0.568929 0.188095 0.032143 0.056190
1 0.627500 0.302857 0.007857 0.024762
5 0.567500 0.322857 0.023571 0.047619
4 0.213571 0.332857 0.028571 0.046667
1 0.294643 0.308571 0.007857 0.024762
3 0.283929 0.319048 0.015000 0.022857
4 0.369643 0.380952 0.059286 0.034286
4 0.357857 0.411429 0.060000 0.036190
6 0.340357 0.493810 0.085000 0.069524
5 0.436071 0.529048 0.050714 0.100000
10 0.540357 0.522381 0.009286 0.029524
1 0.538929 0.513810 0.006429 0.014286
1 0.467143 0.666190 0.008571 0.033333
7 0.427143 0.600476 0.030000 0.027619
3 0.401786 0.570952 0.022143 0.018095
1 0.232857 0.576667 0.012857 0.029524
4 0.285714 0.642381 0.091429 0.052381
4 0.027143 0.407143 0.054286 0.050476
4 0.095357 0.950952 0.112143 0.084762
1 0.650714 0.860000 0.017143 0.030476
4 0.473571 0.847143 0.095714 0.077143
4 0.589286 0.924286 0.095714 0.101905
7 0.515000 0.947143 0.040000 0.039048
2 0.525000 0.946190 0.012857 0.029524
4 0.016071 0.394286 0.032143 0.053333
