4 0.663214 0.788571 0.053571 0.102857
4 0.617143 0.797619 0.054286 0.094286
4 0.580000 0.863810 0.052857 0.129524
9 0.513571 0.888571 0.060000 0.217143
4 0.583571 0.698571 0.041429 0.082857
4 0.527143 0.648571 0.032857 0.072381
4 0.482500 0.636667 0.030714 0.063810
4 0.559286 0.617619 0.034286 0.058095
4 0.471786 0.563810 0.022143 0.053333
4 0.496429 0.524286 0.025714 0.048571
4 0.522500 0.425714 0.022143 0.034286
4 0.470000 0.412381 0.018571 0.034286
4 0.481786 0.320000 0.013571 0.019048
4 0.445357 0.300952 0.013571 0.019048
4 0.457857 0.281905 0.011429 0.015238
4 0.458929 0.261905 0.009286 0.013333
4 0.459286 0.236667 0.010000 0.012381
4 0.433929 0.239048 0.009286 0.011429
4 0.450000 0.228095 0.010000 0.012381
4 0.472857 0.185238 0.005714 0.010476
4 0.463929 0.182381 0.005000 0.008571
0 0.482857 0.137619 0.027143 0.042857
10 0.880714 0.840952 0.025714 0.043810
2 0.881786 0.832857 0.017857 0.031429
2 0.408214 0.806190 0.010714 0.021905
3 0.408571 0.817619 0.010000 0.029524
