4 0.430357 0.269670 0.009286 0.019036
4 0.461429 0.212563 0.010000 0.021574
5 0.482500 0.292513 0.010714 0.026650
10 0.977143 0.062817 0.005714 0.008883
10 0.961071 0.053299 0.005000 0.010152
10 0.953214 0.048223 0.003571 0.010152
10 0.934286 0.037437 0.002857 0.011421
0 0.911429 0.024746 0.007143 0.008883
0 0.898571 0.014594 0.007143 0.013959
1 0.887500 0.004442 0.005000 0.008883
0 0.905357 0.017132 0.005000 0.008883
0 0.942857 0.041878 0.008571 0.012690
1 0.993214 0.069162 0.002143 0.008883
1 0.988571 0.071066 0.002857 0.010152
1 0.995714 0.074873 0.001429 0.007614
1 0.966429 0.055203 0.002857 0.013959
1 0.769643 0.680838 0.002143 0.008883
1 0.780357 0.670685 0.003571 0.011421
1 0.813214 0.675761 0.002143 0.006345
1 0.727857 0.728426 0.004286 0.010152
1 0.715357 0.751269 0.002143 0.007614
1 0.701429 0.776015 0.002857 0.011421
1 0.714286 0.741117 0.002857 0.012690
1 0.716786 0.746193 0.002143 0.010152
1 0.771071 0.684010 0.002143 0.010152
1 0.793929 0.668782 0.002143 0.007614
1 0.803214 0.666244 0.003571 0.007614
1 0.790000 0.663706 0.002857 0.010152
6 0.558929 0.832487 0.019286 0.078680
6 0.477143 0.861675 0.011429 0.068528
4 0.480714 0.677665 0.011429 0.038071
4 0.540000 0.647208 0.012857 0.035533
1 0.627857 0.406091 0.004286 0.010152
4 0.538571 0.515228 0.011429 0.027919
1 0.198571 0.171320 0.004286 0.007614
1 0.199643 0.161168 0.002143 0.005076
