4 0.550887 0.700835 0.034969 0.047310
5 0.828027 0.730519 0.045407 0.047310
4 0.712944 0.610853 0.024008 0.026902
4 0.662317 0.548701 0.015658 0.032468
4 0.258351 0.548237 0.032359 0.027829
4 0.144050 0.549629 0.037578 0.028757
4 0.259395 0.485622 0.027140 0.025046
4 0.414144 0.415584 0.021399 0.018553
4 0.458768 0.396568 0.014614 0.013915
2 0.128914 0.524583 0.004175 0.012059
2 0.203027 0.490724 0.003132 0.011132
2 0.328549 0.432282 0.005741 0.011132
2 0.477818 0.364564 0.002610 0.007421
10 0.129436 0.531076 0.014614 0.012059
10 0.203288 0.499072 0.012004 0.011132
10 0.329854 0.440167 0.011482 0.010204
10 0.477818 0.369202 0.005741 0.005566
4 0.597077 0.321429 0.008351 0.013915
4 0.619781 0.332096 0.007829 0.011132
4 0.627349 0.306122 0.008351 0.009276
4 0.641701 0.305195 0.006785 0.011132
2 0.528184 0.405844 0.003132 0.006494
2 0.544885 0.391466 0.003132 0.007421
2 0.557933 0.388683 0.004175 0.009276
10 0.528184 0.410946 0.004175 0.003711
10 0.544624 0.397032 0.003653 0.005566
10 0.557411 0.393321 0.005219 0.003711
4 0.731994 0.273655 0.005741 0.007421
4 0.722599 0.272727 0.005741 0.007421
4 0.687370 0.281076 0.005219 0.007421
4 0.682150 0.263451 0.008351 0.005566
2 0.737474 0.592301 0.005219 0.015770
3 0.736952 0.600186 0.009395 0.014842
0 0.704593 0.564007 0.009395 0.020408
