4 0.488929 0.545238 0.043571 0.098095
4 0.590000 0.480000 0.040000 0.087619
4 0.554286 0.577143 0.051429 0.106667
5 0.624286 0.627619 0.048571 0.108571
5 0.573214 0.352381 0.040714 0.078095
5 0.486429 0.025714 0.032857 0.051429
4 0.516786 0.140000 0.040714 0.076190
4 0.470357 0.151905 0.030714 0.073333
1 0.517857 0.066190 0.010000 0.021905
4 0.442500 0.780000 0.045000 0.112381
4 0.344643 0.951905 0.090714 0.075238
4 0.329643 0.883810 0.090714 0.074286
4 0.386071 0.758571 0.043571 0.120952
2 0.409286 0.985238 0.018571 0.020000
10 0.408929 0.980000 0.015000 0.040000
5 0.307857 0.652857 0.097143 0.067619
4 0.296786 0.586190 0.087857 0.080952
4 0.288571 0.521429 0.060000 0.080952
4 0.276786 0.413333 0.079286 0.055238
4 0.443571 0.285238 0.030000 0.060000
4 0.255000 0.228571 0.071429 0.045714
4 0.255000 0.111905 0.052857 0.050476
4 0.326429 0.328571 0.040000 0.093333
4 0.544286 0.257619 0.038571 0.075238
2 0.495000 0.281905 0.011429 0.017143
10 0.494643 0.288095 0.013571 0.035238
1 0.402500 0.014762 0.009286 0.029524
1 0.316071 0.021905 0.010714 0.032381
1 0.295357 0.020000 0.012143 0.030476
1 0.303214 0.026190 0.010714 0.029524
2 0.297500 0.131905 0.015000 0.027619
3 0.297500 0.138095 0.012143 0.034286
2 0.350714 0.131905 0.011429 0.014286
10 0.351786 0.140476 0.013571 0.042857
