9 0.542500 0.725888 0.036429 0.263959
6 0.501786 0.663706 0.022143 0.101523
4 0.467500 0.190355 0.017857 0.053299
4 0.516429 0.062183 0.015714 0.048223
1 0.788214 0.223985 0.009286 0.021574
1 0.773571 0.214467 0.007143 0.020305
1 0.762143 0.208122 0.007143 0.020305
1 0.767500 0.126904 0.006429 0.025381
1 0.742143 0.161168 0.007143 0.020305
1 0.822500 0.129442 0.006429 0.027919
1 0.847857 0.057741 0.007143 0.026650
1 0.807143 0.019036 0.005714 0.022843
1 0.756786 0.157360 0.005000 0.017766
1 0.760000 0.145939 0.004286 0.017766
1 0.755714 0.143401 0.007143 0.020305
1 0.703214 0.758249 0.009286 0.029188
