4 0.687500 0.983810 0.022143 0.032381
4 0.707857 0.895238 0.015714 0.026667
4 0.694286 0.820000 0.014286 0.020952
4 0.716429 0.837143 0.015714 0.020952
4 0.622500 0.909048 0.017857 0.033333
4 0.610357 0.730000 0.010714 0.016190
4 0.711786 0.697143 0.007857 0.009524
4 0.666071 0.697143 0.007857 0.009524
4 0.632500 0.700952 0.009286 0.011429
4 0.623929 0.691429 0.009286 0.011429
4 0.702857 0.656667 0.007143 0.008571
4 0.702857 0.600952 0.005714 0.005714
4 0.660000 0.592381 0.004286 0.007619
0 0.687143 0.551905 0.050000 0.061905
6 0.485357 0.829048 0.020714 0.031429
5 0.387143 0.908095 0.024286 0.033333
4 0.402500 0.918095 0.025000 0.034286
4 0.405000 0.950476 0.027143 0.040000
4 0.183571 0.863333 0.025714 0.020000
4 0.810714 0.697143 0.021429 0.009524
4 0.820000 0.710476 0.018571 0.009524
4 0.827857 0.749048 0.024286 0.012381
4 0.830000 0.757143 0.021429 0.013333
6 0.834643 0.768095 0.025000 0.021905
4 0.973214 0.770000 0.019286 0.020000
4 0.990000 0.771905 0.017143 0.018095
