0 0.968000 0.711333 0.062000 0.070667
4 0.751750 0.652333 0.038500 0.027333
4 0.596000 0.645333 0.035000 0.025333
4 0.527250 0.660000 0.038500 0.024000
1 0.472000 0.691333 0.005000 0.018667
1 0.492750 0.694667 0.003500 0.018667
1 0.489250 0.708000 0.006500 0.020000
1 0.486000 0.696667 0.006000 0.017333
1 0.427750 0.658000 0.006500 0.016000
4 0.381500 0.653667 0.038000 0.026000
4 0.331000 0.656333 0.037000 0.024667
2 0.281250 0.641000 0.004500 0.014000
5 0.280000 0.653000 0.034000 0.022000
4 0.222500 0.652333 0.039000 0.022000
3 0.159250 0.637333 0.014500 0.012000
2 0.158750 0.633667 0.007500 0.014000
1 0.174000 0.645667 0.007000 0.018000
1 0.172500 0.653000 0.008000 0.016667
3 0.165750 0.616000 0.005500 0.014667
3 0.171250 0.613333 0.005500 0.014667
3 0.187250 0.608667 0.006500 0.014667
3 0.192750 0.605333 0.005500 0.016000
0 0.890500 0.636667 0.204000 0.025333
0 0.759500 0.614000 0.066000 0.033333
10 0.641500 0.564667 0.007000 0.014667
10 0.649500 0.566667 0.007000 0.014667
10 0.659500 0.573333 0.005000 0.013333
10 0.666750 0.576000 0.006500 0.017333
10 0.674500 0.580333 0.007000 0.014000
3 0.721500 0.601667 0.007000 0.012667
3 0.711250 0.598333 0.005500 0.015333
3 0.703250 0.596333 0.005500 0.012667
10 0.698250 0.589000 0.010500 0.011333
3 0.689500 0.586333 0.006000 0.011333
0 0.681500 0.584667 0.007000 0.016000
3 0.211500 0.600333 0.006000 0.011333
10 0.215500 0.598667 0.004000 0.013333
10 0.219750 0.595667 0.005500 0.014000
10 0.224000 0.595000 0.005000 0.015333
10 0.227500 0.592667 0.006000 0.014667
3 0.241250 0.589333 0.005500 0.010667
3 0.246500 0.589333 0.006000 0.013333
3 0.250250 0.587333 0.004500 0.010667
3 0.254500 0.585000 0.006000 0.010000
3 0.259000 0.583333 0.006000 0.010667
3 0.263250 0.582000 0.006500 0.012000
10 0.272250 0.579000 0.005500 0.011333
10 0.276750 0.575000 0.006500 0.016667
3 0.290250 0.571000 0.005500 0.012667
3 0.294750 0.569000 0.004500 0.012667
3 0.300000 0.566333 0.006000 0.012667
3 0.303750 0.564667 0.005500 0.013333
3 0.306500 0.564333 0.004000 0.012667
10 0.312000 0.561667 0.005000 0.012667
10 0.316250 0.560667 0.004500 0.012000
10 0.321250 0.560333 0.004500 0.011333
0 0.284250 0.574333 0.005500 0.012667
1 0.009500 0.709333 0.011000 0.017333
10 0.016750 0.675000 0.007500 0.015333
0 0.006250 0.673000 0.012500 0.032667
