9 0.208214 0.689086 0.082143 0.261421
9 0.256786 0.333122 0.085000 0.288071
9 0.929643 0.342640 0.082143 0.238579
9 0.745714 0.861041 0.107143 0.138325
4 0.035357 0.348350 0.062143 0.067259
4 0.860714 0.476523 0.042857 0.100254
1 0.228929 0.274746 0.012143 0.036802
1 0.445000 0.190355 0.010000 0.035533
1 0.086429 0.185914 0.010000 0.024112
1 0.205357 0.204949 0.010714 0.041878
1 0.068214 0.210025 0.012143 0.029188
1 0.057143 0.210660 0.015714 0.030457
1 0.057143 0.218909 0.008571 0.021574
1 0.161786 0.241751 0.007857 0.026650
1 0.084286 0.229061 0.011429 0.031726
10 0.171429 0.956218 0.065714 0.031726
10 0.171786 0.930838 0.057857 0.039340
10 0.176071 0.895939 0.047857 0.043147
9 0.296071 0.066624 0.050714 0.130711
1 0.245000 0.013325 0.010000 0.026650
1 0.530357 0.484137 0.007857 0.024112
1 0.497143 0.557107 0.007143 0.027919
1 0.412143 0.591371 0.011429 0.027919
1 0.491429 0.548858 0.007143 0.024112
1 0.513214 0.553299 0.009286 0.027919
1 0.531786 0.557107 0.006429 0.027919
1 0.575357 0.562817 0.006429 0.021574
1 0.678571 0.497462 0.008571 0.027919
1 0.683929 0.507614 0.009286 0.030457
1 0.702143 0.427030 0.010000 0.029188
1 0.718571 0.384518 0.011429 0.027919
1 0.728929 0.414975 0.009286 0.027919
1 0.723571 0.411802 0.007143 0.036802
1 0.786429 0.223985 0.010000 0.024112
1 0.577143 0.477157 0.011429 0.022843
1 0.510357 0.521574 0.009286 0.030457
1 0.509286 0.519036 0.007143 0.022843
1 0.528571 0.542513 0.010000 0.021574
1 0.727143 0.393401 0.008571 0.027919
1 0.751786 0.297589 0.007857 0.026650
1 0.748571 0.310279 0.005714 0.011421
10 0.558214 0.454949 0.027857 0.034264
10 0.567500 0.423858 0.027857 0.032995
10 0.614643 0.358503 0.029286 0.029188
10 0.650000 0.380711 0.025714 0.030457
5 0.947500 0.189086 0.029286 0.091371
4 0.964643 0.097716 0.025000 0.058376
4 0.971786 0.023477 0.027857 0.046954
5 0.935357 0.029188 0.035000 0.058376
1 0.468571 0.873731 0.011429 0.019036
1 0.457500 0.862944 0.009286 0.015228
