1 0.043929 0.934762 0.070714 0.130476
1 0.337857 0.964286 0.047143 0.071429
1 0.140357 0.938095 0.037857 0.123810
1 0.146786 0.892857 0.045000 0.138095
1 0.219643 0.657619 0.027857 0.086667
1 0.335000 0.657619 0.018571 0.082857
1 0.386786 0.662381 0.013571 0.086667
1 0.200714 0.500952 0.012857 0.055238
1 0.217500 0.502381 0.013571 0.054286
10 0.198571 0.597143 0.020000 0.060952
10 0.228571 0.527143 0.030000 0.039048
8 0.250000 0.485238 0.060000 0.075238
1 0.273929 0.500476 0.012143 0.050476
1 0.283571 0.491905 0.014286 0.060000
1 0.419643 0.626667 0.016429 0.078095
3 0.556429 0.540952 0.018571 0.062857
1 0.635357 0.564762 0.013571 0.055238
1 0.646071 0.562857 0.012143 0.059048
1 0.613571 0.430952 0.005714 0.029524
1 0.602857 0.451429 0.005714 0.034286
1 0.612500 0.455238 0.006429 0.032381
1 0.638929 0.468571 0.007857 0.040000
1 0.626429 0.432381 0.005714 0.030476
1 0.641786 0.445238 0.006429 0.031429
1 0.652857 0.452857 0.007143 0.031429
1 0.670714 0.450952 0.004286 0.033333
1 0.670000 0.445714 0.007143 0.034286
1 0.608571 0.385714 0.002857 0.020952
1 0.611429 0.386667 0.004286 0.019048
1 0.615000 0.384762 0.004286 0.019048
1 0.628571 0.368095 0.002857 0.018095
4 0.633214 0.362381 0.020714 0.014286
3 0.421786 0.485238 0.032143 0.025714
0 0.505000 0.476667 0.027143 0.025714
10 0.525000 0.448095 0.021429 0.020000
10 0.542500 0.424762 0.017857 0.019048
10 0.550000 0.410000 0.018571 0.016190
6 0.293571 0.329524 0.028571 0.022857
6 0.322857 0.330000 0.024286 0.023810
6 0.378571 0.325238 0.044286 0.018095
2 0.556786 0.539048 0.015000 0.055238
