4 0.501429 0.759524 0.021429 0.061905
5 0.213929 0.831429 0.055000 0.047619
4 0.201429 0.697619 0.050000 0.029524
4 0.516071 0.631429 0.020714 0.055238
4 0.470000 0.516667 0.020000 0.039048
4 0.277857 0.460476 0.032857 0.020000
4 0.209286 0.507143 0.027143 0.042857
4 0.263571 0.336667 0.015714 0.031429
5 0.312500 0.233333 0.012143 0.022857
4 0.304643 0.209524 0.012143 0.022857
4 0.337857 0.092857 0.010000 0.016190
4 0.349286 0.060952 0.010000 0.015238
4 0.851071 0.983810 0.060714 0.032381
4 0.942143 0.815714 0.050000 0.033333
4 0.670357 0.366667 0.017857 0.032381
4 0.664643 0.336190 0.017857 0.026667
4 0.709286 0.359048 0.017143 0.030476
4 0.668929 0.310476 0.015000 0.024762
6 0.656071 0.306190 0.013571 0.033333
4 0.745714 0.373810 0.025714 0.020000
6 0.711429 0.459048 0.045714 0.047619
4 0.728929 0.321905 0.026429 0.019048
4 0.726429 0.310476 0.030000 0.019048
4 0.718929 0.298095 0.025000 0.017143
5 0.712143 0.288095 0.022857 0.018095
5 0.706429 0.279048 0.024286 0.015238
7 0.733214 0.704762 0.016429 0.032381
7 0.725000 0.677143 0.012857 0.026667
7 0.708929 0.672381 0.025000 0.017143
7 0.701786 0.633333 0.027857 0.017143
7 0.713571 0.615238 0.017143 0.034286
10 0.691429 0.720952 0.010000 0.020952
4 0.597143 0.221429 0.017143 0.016190
4 0.625357 0.210476 0.023571 0.013333
4 0.643214 0.158571 0.013571 0.020000
4 0.571786 0.129048 0.013571 0.014286
5 0.590000 0.193810 0.012857 0.023810
4 0.716786 0.105714 0.017857 0.013333
4 0.712143 0.095714 0.010000 0.014286
4 0.689286 0.095238 0.010000 0.015238
4 0.679286 0.095714 0.010000 0.016190
4 0.668214 0.096667 0.010714 0.016190
4 0.650357 0.049048 0.009286 0.014286
5 0.660000 0.047619 0.011429 0.017143
4 0.560000 0.010000 0.010000 0.010476
6 0.433929 0.127619 0.020714 0.053333
6 0.446429 0.029524 0.011429 0.024762
6 0.428214 0.006667 0.020714 0.013333
4 0.390000 0.015714 0.014286 0.008571
4 0.390000 0.010952 0.015714 0.008571
4 0.392143 0.005714 0.014286 0.007619
1 0.294286 0.190476 0.002857 0.011429
1 0.303214 0.236667 0.005000 0.010476
4 0.332857 0.240952 0.024286 0.017143
4 0.334643 0.228095 0.025000 0.014286
1 0.280357 0.233810 0.005000 0.012381
1 0.285357 0.228571 0.005000 0.009524
1 0.307500 0.232857 0.003571 0.010476
1 0.446429 0.044286 0.004286 0.008571
1 0.452857 0.052857 0.004286 0.012381
0 0.770000 0.678095 0.020000 0.040000
0 0.727500 0.504286 0.026429 0.025714
0 0.803571 0.752381 0.030000 0.043810
