4 0.031071 0.014286 0.039286 0.024762
4 0.083214 0.014762 0.040714 0.025714
4 0.012500 0.044286 0.025000 0.025714
4 0.145714 0.005714 0.042857 0.011429
2 0.200000 0.037619 0.007143 0.016190
2 0.268214 0.080952 0.006429 0.015238
2 0.268571 0.072857 0.005714 0.012381
2 0.183929 0.306667 0.006429 0.013333
2 0.183929 0.299524 0.007857 0.010476
2 0.214643 0.255238 0.009286 0.011429
2 0.277857 0.255238 0.008571 0.015238
2 0.160357 0.357619 0.010714 0.012381
2 0.136071 0.445714 0.009286 0.013333
2 0.066429 0.635714 0.010000 0.020000
1 0.167857 0.709048 0.010000 0.018095
1 0.186429 0.699524 0.010000 0.018095
1 0.188571 0.684762 0.014286 0.019048
1 0.211429 0.675238 0.011429 0.017143
10 0.067857 0.638571 0.014286 0.029524
10 0.137500 0.450000 0.009286 0.027619
10 0.184643 0.308095 0.010714 0.025714
10 0.216071 0.258571 0.010714 0.023810
10 0.279286 0.260000 0.010000 0.026667
10 0.468571 0.196190 0.018571 0.017143
10 0.497500 0.203333 0.012143 0.023810
10 0.516786 0.205714 0.007857 0.020952
10 0.527500 0.206667 0.009286 0.022857
10 0.427500 0.167619 0.016429 0.011429
10 0.421429 0.112381 0.008571 0.026667
10 0.407857 0.101429 0.017143 0.014286
10 0.400357 0.073333 0.016429 0.013333
10 0.393214 0.011905 0.016429 0.014286
10 0.269286 0.083810 0.008571 0.024762
10 0.201071 0.040476 0.016429 0.014286
4 0.367857 0.034286 0.021429 0.036190
4 0.305714 0.068095 0.020000 0.037143
5 0.192857 0.080000 0.035714 0.034286
4 0.406071 0.209048 0.037857 0.039048
4 0.418929 0.227143 0.037857 0.040952
4 0.496786 0.247619 0.022143 0.040000
4 0.442143 0.239524 0.035714 0.050476
5 0.474643 0.243333 0.017857 0.042857
5 0.532500 0.254762 0.016429 0.040952
10 0.366071 0.401905 0.016429 0.032381
4 0.028214 0.197143 0.033571 0.043810
8 0.084286 0.174762 0.038571 0.025714
8 0.086786 0.190952 0.036429 0.035238
8 0.097143 0.210476 0.040000 0.032381
8 0.108571 0.231429 0.040000 0.036190
8 0.107500 0.248571 0.043571 0.040000
8 0.113571 0.266667 0.037143 0.041905
1 0.051429 0.267143 0.010000 0.021905
2 0.122500 0.264762 0.010714 0.013333
8 0.135714 0.303810 0.041429 0.041905
6 0.217857 0.360476 0.037143 0.065714
4 0.107857 0.405238 0.037143 0.061905
8 0.096071 0.491429 0.022143 0.040000
8 0.081429 0.554286 0.038571 0.059048
8 0.079643 0.463333 0.027857 0.048571
4 0.044286 0.564286 0.041429 0.071429
4 0.195357 0.898095 0.046429 0.100952
4 0.225000 0.786667 0.042857 0.093333
4 0.247857 0.684286 0.041429 0.077143
4 0.262143 0.540000 0.037143 0.070476
4 0.480000 0.541905 0.051429 0.043810
1 0.564643 0.634762 0.009286 0.012381
10 0.679643 0.663333 0.009286 0.029524
10 0.550714 0.650952 0.027143 0.025714
10 0.543571 0.642857 0.022857 0.026667
10 0.537857 0.632857 0.020000 0.027619
4 0.741429 0.779524 0.058571 0.084762
4 0.648571 0.880000 0.052857 0.053333
