4 0.291429 0.014286 0.035714 0.026667
5 0.366071 0.015714 0.023571 0.031429
4 0.405000 0.012857 0.027143 0.025714
4 0.459286 0.023810 0.031429 0.047619
4 0.357500 0.051429 0.030714 0.053333
4 0.267857 0.042381 0.061429 0.039048
4 0.228929 0.069048 0.065000 0.040952
4 0.397143 0.041905 0.025714 0.047619
4 0.344643 0.099524 0.032143 0.048571
5 0.389286 0.080000 0.030000 0.060952
4 0.175000 0.237619 0.071429 0.048571
4 0.118929 0.424762 0.073571 0.112381
10 0.140714 0.299048 0.027143 0.036190
4 0.293214 0.240952 0.027857 0.068571
4 0.335000 0.246190 0.045714 0.079048
4 0.378571 0.238571 0.032857 0.082857
4 0.446429 0.251429 0.031429 0.085714
4 0.248214 0.379524 0.053571 0.098095
1 0.404643 0.228571 0.015000 0.043810
1 0.367143 0.414762 0.014286 0.046667
4 0.350357 0.351905 0.046429 0.101905
4 0.311429 0.527619 0.060000 0.137143
4 0.210714 0.520952 0.060000 0.125714
6 0.153214 0.721905 0.103571 0.207619
5 0.279643 0.691429 0.065000 0.142857
5 0.335714 0.780476 0.065714 0.199048
5 0.247857 0.890000 0.085714 0.212381
5 0.117857 0.941905 0.087143 0.114286
6 0.515000 0.409524 0.067143 0.224762
4 0.605714 0.186667 0.034286 0.064762
4 0.670000 0.282381 0.025714 0.060000
1 0.596071 0.012381 0.009286 0.024762
1 0.607857 0.017619 0.007143 0.035238
1 0.618214 0.021429 0.007857 0.037143
4 0.671071 0.064286 0.049286 0.058095
4 0.675000 0.113810 0.035714 0.052381
4 0.692143 0.180476 0.038571 0.065714
4 0.709286 0.257619 0.050000 0.077143
4 0.733214 0.337143 0.049286 0.083810
4 0.770000 0.454286 0.058571 0.102857
4 0.807500 0.587619 0.076429 0.125714
4 0.856786 0.780476 0.102143 0.189524
4 0.913214 0.956667 0.093571 0.082857
