1 0.187143 0.887143 0.014286 0.042857
10 0.258214 0.877143 0.027857 0.030476
1 0.581071 0.809048 0.009286 0.037143
1 0.595000 0.810952 0.011429 0.039048
1 0.613929 0.818571 0.010714 0.039048
1 0.632857 0.813333 0.010000 0.034286
1 0.691429 0.819048 0.011429 0.038095
1 0.692500 0.853810 0.010714 0.042857
1 0.721429 0.902381 0.012857 0.050476
1 0.772143 0.845714 0.014286 0.045714
1 0.805357 0.849048 0.017857 0.056190
1 0.832857 0.854286 0.012857 0.053333
1 0.772143 0.798571 0.012857 0.037143
1 0.655714 0.743810 0.008571 0.020952
10 0.678214 0.765714 0.006429 0.015238
1 0.677857 0.755238 0.005714 0.017143
1 0.679643 0.738571 0.007857 0.025714
1 0.857857 0.865238 0.018571 0.054286
1 0.887500 0.884286 0.015000 0.040952
10 0.890000 0.903810 0.044286 0.032381
1 0.893929 0.877143 0.012143 0.043810
10 0.910714 0.847619 0.021429 0.040000
0 0.862143 0.823333 0.071429 0.061905
1 0.816786 0.815238 0.012143 0.041905
4 0.693571 0.677619 0.010000 0.010476
1 0.693214 0.920000 0.016429 0.055238
1 0.764643 0.908571 0.019286 0.049524
1 0.764643 0.931905 0.017857 0.054286
1 0.752143 0.972857 0.018571 0.054286
1 0.735000 0.957143 0.021429 0.064762
1 0.739643 0.937143 0.016429 0.055238
1 0.716786 0.937619 0.016429 0.056190
1 0.705714 0.950000 0.012857 0.037143
1 0.756429 0.753333 0.008571 0.022857
1 0.753929 0.747143 0.007857 0.021905
1 0.738929 0.738571 0.007857 0.021905
1 0.708929 0.736667 0.007857 0.025714
4 0.542857 0.731905 0.022857 0.021905
4 0.519643 0.724286 0.023571 0.027619
4 0.575357 0.706190 0.013571 0.016190
4 0.567500 0.700952 0.015000 0.011429
4 0.585714 0.692857 0.011429 0.014286
1 0.485000 0.734286 0.008571 0.020952
1 0.432143 0.784762 0.007143 0.030476
10 0.436071 0.779524 0.012143 0.018095
5 0.387500 0.764286 0.036429 0.021905
4 0.398214 0.761429 0.035000 0.016190
4 0.412500 0.756190 0.035000 0.019048
4 0.424643 0.748571 0.036429 0.017143
4 0.448929 0.735238 0.026429 0.015238
4 0.458571 0.731429 0.028571 0.017143
4 0.464643 0.727143 0.033571 0.016190
4 0.472857 0.720476 0.025714 0.014286
4 0.612500 0.665714 0.007857 0.009524
4 0.617857 0.661429 0.007143 0.006667
1 0.291429 0.795238 0.008571 0.019048
10 0.290714 0.806190 0.021429 0.014286
1 0.770000 0.973810 0.020000 0.052381
1 0.753571 0.971905 0.018571 0.056190
1 0.741071 0.981429 0.015000 0.037143
1 0.712500 0.973810 0.019286 0.052381
1 0.679286 0.666667 0.004286 0.009524
1 0.672857 0.666190 0.004286 0.010476
1 0.688929 0.691905 0.003571 0.016190
1 0.683571 0.690952 0.002857 0.012381
1 0.715000 0.737143 0.005714 0.019048
1 0.718571 0.735238 0.005714 0.024762
1 0.721786 0.729524 0.006429 0.024762
1 0.704286 0.713810 0.004286 0.018095
1 0.691071 0.711429 0.005000 0.019048
1 0.700000 0.692381 0.005714 0.015238
1 0.695357 0.705238 0.005000 0.016190
1 0.693929 0.701429 0.003571 0.020000
1 0.709643 0.714286 0.005000 0.019048
1 0.701429 0.713810 0.004286 0.014286
1 0.768571 0.766190 0.008571 0.029524
3 0.813929 0.798095 0.036429 0.017143
10 0.808929 0.785714 0.030714 0.017143
1 0.859286 0.787619 0.010000 0.034286
1 0.913571 0.984286 0.021429 0.031429
3 0.355000 0.820000 0.025714 0.022857
3 0.351071 0.822857 0.023571 0.022857
3 0.347857 0.827143 0.018571 0.025714
3 0.319643 0.842381 0.017857 0.027619
3 0.297857 0.856667 0.024286 0.018095
3 0.286786 0.866667 0.020714 0.020952
10 0.306786 0.848571 0.029286 0.026667
4 0.512143 0.700476 0.024286 0.010476
1 0.542143 0.698571 0.004286 0.016190
0 0.651429 0.650952 0.078571 0.021905
