4 0.205000 0.277143 0.025714 0.026667
4 0.187500 0.306190 0.029286 0.023810
4 0.179286 0.326667 0.032857 0.022857
5 0.159643 0.361905 0.033571 0.024762
4 0.128571 0.847619 0.037143 0.034286
4 0.123214 0.895238 0.036429 0.032381
4 0.107143 0.920000 0.035714 0.032381
4 0.073214 0.895238 0.036429 0.034286
4 0.028571 0.867619 0.035714 0.030476
4 0.052143 0.915714 0.034286 0.035238
10 0.478214 0.983810 0.013571 0.009524
10 0.455714 0.988571 0.010000 0.013333
2 0.475714 0.982857 0.007143 0.007619
2 0.455000 0.986190 0.005714 0.010476
4 0.422857 0.538571 0.022857 0.035238
1 0.611071 0.350952 0.005000 0.018095
