4 0.283571 0.708571 0.150000 0.142857
5 0.101786 0.806667 0.159286 0.154286
1 0.128214 0.851905 0.036429 0.054286
9 0.552857 0.723333 0.385714 0.343810
1 0.480357 0.662857 0.020714 0.047619
1 0.643214 0.446667 0.019286 0.043810
10 0.506429 0.513333 0.015714 0.051429
10 0.566071 0.496667 0.046429 0.050476
3 0.517857 0.382857 0.022857 0.045714
4 0.394643 0.431905 0.065000 0.109524
10 0.672143 0.282857 0.028571 0.040000
2 0.741429 0.432381 0.015714 0.030476
2 0.724643 0.420952 0.016429 0.030476
2 0.744643 0.410000 0.016429 0.031429
2 0.717500 0.402857 0.017857 0.019048
4 0.858214 0.397619 0.096429 0.079048
5 0.933929 0.346190 0.090714 0.082857
