9 0.205000 0.217143 0.137143 0.163810
1 0.006071 0.045238 0.012143 0.020000
5 0.148929 0.200476 0.059286 0.073333
1 0.322143 0.135238 0.010000 0.019048
1 0.216786 0.240000 0.009286 0.013333
1 0.227500 0.253333 0.012143 0.015238
1 0.238214 0.259524 0.012143 0.014286
1 0.226429 0.273810 0.012857 0.016190
1 0.212143 0.299524 0.014286 0.010476
1 0.226071 0.316667 0.010714 0.014286
1 0.218214 0.325238 0.012143 0.014286
10 0.196429 0.498095 0.012857 0.030476
2 0.196429 0.499048 0.014286 0.013333
1 0.487143 0.478095 0.008571 0.011429
1 0.447857 0.534286 0.007143 0.005714
1 0.449643 0.572381 0.007857 0.007619
2 0.451429 0.568571 0.004286 0.005714
1 0.260357 0.797619 0.010714 0.014286
1 0.216071 0.694286 0.010714 0.013333
1 0.223929 0.691429 0.007857 0.013333
10 0.493929 0.883810 0.020714 0.013333
5 0.572143 0.883333 0.035714 0.082857
5 0.611786 0.884286 0.037857 0.100000
4 0.670357 0.895714 0.069286 0.058095
4 0.818214 0.959048 0.067857 0.059048
4 0.904643 0.982857 0.063571 0.034286
