1 0.886429 0.567143 0.084286 0.250476
1 0.688929 0.360000 0.036429 0.125714
1 0.583929 0.218571 0.016429 0.071429
1 0.567857 0.218095 0.018571 0.074286
4 0.261429 0.750476 0.385714 0.499048
4 0.844643 0.376190 0.219286 0.167619
4 0.379286 0.318571 0.098571 0.138095
4 0.492500 0.279524 0.090714 0.107619
4 0.900000 0.279048 0.152857 0.093333
4 0.723929 0.256667 0.157857 0.092381
4 0.156429 0.294286 0.131429 0.099048
4 0.137500 0.225714 0.149286 0.059048
4 0.147143 0.203333 0.131429 0.061905
4 0.257143 0.193333 0.051429 0.060952
4 0.286071 0.167143 0.035000 0.042857
4 0.301429 0.159524 0.030000 0.035238
4 0.308929 0.152381 0.029286 0.036190
4 0.275714 0.146667 0.045714 0.036190
4 0.310357 0.128571 0.039286 0.022857
4 0.373929 0.241429 0.070714 0.082857
4 0.371071 0.188571 0.057857 0.051429
4 0.370000 0.158095 0.035714 0.030476
4 0.370000 0.141429 0.024286 0.018095
4 0.371429 0.130000 0.020000 0.018095
4 0.370714 0.118095 0.014286 0.017143
4 0.391786 0.122381 0.016429 0.010476
4 0.397857 0.128571 0.022857 0.011429
4 0.408571 0.149524 0.032857 0.030476
4 0.418929 0.165238 0.033571 0.031429
4 0.427143 0.181905 0.041429 0.043810
4 0.446071 0.224286 0.067857 0.065714
4 0.553214 0.201905 0.050714 0.055238
1 0.488929 0.178095 0.013571 0.049524
4 0.499286 0.168571 0.034286 0.038095
5 0.491429 0.154286 0.032857 0.043810
4 0.478929 0.151429 0.032143 0.032381
4 0.465714 0.144762 0.032857 0.034286
4 0.452500 0.134762 0.026429 0.031429
0 0.420714 0.118095 0.021429 0.020952
0 0.344643 0.116190 0.023571 0.026667
