4 0.510357 0.858571 0.047857 0.147619
4 0.661071 0.922381 0.052143 0.153333
4 0.582500 0.754762 0.046429 0.130476
4 0.721071 0.648095 0.040714 0.151429
4 0.653214 0.600476 0.047857 0.147619
4 0.489643 0.564762 0.045000 0.140952
4 0.716429 0.260000 0.045714 0.158095
4 0.645000 0.370476 0.040000 0.139048
4 0.412143 0.288095 0.044286 0.140000
4 0.486071 0.182857 0.047857 0.152381
4 0.410357 0.060952 0.042143 0.120000
2 0.291429 0.138095 0.014286 0.041905
2 0.240357 0.170476 0.017857 0.032381
2 0.071071 0.445714 0.022143 0.024762
2 0.138929 0.519524 0.025000 0.020000
2 0.138929 0.480476 0.022143 0.020000
10 0.241786 0.187619 0.015000 0.032381
10 0.295714 0.159524 0.017143 0.037143
10 0.090357 0.450000 0.027857 0.025714
10 0.156786 0.479524 0.030714 0.020000
10 0.153214 0.518571 0.026429 0.020000
2 0.208214 0.736190 0.015000 0.024762
3 0.222857 0.730000 0.017143 0.052381
0 0.316071 0.711429 0.025000 0.047619
0 0.313929 0.864286 0.022143 0.056190
0 0.328214 0.966667 0.020714 0.055238
0 0.280714 0.620952 0.017143 0.047619
0 0.294643 0.500952 0.040714 0.057143
0 0.229643 0.297143 0.059286 0.104762
0 0.189643 0.112381 0.025000 0.064762
