4 0.459643 0.945431 0.022143 0.060914
4 0.437857 0.819162 0.018571 0.049492
5 0.534643 0.918782 0.020714 0.078680
5 0.411786 0.723985 0.019286 0.049492
6 0.570000 0.646574 0.015714 0.046954
4 0.528571 0.641497 0.014286 0.039340
4 0.476786 0.623096 0.012143 0.032995
5 0.429643 0.626904 0.016429 0.030457
5 0.538929 0.453046 0.010714 0.020305
5 0.510714 0.452411 0.010000 0.026650
5 0.531786 0.418147 0.009286 0.026650
4 0.510357 0.388325 0.007857 0.015228
4 0.522857 0.359772 0.007143 0.013959
4 0.480357 0.335025 0.007857 0.015228
4 0.495000 0.280457 0.007143 0.015228
4 0.485357 0.280457 0.007857 0.012690
0 0.509286 0.130076 0.062857 0.260152
5 0.773929 0.812183 0.045000 0.043147
5 0.857143 0.803299 0.045714 0.040609
4 0.910000 0.796954 0.035714 0.030457
5 0.962857 0.790609 0.045714 0.038071
6 0.816429 0.980330 0.074286 0.036802
