4 0.671429 0.907619 0.054286 0.072381
4 0.424643 0.337143 0.009286 0.017143
4 0.462500 0.325238 0.010714 0.016190
4 0.354643 0.215714 0.015000 0.010476
4 0.348929 0.237619 0.015000 0.008571
4 0.288571 0.304762 0.010000 0.011429
6 0.301786 0.296190 0.017857 0.022857
6 0.454643 0.225714 0.009286 0.022857
1 0.431786 0.280952 0.005000 0.011429
3 0.443214 0.270000 0.005000 0.010476
3 0.462500 0.255714 0.003571 0.008571
4 0.447857 0.188095 0.004286 0.008571
4 0.443214 0.165238 0.005000 0.006667
4 0.443929 0.160476 0.005000 0.004762
9 0.443214 0.156190 0.006429 0.011429
