6 0.618000 0.918000 0.101000 0.164000
6 0.586000 0.474000 0.093000 0.166667
8 0.604250 0.409667 0.020500 0.031333
4 0.597500 0.345333 0.049000 0.024000
5 0.644000 0.328333 0.036000 0.027333
5 0.682500 0.213667 0.025000 0.015333
5 0.721500 0.302000 0.034000 0.021333
5 0.733000 0.308333 0.036000 0.020667
6 0.695500 0.278333 0.047000 0.035333
2 0.402000 0.195000 0.003000 0.008667
2 0.408750 0.196333 0.003500 0.010000
2 0.481000 0.181667 0.003000 0.007333
2 0.413250 0.116333 0.001500 0.003333
2 0.428000 0.126000 0.001000 0.004000
3 0.402000 0.198333 0.003000 0.010000
3 0.408750 0.198333 0.003500 0.008667
3 0.481000 0.184333 0.003000 0.007333
3 0.507000 0.196333 0.007000 0.007333
3 0.511250 0.199000 0.003500 0.008667
3 0.515250 0.212667 0.003500 0.009333
1 0.406250 0.128667 0.001500 0.006667
4 0.430500 0.224000 0.012000 0.014667
5 0.447250 0.232667 0.012500 0.018667
6 0.488250 0.210667 0.014500 0.020000
4 0.466250 0.192000 0.009500 0.009333
4 0.454250 0.164667 0.007500 0.008000
5 0.458000 0.153000 0.007000 0.007333
6 0.447750 0.147000 0.008500 0.011333
4 0.453000 0.141000 0.006000 0.006000
5 0.443500 0.143667 0.004000 0.008667
5 0.451000 0.137333 0.005000 0.006667
5 0.448750 0.134667 0.004500 0.005333
5 0.439750 0.133667 0.004500 0.007333
4 0.443250 0.140333 0.005500 0.007333
4 0.440750 0.137333 0.005500 0.006667
6 0.448750 0.130000 0.005500 0.010667
4 0.446750 0.129000 0.004500 0.004667
4 0.438250 0.130667 0.004500 0.005333
4 0.443500 0.125667 0.004000 0.006000
5 0.436750 0.125333 0.004500 0.006667
4 0.438500 0.122667 0.004000 0.005333
6 0.446250 0.120667 0.004500 0.008000
4 0.443750 0.120667 0.003500 0.004000
4 0.442000 0.118000 0.004000 0.004000
6 0.435000 0.116667 0.006000 0.012000
4 0.441000 0.115333 0.004000 0.004000
4 0.431250 0.112000 0.004500 0.005333
4 0.438250 0.110667 0.003500 0.004000
0 0.428250 0.095667 0.024500 0.022000
10 0.428250 0.127000 0.001500 0.003333
10 0.413000 0.117667 0.001000 0.003333
4 0.389500 0.078667 0.006000 0.004000
4 0.396750 0.078000 0.006500 0.004000
4 0.411500 0.092000 0.003000 0.002667
5 0.931750 0.341333 0.045500 0.022667
5 0.982250 0.408000 0.035500 0.030667
3 0.978250 0.376000 0.017500 0.016000
3 0.989500 0.384333 0.021000 0.016667
3 0.961000 0.363333 0.017000 0.012000
10 0.970250 0.366667 0.018500 0.016000
4 0.590750 0.174000 0.011500 0.009333
5 0.593750 0.168000 0.009500 0.010667
5 0.573000 0.159000 0.010000 0.006000
6 0.575750 0.154667 0.009500 0.009333
4 0.576000 0.137333 0.005000 0.006667
6 0.579750 0.134333 0.006500 0.010000
0 0.539250 0.131667 0.040500 0.035333
4 0.595750 0.159667 0.011500 0.006000
5 0.598000 0.162000 0.011000 0.008000
