4 0.181429 0.050000 0.080000 0.100000
5 0.453214 0.319048 0.080714 0.089524
4 0.649643 0.276667 0.097857 0.107619
4 0.525000 0.402381 0.092857 0.107619
4 0.556429 0.351905 0.087143 0.098095
4 0.583571 0.299048 0.085714 0.108571
4 0.643571 0.190476 0.084286 0.102857
4 0.670714 0.147143 0.092857 0.103810
4 0.702143 0.100000 0.088571 0.104762
4 0.729286 0.048571 0.088571 0.097143
4 0.764286 0.025714 0.074286 0.051429
4 0.720357 0.399048 0.079286 0.112381
4 0.758571 0.435238 0.080000 0.120000
4 0.792143 0.478095 0.084286 0.129524
5 0.914286 0.455714 0.112857 0.115238
5 0.832143 0.519048 0.070000 0.097143
4 0.868571 0.551429 0.078571 0.118095
4 0.908929 0.586667 0.079286 0.120000
4 0.957857 0.610476 0.084286 0.120000
4 0.533929 0.539524 0.069286 0.117143
4 0.572500 0.581905 0.075000 0.114286
4 0.617143 0.622381 0.077143 0.136190
4 0.655357 0.665714 0.076429 0.127619
4 0.694643 0.700952 0.080714 0.123810
4 0.817143 0.826667 0.082857 0.131429
4 0.873571 0.837619 0.074286 0.126667
5 0.775357 0.791429 0.072143 0.121905
5 0.734286 0.742381 0.064286 0.111429
4 0.896429 0.913333 0.075714 0.123810
4 0.951071 0.933333 0.067857 0.100952
2 0.126071 0.281429 0.015000 0.020000
3 0.138929 0.292857 0.022143 0.027619
2 0.395714 0.277143 0.015714 0.020952
2 0.413571 0.151429 0.011429 0.024762
3 0.415714 0.154762 0.025714 0.035238
2 0.315714 0.386667 0.014286 0.024762
3 0.319286 0.385238 0.010000 0.037143
1 0.379286 0.465714 0.010000 0.015238
8 0.365357 0.451429 0.029286 0.072381
1 0.348214 0.624286 0.017857 0.025714
1 0.385714 0.635238 0.018571 0.034286
1 0.453214 0.553810 0.007857 0.021905
1 0.481786 0.501905 0.009286 0.020952
1 0.487143 0.440000 0.015714 0.019048
8 0.467143 0.590000 0.052857 0.052381
1 0.456429 0.398571 0.010000 0.018095
2 0.052143 0.984762 0.014286 0.024762
10 0.070714 0.972381 0.031429 0.036190
1 0.583571 0.453333 0.011429 0.015238
1 0.708571 0.327143 0.014286 0.018095
1 0.726786 0.329048 0.016429 0.020000
3 0.863571 0.358571 0.027143 0.025714
3 0.811429 0.221905 0.032857 0.020952
0 0.843571 0.157619 0.035714 0.025714
0 0.868929 0.111429 0.039286 0.040000
0 0.886071 0.071429 0.040714 0.030476
3 0.906071 0.015238 0.032143 0.026667
0 0.883571 0.033333 0.021429 0.047619
