4 0.587857 0.816190 0.055714 0.135238
4 0.503214 0.517619 0.046429 0.134286
4 0.377500 0.451429 0.046429 0.123810
4 0.451429 0.464762 0.041429 0.118095
4 0.457143 0.281905 0.041429 0.121905
4 0.524286 0.331429 0.044286 0.129524
4 0.585714 0.288571 0.040000 0.135238
4 0.533929 0.129524 0.040714 0.114286
5 0.477500 0.122381 0.036429 0.119048
4 0.680357 0.963810 0.070714 0.072381
2 0.278929 0.507619 0.012143 0.019048
2 0.313214 0.545238 0.013571 0.021905
2 0.284643 0.550000 0.025000 0.021905
2 0.262500 0.810476 0.020714 0.019048
2 0.227857 0.812381 0.021429 0.030476
1 0.160714 0.684762 0.031429 0.015238
10 0.282500 0.509524 0.020714 0.043810
10 0.315357 0.546667 0.013571 0.047619
10 0.282500 0.565238 0.012143 0.023810
10 0.264286 0.809524 0.020000 0.053333
10 0.234643 0.808095 0.025000 0.060000
2 0.342143 0.741905 0.015714 0.028571
10 0.348929 0.741905 0.025000 0.047619
0 0.231429 0.743333 0.031429 0.050476
0 0.263214 0.716667 0.020714 0.046667
4 0.557500 0.572857 0.037857 0.141905
0 0.311071 0.294762 0.015000 0.044762
10 0.161786 0.551429 0.032143 0.043810
0 0.161786 0.499048 0.033571 0.043810
0 0.971786 0.777143 0.056429 0.041905
0 0.978214 0.890000 0.043571 0.040952
