4 0.137857 0.794416 0.044286 0.065990
4 0.304643 0.480964 0.030714 0.045685
4 0.348214 0.517766 0.029286 0.053299
4 0.366071 0.402919 0.026429 0.036802
4 0.365357 0.361675 0.026429 0.032995
4 0.444286 0.361675 0.021429 0.035533
4 0.407143 0.291244 0.020000 0.029188
4 0.451786 0.204315 0.017857 0.022843
4 0.478929 0.182741 0.015000 0.022843
4 0.503929 0.126269 0.012143 0.019036
4 0.520357 0.062183 0.010714 0.017766
4 0.530357 0.042513 0.012143 0.019036
4 0.523214 0.178299 0.015000 0.031726
4 0.488571 0.214467 0.015714 0.030457
5 0.433571 0.241751 0.018571 0.026650
5 0.475714 0.150381 0.015714 0.026650
5 0.526786 0.076142 0.012143 0.020305
4 0.573929 0.031726 0.010714 0.022843
5 0.261429 0.762056 0.044286 0.092640
1 0.382143 0.852157 0.008571 0.034264
1 0.304286 0.926396 0.008571 0.032995
1 0.379286 0.843909 0.008571 0.035533
9 0.219643 0.630076 0.052143 0.097716
1 0.202143 0.549492 0.008571 0.027919
1 0.433571 0.163706 0.004286 0.015228
1 0.438929 0.163071 0.003571 0.013959
1 0.441786 0.162437 0.003571 0.012690
1 0.447143 0.163071 0.002857 0.011421
1 0.455000 0.128807 0.002857 0.013959
1 0.457500 0.128173 0.003571 0.010152
1 0.443571 0.157360 0.002857 0.012690
