1 0.181250 0.019667 0.012500 0.022000
1 0.194750 0.015333 0.017500 0.022667
1 0.208250 0.036667 0.018500 0.018667
4 0.358000 0.190000 0.032000 0.081333
5 0.408750 0.012333 0.056500 0.024667
5 0.415500 0.041000 0.052000 0.046000
5 0.421000 0.083000 0.049000 0.042000
6 0.418000 0.117000 0.063000 0.056667
1 0.476250 0.120667 0.007500 0.021333
4 0.460750 0.083000 0.026500 0.084667
5 0.422000 0.184333 0.053000 0.042000
5 0.549750 0.121667 0.027500 0.080667
5 0.550750 0.211333 0.043500 0.077333
4 0.423750 0.244000 0.057500 0.045333
4 0.431000 0.301667 0.056000 0.038000
4 0.548500 0.287667 0.044000 0.075333
1 0.523000 0.345333 0.007000 0.017333
1 0.528250 0.346333 0.005500 0.010000
5 0.551000 0.398333 0.027000 0.075333
5 0.576750 0.404333 0.032500 0.072667
1 0.477500 0.459000 0.007000 0.008667
5 0.447250 0.446000 0.065500 0.037333
1 0.455500 0.495333 0.010000 0.010667
5 0.420500 0.583333 0.052000 0.030667
1 0.391750 0.613000 0.009500 0.010000
1 0.497500 0.547667 0.005000 0.010000
1 0.525250 0.466667 0.009500 0.010667
4 0.538250 0.020667 0.028500 0.041333
6 0.627000 0.167333 0.070000 0.058667
1 0.690750 0.423333 0.011500 0.009333
1 0.690000 0.432000 0.011000 0.008000
1 0.710500 0.413333 0.006000 0.013333
1 0.731000 0.380000 0.019000 0.013333
1 0.752500 0.412000 0.012000 0.012000
3 0.758000 0.452000 0.020000 0.021333
1 0.717250 0.436000 0.011500 0.008000
1 0.704750 0.442000 0.011500 0.008000
3 0.680500 0.449333 0.015000 0.013333
5 0.608500 0.529667 0.052000 0.028667
5 0.583000 0.573000 0.055000 0.035333
1 0.619250 0.601000 0.010500 0.011333
1 0.650750 0.596333 0.010500 0.011333
1 0.728250 0.599667 0.013500 0.011333
1 0.773250 0.620333 0.010500 0.012667
5 0.658250 0.570667 0.054500 0.033333
5 0.690000 0.616333 0.058000 0.034000
5 0.748750 0.576667 0.055500 0.030667
5 0.796250 0.559000 0.031500 0.071333
10 0.843250 0.548333 0.010500 0.024667
1 0.831250 0.591667 0.013500 0.012667
1 0.833250 0.612667 0.007500 0.005333
1 0.850500 0.622333 0.011000 0.012667
1 0.829000 0.633667 0.013000 0.011333
5 0.749250 0.655333 0.054500 0.036000
3 0.811500 0.692667 0.012000 0.028000
1 0.811750 0.694333 0.013500 0.016667
5 0.759750 0.694333 0.079500 0.032667
5 0.707750 0.695333 0.031500 0.082667
10 0.738000 0.761000 0.011000 0.030000
1 0.836750 0.852667 0.018500 0.017333
3 0.862500 0.839333 0.014000 0.033333
10 0.840000 0.780667 0.013000 0.038667
1 0.839500 0.782333 0.016000 0.018000
10 0.853250 0.721667 0.009500 0.032667
10 0.658250 0.664667 0.014500 0.010667
7 0.663000 0.692667 0.018000 0.042667
5 0.652500 0.747667 0.053000 0.038000
5 0.654250 0.866667 0.040500 0.076000
5 0.699250 0.867333 0.030500 0.078667
1 0.676500 0.860000 0.006000 0.008000
6 0.733250 0.863333 0.027500 0.096000
1 0.476000 0.563000 0.005000 0.008667
1 0.479000 0.535333 0.005000 0.010667
3 0.516000 0.703333 0.008000 0.030667
2 0.515750 0.707667 0.009500 0.014000
6 0.505500 0.831000 0.012000 0.046000
1 0.562250 0.884667 0.007500 0.022667
1 0.596750 0.932333 0.007500 0.016667
1 0.534000 0.936333 0.008000 0.023333
1 0.843500 0.933667 0.012000 0.022000
1 0.835000 0.931000 0.014000 0.015333
10 0.878000 0.959667 0.023000 0.023333
2 0.879750 0.961667 0.015500 0.020667
2 0.915000 0.989000 0.015000 0.022000
1 0.837000 0.959000 0.013000 0.016667
1 0.841750 0.987667 0.009500 0.007333
1 0.833500 0.992333 0.006000 0.010000
1 0.839500 0.980000 0.012000 0.013333
1 0.514500 0.937667 0.009000 0.012667
5 0.479750 0.933333 0.065500 0.042667
5 0.417750 0.936333 0.055500 0.046000
7 0.390000 0.897333 0.038000 0.026667
6 0.377750 0.956667 0.033500 0.086667
5 0.351500 0.966000 0.029000 0.068000
10 0.397000 0.814667 0.009000 0.033333
10 0.385250 0.826000 0.011500 0.034667
10 0.364000 0.813000 0.008000 0.028667
10 0.351250 0.820667 0.008500 0.028000
10 0.341250 0.820000 0.009500 0.030667
10 0.329000 0.816667 0.009000 0.038667
10 0.321750 0.817000 0.010500 0.035333
10 0.309500 0.826667 0.006000 0.028000
10 0.305500 0.767000 0.012000 0.031333
10 0.291750 0.786333 0.006500 0.026000
10 0.279000 0.785000 0.014000 0.024667
7 0.319500 0.763333 0.020000 0.052000
3 0.297500 0.843333 0.013000 0.028000
10 0.281500 0.853667 0.018000 0.019333
7 0.282250 0.761000 0.030500 0.022000
10 0.245500 0.805333 0.019000 0.013333
10 0.255500 0.787333 0.011000 0.017333
7 0.257250 0.765667 0.032500 0.027333
1 0.215750 0.846667 0.006500 0.009333
7 0.244500 0.848667 0.033000 0.044000
0 0.198500 0.769667 0.059000 0.040667
1 0.315500 0.944333 0.011000 0.024667
1 0.309500 0.957000 0.013000 0.027333
1 0.307750 0.985333 0.017500 0.024000
