4 0.357500 0.101429 0.036429 0.082857
4 0.359286 0.214286 0.040000 0.097143
4 0.354286 0.316190 0.041429 0.095238
4 0.357500 0.429048 0.049286 0.128571
4 0.372143 0.650000 0.058571 0.157143
4 0.352143 0.958571 0.067143 0.082857
6 0.707143 0.904286 0.102857 0.191429
4 0.653929 0.690952 0.065000 0.143810
1 0.578571 0.610952 0.014286 0.023810
1 0.573929 0.630476 0.015000 0.024762
2 0.596071 0.638095 0.020714 0.022857
10 0.596429 0.639048 0.018571 0.047619
4 0.623571 0.524762 0.057143 0.121905
4 0.600714 0.381429 0.055714 0.109524
4 0.573571 0.246190 0.047143 0.100000
4 0.567143 0.142381 0.041429 0.096190
5 0.549286 0.047143 0.061429 0.086667
0 0.930000 0.153333 0.121429 0.268571
