6 0.801786 0.908095 0.179286 0.183810
5 0.675000 0.542857 0.130000 0.167619
5 0.791786 0.280000 0.136429 0.089524
4 0.816786 0.341905 0.147857 0.095238
4 0.529643 0.309524 0.090714 0.095238
4 0.183929 0.594286 0.196429 0.131429
4 0.331429 0.460952 0.094286 0.137143
4 0.315000 0.344762 0.058571 0.112381
4 0.275714 0.238571 0.058571 0.086667
4 0.241786 0.172381 0.060714 0.083810
4 0.430714 0.196190 0.075714 0.081905
4 0.307143 0.132857 0.062857 0.067619
5 0.375000 0.133810 0.068571 0.069524
4 0.741786 0.243810 0.107857 0.078095
4 0.699286 0.214762 0.105714 0.071429
4 0.660714 0.194762 0.101429 0.071429
4 0.625000 0.163333 0.108571 0.071429
4 0.470000 0.082381 0.078571 0.048571
4 0.457143 0.068571 0.074286 0.043810
4 0.295000 0.073810 0.054286 0.040952
4 0.240000 0.022381 0.051429 0.035238
4 0.261071 0.048571 0.050714 0.051429
4 0.319643 0.028571 0.055000 0.053333
