4 0.745000 0.687817 0.052857 0.035533
1 0.750357 0.715736 0.005000 0.027919
1 0.585000 0.402919 0.005714 0.021574
1 0.576786 0.404822 0.006429 0.027919
1 0.578929 0.333756 0.006429 0.025381
1 0.599286 0.326777 0.005714 0.021574
1 0.576429 0.294416 0.004286 0.020305
1 0.575714 0.287437 0.005714 0.021574
4 0.380357 0.185914 0.013571 0.029188
4 0.386429 0.224619 0.014286 0.035533
4 0.372857 0.437183 0.015714 0.039340
4 0.370357 0.577411 0.017857 0.050761
5 0.363214 0.816624 0.022143 0.095178
5 0.373929 0.504442 0.017857 0.064721
5 0.369643 0.149112 0.019286 0.039340
5 0.333571 0.116117 0.025714 0.021574
5 0.298929 0.097081 0.025000 0.031726
5 0.373214 0.368020 0.017857 0.053299
5 0.368571 0.663706 0.020000 0.076142
4 0.375714 0.318528 0.017143 0.035533
4 0.377143 0.276015 0.015714 0.036802
9 0.559643 0.930838 0.053571 0.135787
9 0.499643 0.012690 0.017857 0.025381
4 0.533571 0.005711 0.011429 0.011421
