4 0.076429 0.664975 0.071429 0.104061
4 0.265357 0.315990 0.023571 0.035533
4 0.307857 0.326777 0.024286 0.031726
4 0.317143 0.254442 0.017143 0.021574
4 0.341071 0.218274 0.015000 0.017766
4 0.369286 0.204949 0.014286 0.021574
4 0.550714 0.707487 0.028571 0.064721
4 0.503929 0.952411 0.037857 0.092640
4 0.725000 0.709391 0.052857 0.045685
4 0.742500 0.602792 0.046429 0.035533
4 0.578214 0.420051 0.019286 0.032995
4 0.547500 0.374365 0.013571 0.035533
5 0.720357 0.681472 0.050714 0.040609
5 0.711071 0.653553 0.045000 0.043147
5 0.644286 0.684010 0.031429 0.068528
6 0.653929 0.727792 0.102143 0.092640
6 0.694286 0.881345 0.067143 0.204315
4 0.505000 0.835660 0.035714 0.092640
1 0.516429 0.768401 0.008571 0.039340
5 0.693571 0.607868 0.055714 0.045685
5 0.754286 0.616117 0.052857 0.049492
5 0.739286 0.586294 0.054286 0.043147
4 0.742143 0.604695 0.045714 0.039340
4 0.703571 0.628173 0.040000 0.032995
6 0.560714 0.329949 0.022857 0.055838
1 0.578571 0.375000 0.005714 0.019036
1 0.586429 0.373096 0.004286 0.022843
1 0.594643 0.399746 0.003571 0.012690
1 0.598929 0.396574 0.003571 0.021574
1 0.601429 0.398477 0.004286 0.015228
4 0.547857 0.299492 0.010000 0.022843
4 0.538929 0.264594 0.010714 0.016497
4 0.096071 0.445431 0.049286 0.048223
4 0.138571 0.363579 0.035714 0.039340
5 0.177143 0.298223 0.028571 0.032995
5 0.353571 0.279188 0.021429 0.035533
4 0.290714 0.243020 0.017143 0.021574
4 0.270000 0.220812 0.017143 0.020305
5 0.288571 0.218909 0.015714 0.021574
4 0.306071 0.184010 0.010714 0.012690
4 0.323929 0.201142 0.012143 0.013959
4 0.346429 0.170685 0.008571 0.011421
4 0.358571 0.147843 0.007143 0.011421
4 0.363214 0.140228 0.006429 0.011421
4 0.022857 0.473985 0.045714 0.052030
6 0.207857 0.426396 0.071429 0.124365
6 0.211429 0.282995 0.037143 0.058376
6 0.233214 0.237944 0.036429 0.049492
6 0.285000 0.195431 0.024286 0.032995
6 0.322500 0.175761 0.017857 0.029188
6 0.337143 0.157995 0.014286 0.026650
4 0.363214 0.176396 0.010714 0.017766
4 0.367857 0.165609 0.010000 0.019036
4 0.385714 0.166244 0.008571 0.015228
4 0.400714 0.162437 0.008571 0.012690
9 0.378214 0.176396 0.010714 0.025381
6 0.403214 0.144036 0.010714 0.024112
0 0.380357 0.085025 0.050714 0.055838
0 0.090714 0.125000 0.181429 0.184010
0 0.248571 0.094543 0.128571 0.090102
0 0.496786 0.170051 0.075000 0.078680
