4 0.662500 0.960000 0.156429 0.080000
4 0.097143 0.753333 0.102857 0.053333
5 0.257857 0.664286 0.114286 0.086667
4 0.051071 0.442857 0.073571 0.034286
5 0.166071 0.425238 0.060714 0.033333
4 0.247857 0.414762 0.052857 0.029524
4 0.221071 0.378095 0.047857 0.024762
4 0.028571 0.395714 0.057143 0.029524
4 0.107857 0.383810 0.051429 0.026667
4 0.201429 0.373810 0.048571 0.025714
4 0.266429 0.365714 0.047143 0.022857
1 0.309643 0.366667 0.006429 0.020952
4 0.329643 0.360476 0.042143 0.021905
5 0.388214 0.351905 0.040714 0.025714
5 0.435714 0.346190 0.034286 0.023810
4 0.485000 0.340476 0.035714 0.021905
4 0.012143 0.345714 0.020000 0.020952
4 0.090714 0.336190 0.025714 0.019048
5 0.037143 0.339524 0.022857 0.027619
4 0.116071 0.329524 0.015000 0.015238
4 0.145000 0.332857 0.024286 0.020000
4 0.181786 0.327143 0.015000 0.018095
5 0.207500 0.299048 0.023571 0.015238
1 0.227857 0.307143 0.005714 0.016190
1 0.228214 0.293333 0.005000 0.017143
1 0.223214 0.330476 0.005000 0.015238
1 0.165000 0.302857 0.002857 0.013333
1 0.167143 0.300952 0.002857 0.013333
4 0.247500 0.295238 0.013571 0.017143
0 0.278571 0.290000 0.017143 0.023810
0 0.294286 0.285238 0.015714 0.021905
10 0.535357 0.332857 0.007857 0.018095
1 0.563214 0.325714 0.005000 0.017143
1 0.559286 0.320000 0.004286 0.019048
1 0.563571 0.316190 0.004286 0.019048
10 0.575000 0.313810 0.007143 0.016190
4 0.734286 0.422857 0.048571 0.030476
4 0.791429 0.391429 0.035714 0.024762
0 0.764643 0.377619 0.022143 0.023810
0 0.745000 0.352857 0.025714 0.021905
0 0.825714 0.373810 0.032857 0.035238
0 0.850000 0.337143 0.037143 0.026667
9 0.584286 0.282857 0.045714 0.034286
0 0.545357 0.265238 0.025000 0.027619
0 0.522143 0.253810 0.024286 0.027619
0 0.497143 0.246667 0.022857 0.019048
0 0.480357 0.240476 0.015000 0.018095
9 0.443571 0.245238 0.034286 0.018095
4 0.367857 0.247143 0.022857 0.010476
4 0.386786 0.241905 0.017857 0.009524
4 0.377857 0.234286 0.020000 0.009524
4 0.426786 0.235714 0.017857 0.010476
0 0.413214 0.227143 0.025000 0.020000
4 0.367500 0.227619 0.020714 0.007619
4 0.356429 0.209048 0.017143 0.006667
4 0.326071 0.220476 0.006429 0.006667
0 0.330000 0.208571 0.020000 0.015238
0 0.354643 0.196667 0.019286 0.016190
0 0.382857 0.206667 0.025714 0.020952
1 0.421071 0.393333 0.009286 0.026667
0 0.648571 0.280952 0.031429 0.036190
0 0.357500 0.427143 0.019286 0.029524
2 0.573571 0.311429 0.005714 0.013333
2 0.535000 0.331429 0.005714 0.017143
