4 0.478929 0.474619 0.052143 0.043147
4 0.483214 0.429569 0.050714 0.034264
4 0.480357 0.386421 0.049286 0.034264
4 0.480714 0.340102 0.047143 0.038071
4 0.512857 0.300127 0.047143 0.034264
4 0.512143 0.257614 0.044286 0.032995
4 0.514286 0.223985 0.047143 0.031726
4 0.443571 0.154188 0.018571 0.059645
4 0.380000 0.151015 0.021429 0.068528
4 0.187500 0.702411 0.033571 0.102792
4 0.254286 0.246827 0.057143 0.044416
4 0.268571 0.128173 0.050000 0.040609
4 0.276071 0.072335 0.049286 0.040609
4 0.282857 0.034898 0.048571 0.034264
5 0.401071 0.684645 0.023571 0.105330
4 0.607500 0.727792 0.056429 0.041878
4 0.593929 0.685914 0.059286 0.046954
4 0.592500 0.625635 0.059286 0.048223
4 0.588214 0.577411 0.056429 0.038071
4 0.596429 0.527919 0.051429 0.048223
4 0.593929 0.476523 0.056429 0.041878
4 0.590000 0.430838 0.051429 0.044416
4 0.570000 0.392766 0.052857 0.044416
4 0.594286 0.355964 0.052857 0.041878
4 0.587500 0.314086 0.050714 0.041878
4 0.587500 0.276015 0.046429 0.039340
4 0.560000 0.114848 0.020000 0.072335
4 0.587857 0.125000 0.021429 0.067259
4 0.611071 0.124365 0.020714 0.065990
4 0.521071 0.112310 0.047857 0.036802
4 0.520000 0.145305 0.047143 0.036802
5 0.515000 0.073604 0.042857 0.040609
5 0.522143 0.174492 0.040000 0.044416
5 0.548571 0.796320 0.022857 0.092640
5 0.610714 0.833122 0.071429 0.046954
4 0.617500 0.904188 0.062143 0.039340
5 0.608929 0.958756 0.055000 0.044416
1 0.488214 0.062817 0.007857 0.026650
1 0.585714 0.076777 0.005714 0.026650
1 0.585714 0.060279 0.007143 0.026650
1 0.635714 0.271574 0.007143 0.025381
1 0.660000 0.266497 0.005714 0.022843
1 0.650714 0.258249 0.007143 0.024112
1 0.659286 0.411802 0.007143 0.029188
1 0.673929 0.464467 0.009286 0.022843
1 0.683929 0.200508 0.009286 0.027919
1 0.657857 0.187817 0.007143 0.027919
1 0.669286 0.146574 0.008571 0.026650
1 0.675000 0.041878 0.005714 0.027919
1 0.523571 0.606599 0.007143 0.032995
1 0.512500 0.600888 0.007857 0.029188
1 0.633571 0.609772 0.007143 0.026650
1 0.684643 0.655457 0.010714 0.024112
1 0.691071 0.729695 0.007857 0.020305
1 0.669643 0.668147 0.009286 0.026650
1 0.691786 0.938452 0.009286 0.019036
1 0.706071 0.949239 0.010714 0.017766
10 0.712857 0.925761 0.005714 0.036802
10 0.628929 0.866751 0.023571 0.017766
2 0.667857 0.200508 0.010000 0.017766
1 0.938571 0.119924 0.011429 0.026650
1 0.900000 0.217005 0.010000 0.022843
7 0.913214 0.101523 0.029286 0.030457
2 0.908929 0.102792 0.009286 0.020305
1 0.715357 0.052665 0.006429 0.021574
4 0.304643 0.012056 0.043571 0.024112
