4 0.334500 0.802667 0.079000 0.060000
0 0.130250 0.291667 0.088500 0.048667
0 0.081500 0.329667 0.046000 0.024667
0 0.044500 0.361333 0.032000 0.030667
4 0.420000 0.749000 0.065000 0.047333
4 0.624000 0.822000 0.077000 0.060000
4 0.711750 0.772000 0.064500 0.052000
4 0.774750 0.740667 0.061500 0.038667
4 0.833000 0.706000 0.059000 0.046667
4 0.917250 0.527000 0.038500 0.024667
6 0.897000 0.569333 0.058000 0.037333
6 0.855000 0.546333 0.053000 0.044667
5 0.180750 0.638000 0.036500 0.038667
4 0.015750 0.393000 0.014500 0.015333
4 0.041250 0.390000 0.009500 0.012000
4 0.073000 0.356667 0.002000 0.009333
4 0.083000 0.360333 0.009000 0.008667
1 0.588750 0.477000 0.004500 0.016667
2 0.630500 0.481000 0.002000 0.014000
0 0.158250 0.379667 0.072500 0.123333
4 0.157500 0.520000 0.021000 0.026667
0 0.320750 0.370667 0.163500 0.105333
