4 0.307500 0.846667 0.070000 0.116000
4 0.560500 0.700333 0.068000 0.052667
4 0.574250 0.660667 0.067500 0.038667
4 0.578000 0.628000 0.077000 0.041333
4 0.588000 0.598667 0.063000 0.036000
4 0.588750 0.571333 0.070500 0.037333
4 0.492750 0.536000 0.040500 0.049333
4 0.597250 0.547667 0.065500 0.030000
4 0.603750 0.524333 0.055500 0.032667
4 0.614500 0.501333 0.056000 0.028000
4 0.610500 0.480333 0.048000 0.028667
10 0.638500 0.445000 0.014000 0.016667
4 0.581000 0.453667 0.029000 0.028667
1 0.562250 0.376333 0.004500 0.022000
5 0.613250 0.342667 0.018500 0.029333
1 0.292000 0.274333 0.003000 0.014000
4 0.705250 0.240333 0.012500 0.012667
4 0.715250 0.219333 0.012500 0.013333
4 0.711250 0.139667 0.006500 0.007333
0 0.766250 0.145000 0.019500 0.018000
0 0.739000 0.232667 0.032000 0.064000
0 0.720000 0.274333 0.036000 0.018000
0 0.717250 0.248667 0.010500 0.029333
0 0.711500 0.154000 0.021000 0.014667
0 0.722500 0.144333 0.012000 0.010000
0 0.763750 0.123667 0.016500 0.011333
