1 0.033214 0.420476 0.037857 0.033333
1 0.172500 0.242857 0.033571 0.049524
2 0.196429 0.256190 0.025714 0.034286
3 0.200000 0.264762 0.028571 0.057143
4 0.345714 0.255238 0.075714 0.152381
5 0.275000 0.082857 0.070000 0.142857
4 0.429643 0.732381 0.135000 0.110476
4 0.476071 0.545238 0.130714 0.098095
4 0.527857 0.376667 0.125714 0.098095
4 0.548214 0.225714 0.117857 0.093333
4 0.587500 0.032381 0.116429 0.064762
1 0.501429 0.070476 0.018571 0.047619
4 0.858214 0.320000 0.136429 0.097143
1 0.784643 0.050952 0.019286 0.044762
4 0.894286 0.042381 0.124286 0.084762
3 0.855714 0.444286 0.034286 0.046667
1 0.666429 0.503333 0.027143 0.025714
4 0.791429 0.853333 0.151429 0.116190
