2 0.357255 0.923006 0.021399 0.037106
10 0.358559 0.931818 0.010438 0.043599
4 0.443372 0.962894 0.031837 0.072356
4 0.535230 0.757885 0.024530 0.051948
8 0.498695 0.877087 0.017223 0.054731
6 0.479123 0.737941 0.030271 0.089981
1 0.573591 0.773655 0.005219 0.035250
1 0.583768 0.780148 0.007829 0.035250
1 0.633612 0.778293 0.006263 0.029685
1 0.644311 0.702226 0.007829 0.027829
8 0.580637 0.771336 0.016180 0.045455
8 0.602296 0.805195 0.024008 0.051948
10 0.679280 0.882189 0.022443 0.027829
1 0.697547 0.861781 0.009916 0.038961
10 0.702244 0.719388 0.006785 0.019481
10 0.703288 0.774583 0.007829 0.027829
10 0.717119 0.769481 0.009395 0.026902
7 0.730428 0.879870 0.019311 0.045455
8 0.704071 0.876623 0.021921 0.051948
4 0.715814 0.921150 0.069415 0.061224
4 0.749217 0.961039 0.077766 0.064935
10 0.774269 0.909555 0.032881 0.030612
7 0.581420 0.655380 0.009395 0.028757
1 0.569154 0.639610 0.006785 0.019481
4 0.507829 0.577458 0.013570 0.026902
4 0.566023 0.546382 0.018267 0.020408
4 0.362213 0.448052 0.011482 0.012987
4 0.435804 0.466605 0.011482 0.011132
4 0.432411 0.462430 0.014092 0.010204
4 0.482516 0.479592 0.008873 0.012987
5 0.536534 0.507421 0.012526 0.024119
7 0.514353 0.508349 0.008873 0.018553
4 0.522965 0.462430 0.007307 0.012059
10 0.571242 0.540816 0.005741 0.009276
1 0.562370 0.493970 0.003653 0.010204
1 0.568894 0.493970 0.003132 0.010204
2 0.550626 0.502783 0.003132 0.009276
10 0.550626 0.504638 0.004175 0.009276
10 0.530271 0.471243 0.003132 0.007421
10 0.549843 0.458720 0.002610 0.006494
10 0.538622 0.403525 0.002088 0.003711
10 0.543580 0.393785 0.001566 0.002783
2 0.530532 0.468924 0.002610 0.008349
2 0.550104 0.456865 0.002088 0.006494
2 0.538361 0.402134 0.001566 0.004638
2 0.543580 0.391929 0.001566 0.004638
2 0.551670 0.437848 0.002088 0.005566
3 0.551931 0.440167 0.002610 0.006494
8 0.560804 0.459184 0.005741 0.011132
4 0.545146 0.404917 0.004697 0.006494
4 0.552453 0.399351 0.004697 0.008349
4 0.553236 0.406772 0.006263 0.006494
10 0.554541 0.412338 0.003653 0.006494
6 0.528184 0.425788 0.009395 0.018553
4 0.530532 0.404917 0.005741 0.008349
5 0.532359 0.399351 0.005219 0.008349
4 0.550887 0.392393 0.004697 0.005566
4 0.544885 0.384508 0.003132 0.004638
6 0.540188 0.384508 0.004175 0.010204
0 0.533925 0.387755 0.005219 0.018553
0 0.551148 0.382653 0.004175 0.010204
2 0.524008 0.558442 0.004175 0.014842
2 0.551931 0.594620 0.004697 0.016698
10 0.523747 0.562152 0.004697 0.012987
10 0.552714 0.597403 0.005219 0.014842
3 0.606994 0.673006 0.013570 0.013915
10 0.611952 0.676716 0.009916 0.017625
1 0.631524 0.615955 0.006263 0.020408
