6 0.553214 0.694797 0.033571 0.110406
4 0.517500 0.639594 0.019286 0.048223
4 0.453571 0.712563 0.017143 0.041878
4 0.465000 0.524746 0.017143 0.031726
6 0.302857 0.437183 0.020000 0.046954
6 0.428214 0.414975 0.020714 0.053299
4 0.447500 0.427030 0.013571 0.029188
10 0.480357 0.395939 0.009286 0.020305
2 0.481071 0.392766 0.007857 0.011421
4 0.463571 0.239213 0.011429 0.016497
4 0.373929 0.239213 0.010714 0.016497
4 0.393929 0.228426 0.009286 0.012690
4 0.383214 0.212563 0.009286 0.013959
4 0.370000 0.197970 0.008571 0.015228
9 0.406429 0.239213 0.012857 0.026650
0 0.566429 0.110406 0.121429 0.076142
0 0.593214 0.032995 0.072143 0.060914
