1 0.705376 0.688776 0.018267 0.067718
1 0.706681 0.649814 0.016701 0.067718
1 0.437109 0.351113 0.012004 0.049165
8 0.444154 0.326067 0.025052 0.058442
7 0.528967 0.344620 0.018267 0.054731
8 0.510960 0.325603 0.016701 0.053803
7 0.477035 0.276902 0.038622 0.030612
2 0.484342 0.270408 0.010438 0.028757
1 0.502349 0.252783 0.009916 0.032468
7 0.503653 0.256957 0.013570 0.022263
7 0.459551 0.251391 0.023486 0.031540
2 0.431367 0.258349 0.006785 0.021336
4 0.369259 0.300093 0.051670 0.043599
7 0.401879 0.480056 0.034447 0.069573
6 0.598904 0.416048 0.080898 0.075139
7 0.583768 0.392857 0.042276 0.036178
1 0.596294 0.333488 0.006785 0.047310
7 0.530271 0.204545 0.031315 0.025046
2 0.525835 0.199443 0.006785 0.022263
1 0.473643 0.193878 0.004697 0.027829
2 0.500261 0.190631 0.007829 0.023191
3 0.500261 0.198980 0.015136 0.019481
8 0.406054 0.124768 0.008351 0.021336
7 0.399530 0.147495 0.009916 0.022263
2 0.414927 0.180891 0.005219 0.020408
1 0.416493 0.174861 0.003132 0.019481
7 0.412056 0.186456 0.015136 0.020408
6 0.493215 0.184137 0.036534 0.032468
0 0.417797 0.096939 0.024530 0.062152
0 0.373695 0.160482 0.033403 0.044527
8 0.573069 0.623840 0.043841 0.112245
7 0.567850 0.555659 0.033403 0.089054
10 0.686326 0.658627 0.031315 0.063080
7 0.391180 0.256957 0.032881 0.031540
