4 0.482500 0.559524 0.040714 0.086667
4 0.575714 0.529524 0.048571 0.083810
4 0.518214 0.501905 0.037857 0.072381
4 0.463929 0.478571 0.033571 0.071429
4 0.497500 0.430952 0.032143 0.056190
4 0.543214 0.447619 0.040714 0.066667
4 0.522857 0.380952 0.034286 0.047619
4 0.484286 0.369048 0.030000 0.056190
5 0.454286 0.409048 0.030000 0.061905
4 0.441429 0.355238 0.027143 0.049524
4 0.437500 0.311905 0.025000 0.044762
4 0.433214 0.272857 0.020714 0.035238
4 0.436786 0.239524 0.020714 0.035238
4 0.460714 0.223810 0.024286 0.036190
4 0.431429 0.202857 0.020000 0.036190
4 0.449286 0.190000 0.020000 0.031429
4 0.449286 0.162381 0.017143 0.029524
4 0.425714 0.149524 0.015714 0.030476
1 0.506071 0.147143 0.005000 0.018095
4 0.415000 0.101905 0.015714 0.024762
4 0.409286 0.038571 0.014286 0.020000
4 0.401071 0.056667 0.013571 0.020000
4 0.411071 0.020952 0.012143 0.017143
4 0.448571 0.046190 0.014286 0.016190
1 0.524286 0.193333 0.004286 0.022857
1 0.527500 0.191429 0.005000 0.022857
2 0.408929 0.141905 0.007857 0.013333
10 0.410357 0.148571 0.006429 0.011429
4 0.408214 0.080952 0.012143 0.022857
4 0.393929 0.027143 0.015000 0.020000
2 0.426429 0.619048 0.011429 0.019048
2 0.446786 0.619048 0.009286 0.022857
2 0.409643 0.672857 0.012143 0.025714
2 0.408929 0.661905 0.015000 0.020952
2 0.386786 0.694762 0.013571 0.020000
2 0.389643 0.690952 0.012143 0.027619
2 0.403571 0.732857 0.020000 0.040952
2 0.427143 0.728571 0.015714 0.028571
2 0.426071 0.718095 0.010714 0.022857
1 0.488214 0.768571 0.013571 0.028571
2 0.591071 0.813810 0.015000 0.021905
2 0.595000 0.769524 0.012857 0.022857
10 0.592857 0.778571 0.032857 0.016190
10 0.587143 0.823810 0.031429 0.015238
10 0.387500 0.707619 0.013571 0.032381
10 0.403214 0.747143 0.012143 0.029524
10 0.428214 0.746190 0.012143 0.031429
10 0.408571 0.687619 0.010000 0.030476
10 0.441786 0.668095 0.010714 0.025714
10 0.427500 0.639524 0.010714 0.023810
10 0.447500 0.641905 0.010714 0.024762
2 0.441071 0.650476 0.010714 0.013333
2 0.441071 0.645238 0.009286 0.016190
8 0.469286 0.734286 0.024286 0.057143
0 0.447857 0.874286 0.035714 0.053333
0 0.534643 0.892857 0.042143 0.027619
2 0.649286 0.826667 0.014286 0.030476
10 0.646786 0.832381 0.037857 0.045714
0 0.719643 0.797143 0.040714 0.034286
1 0.751786 0.637143 0.012143 0.036190
1 0.837857 0.564762 0.015714 0.036190
1 0.803929 0.642381 0.019286 0.031429
0 0.872143 0.595714 0.048571 0.037143
2 0.863929 0.785238 0.013571 0.035238
2 0.913571 0.761905 0.017143 0.032381
2 0.912500 0.720476 0.017857 0.025714
2 0.943571 0.724762 0.015714 0.022857
0 0.971071 0.745238 0.043571 0.035238
10 0.905357 0.733810 0.026429 0.023810
10 0.858929 0.791429 0.015000 0.024762
10 0.902857 0.768571 0.022857 0.020952
10 0.936071 0.736667 0.019286 0.021905
0 0.041071 0.935238 0.053571 0.041905
