0 0.316750 0.150667 0.038500 0.034667
0 0.440250 0.119000 0.040500 0.082000
4 0.278000 0.164667 0.009000 0.009333
4 0.281750 0.161667 0.009500 0.008667
4 0.285500 0.156667 0.012000 0.008000
4 0.294250 0.150667 0.007500 0.009333
4 0.322000 0.131000 0.008000 0.006000
4 0.328750 0.128333 0.006500 0.006000
4 0.256250 0.180333 0.012500 0.010000
4 0.266750 0.180333 0.011500 0.010000
5 0.276500 0.179000 0.008000 0.012667
4 0.375000 0.195000 0.019000 0.011333
4 0.392000 0.189000 0.018000 0.010000
1 0.389500 0.194000 0.003000 0.010667
5 0.404250 0.194333 0.017500 0.012667
5 0.412750 0.199667 0.018500 0.015333
4 0.446750 0.164000 0.007500 0.009333
4 0.460750 0.163667 0.006500 0.008667
5 0.417000 0.219333 0.010000 0.018667
5 0.419750 0.234000 0.009500 0.020000
4 0.458250 0.202000 0.009500 0.012000
5 0.475500 0.184667 0.015000 0.013333
3 0.472000 0.195667 0.003000 0.008667
2 0.471750 0.193000 0.002500 0.010000
1 0.476500 0.205000 0.002000 0.012667
1 0.443000 0.216333 0.004000 0.014000
1 0.444000 0.205000 0.004000 0.012667
1 0.412000 0.276000 0.003000 0.017333
1 0.416000 0.274667 0.005000 0.018667
1 0.423250 0.291000 0.005500 0.018000
4 0.420500 0.313667 0.018000 0.027333
4 0.453000 0.285667 0.015000 0.022000
1 0.452000 0.261000 0.004000 0.016667
3 0.459500 0.258333 0.004000 0.011333
2 0.459250 0.254000 0.003500 0.012000
1 0.487000 0.240333 0.005000 0.015333
4 0.475250 0.290667 0.016500 0.024000
6 0.444250 0.338333 0.045500 0.028667
1 0.460000 0.343333 0.005000 0.022667
5 0.436250 0.395333 0.052500 0.040000
1 0.469250 0.436667 0.005500 0.026667
1 0.487000 0.436333 0.005000 0.026000
2 0.483750 0.435333 0.008500 0.014667
10 0.470250 0.462000 0.010500 0.018667
1 0.473250 0.749000 0.011500 0.043333
1 0.472500 0.773667 0.008000 0.027333
6 0.424250 0.815000 0.072500 0.266000
1 0.550000 0.788333 0.016000 0.050000
6 0.498750 0.606333 0.047500 0.111333
6 0.491250 0.518667 0.036500 0.064000
5 0.586500 0.487667 0.033000 0.056667
1 0.491250 0.241667 0.003500 0.014000
4 0.494000 0.266000 0.014000 0.017333
4 0.496750 0.290667 0.017500 0.021333
4 0.483500 0.316333 0.017000 0.024667
1 0.481500 0.210333 0.004000 0.010000
1 0.518000 0.332333 0.005000 0.019333
1 0.516250 0.326333 0.004500 0.019333
6 0.517500 0.305000 0.018000 0.028667
1 0.494000 0.445667 0.007000 0.030000
2 0.499750 0.438667 0.006500 0.018667
1 0.505250 0.438000 0.006500 0.026667
3 0.500500 0.446000 0.005000 0.013333
1 0.510000 0.489333 0.007000 0.033333
1 0.539250 0.440000 0.010500 0.029333
2 0.507500 0.514000 0.004000 0.009333
1 0.502500 0.503000 0.015000 0.026000
1 0.516250 0.617667 0.015500 0.034000
1 0.515000 0.600333 0.015000 0.034000
2 0.654750 0.986667 0.023500 0.026667
10 0.653250 0.980667 0.026500 0.038667
1 0.835500 0.959333 0.023000 0.050667
1 0.799000 0.933000 0.020000 0.044667
1 0.802500 0.914667 0.029000 0.049333
4 0.685000 0.758333 0.075000 0.119333
1 0.643000 0.583667 0.012000 0.035333
1 0.588750 0.599333 0.010500 0.034667
2 0.600250 0.586667 0.007500 0.016000
1 0.593750 0.572000 0.006500 0.022667
1 0.595750 0.564667 0.009500 0.030667
6 0.628250 0.520000 0.062500 0.076000
1 0.556250 0.404000 0.012500 0.022667
6 0.542250 0.385333 0.027500 0.042667
0 0.531750 0.277333 0.007500 0.014667
