0 0.523929 0.178571 0.030714 0.020000
0 0.485000 0.170952 0.002857 0.006667
0 0.506429 0.156667 0.010000 0.012381
0 0.478929 0.212381 0.029286 0.028571
0 0.509286 0.218095 0.010000 0.011429
0 0.465714 0.238095 0.025714 0.026667
4 0.466429 0.918095 0.020000 0.074286
4 0.501071 0.906190 0.019286 0.063810
4 0.569643 0.946667 0.025000 0.074286
4 0.678571 0.626667 0.035714 0.022857
4 0.628571 0.494286 0.024286 0.017143
4 0.545000 0.688095 0.018571 0.042857
4 0.695714 0.667143 0.037143 0.021905
4 0.703214 0.687619 0.039286 0.024762
4 0.709286 0.712857 0.040000 0.023810
4 0.730000 0.764286 0.041429 0.027619
4 0.716429 0.738571 0.042857 0.027619
9 0.485000 0.697143 0.025714 0.127619
6 0.516429 0.526190 0.018571 0.037143
6 0.550000 0.570000 0.020000 0.042857
6 0.506786 0.461429 0.017857 0.061905
6 0.527857 0.429524 0.018571 0.041905
6 0.475714 0.368095 0.015714 0.073333
6 0.501786 0.400476 0.013571 0.029524
6 0.511071 0.340476 0.010714 0.021905
6 0.471786 0.298095 0.010714 0.034286
6 0.495357 0.322857 0.012143 0.024762
6 0.488929 0.260952 0.009286 0.026667
6 0.498214 0.241429 0.009286 0.021905
6 0.505357 0.294762 0.012143 0.023810
6 0.508929 0.314762 0.009286 0.021905
6 0.510714 0.203810 0.030000 0.017143
6 0.530714 0.200952 0.022857 0.013333
4 0.532857 0.312381 0.008571 0.011429
4 0.495357 0.342857 0.007857 0.013333
4 0.514643 0.372381 0.007857 0.013333
4 0.498929 0.362381 0.007857 0.016190
4 0.491786 0.298571 0.005000 0.008571
4 0.463929 0.339048 0.007857 0.015238
4 0.499286 0.379048 0.008571 0.013333
4 0.514643 0.389524 0.007857 0.015238
4 0.518571 0.408571 0.008571 0.019048
5 0.547500 0.363810 0.007857 0.017143
4 0.110357 0.724286 0.033571 0.042857
5 0.086071 0.638571 0.039286 0.025714
0 0.475714 0.152381 0.024286 0.022857
6 0.467857 0.193333 0.007143 0.013333
6 0.476071 0.190476 0.006429 0.013333
4 0.539286 0.205714 0.011429 0.005714
4 0.507143 0.241905 0.005714 0.007619
4 0.503214 0.280476 0.006429 0.004762
4 0.501071 0.272857 0.006429 0.008571
4 0.502143 0.264762 0.004286 0.007619
4 0.501071 0.258571 0.005000 0.008571
4 0.543571 0.278095 0.007143 0.011429
4 0.532857 0.303333 0.011429 0.010476
4 0.465357 0.281429 0.006429 0.010476
4 0.493571 0.277143 0.005714 0.007619
6 0.490357 0.285238 0.007857 0.014286
0 0.566429 0.409524 0.045714 0.032381
4 0.538571 0.486667 0.014286 0.020952
4 0.476071 0.494286 0.012143 0.026667
5 0.537500 0.528571 0.015000 0.030476
1 0.331786 0.563810 0.006429 0.020952
1 0.364286 0.501429 0.005714 0.020000
1 0.342500 0.532381 0.005000 0.017143
1 0.422143 0.451429 0.004286 0.017143
1 0.354643 0.480476 0.005000 0.018095
1 0.336071 0.552381 0.006429 0.020952
1 0.367857 0.433333 0.004286 0.019048
1 0.362857 0.425238 0.004286 0.016190
1 0.380714 0.382857 0.005714 0.015238
1 0.373214 0.375714 0.003571 0.016190
8 0.455357 0.372857 0.007857 0.014286
10 0.589286 0.448095 0.011429 0.008571
0 0.556429 0.344762 0.007143 0.013333
4 0.471786 0.179524 0.003571 0.004762
4 0.469286 0.185238 0.004286 0.004762
6 0.378571 0.217143 0.037143 0.017143
6 0.344286 0.222857 0.024286 0.013333
0 0.502500 0.127619 0.017857 0.024762
3 0.636071 0.814286 0.007857 0.022857
2 0.636071 0.810476 0.007857 0.017143
