4 0.053929 0.143333 0.007857 0.014286
4 0.061429 0.143333 0.008571 0.014286
4 0.068571 0.143333 0.010000 0.012381
4 0.078214 0.143333 0.009286 0.014286
1 0.070357 0.160952 0.006429 0.007619
1 0.079643 0.166190 0.005000 0.008571
1 0.083214 0.164762 0.005000 0.009524
1 0.086071 0.164762 0.006429 0.009524
4 0.105000 0.201905 0.011429 0.011429
5 0.102500 0.208095 0.016429 0.010476
4 0.101429 0.215714 0.014286 0.010476
1 0.085714 0.308095 0.005714 0.008571
10 0.176786 0.372381 0.007857 0.005714
2 0.176429 0.369524 0.004286 0.007619
6 0.198571 0.428571 0.028571 0.026667
4 0.575714 0.605238 0.022857 0.020000
4 0.815357 0.724762 0.025000 0.020952
4 0.690714 0.519524 0.010000 0.021905
4 0.610000 0.415238 0.008571 0.019048
4 0.651071 0.372381 0.010714 0.022857
4 0.673571 0.456667 0.008571 0.023810
4 0.662857 0.436667 0.008571 0.023810
5 0.695000 0.472381 0.008571 0.022857
4 0.705714 0.482857 0.011429 0.020952
4 0.718571 0.488571 0.008571 0.019048
4 0.727500 0.494762 0.009286 0.023810
4 0.738571 0.498571 0.008571 0.021905
4 0.751429 0.504286 0.010000 0.023810
4 0.553214 0.323810 0.009286 0.020952
4 0.578929 0.398095 0.007857 0.019048
4 0.588929 0.397619 0.007857 0.021905
4 0.598571 0.396667 0.007143 0.020000
4 0.865357 0.582857 0.013571 0.024762
4 0.881071 0.588571 0.012143 0.026667
4 0.892500 0.593333 0.013571 0.026667
6 0.770714 0.669524 0.084286 0.055238
1 0.707500 0.622857 0.005000 0.007619
