6 0.130357 0.968274 0.030714 0.060914
4 0.227857 0.790609 0.015714 0.032995
4 0.246786 0.940355 0.016429 0.038071
5 0.282143 0.643401 0.014286 0.030457
5 0.314286 0.589467 0.014286 0.029188
5 0.339286 0.587563 0.012857 0.030457
6 0.325714 0.664975 0.017143 0.050761
4 0.335714 0.495558 0.014286 0.026650
6 0.327857 0.958756 0.017143 0.059645
6 0.345000 0.963198 0.017143 0.058376
5 0.358571 0.960660 0.011429 0.043147
5 0.370714 0.958122 0.014286 0.048223
4 0.415714 0.310279 0.012857 0.024112
4 0.338571 0.449873 0.011429 0.024112
5 0.399286 0.420685 0.010000 0.026650
6 0.391429 0.380076 0.012857 0.026650
6 0.379643 0.374365 0.017857 0.035533
1 0.491786 0.949873 0.003571 0.006345
4 0.392857 0.479061 0.014286 0.026650
0 0.422857 0.258883 0.002857 0.010152
6 0.460357 0.138959 0.020714 0.044416
4 0.487500 0.114213 0.009286 0.017766
6 0.489286 0.050127 0.020000 0.046954
6 0.551429 0.017132 0.015714 0.034264
6 0.562857 0.019036 0.018571 0.038071
4 0.550357 0.055203 0.009286 0.019036
4 0.589643 0.064721 0.007857 0.015228
9 0.603571 0.020305 0.018571 0.040609
4 0.785714 0.135152 0.010000 0.021574
