4 0.573069 0.407236 0.022965 0.042672
4 0.975992 0.961503 0.046973 0.045455
4 0.964509 0.909091 0.067850 0.059369
4 0.944154 0.861317 0.055324 0.051020
4 0.933194 0.783859 0.061587 0.044527
5 0.916493 0.737477 0.052192 0.040816
4 0.893267 0.704545 0.051670 0.039889
4 0.877871 0.662801 0.050104 0.041744
4 0.878392 0.555659 0.034447 0.059369
4 0.796712 0.476345 0.038100 0.026902
5 0.789144 0.442022 0.036534 0.032468
5 0.764614 0.400278 0.036534 0.032468
5 0.743215 0.350186 0.024008 0.021336
4 0.739301 0.332560 0.029749 0.023191
5 0.682933 0.246753 0.021399 0.018553
4 0.710595 0.166512 0.018267 0.017625
4 0.835595 0.326994 0.018789 0.026902
4 0.889614 0.347403 0.025574 0.026902
4 0.869259 0.320965 0.022443 0.024119
4 0.850992 0.291744 0.020355 0.025046
4 0.835073 0.267161 0.016701 0.020408
4 0.819937 0.252319 0.015658 0.024119
9 0.876044 0.272263 0.039144 0.062152
9 0.843163 0.232375 0.038100 0.054731
9 0.877088 0.167440 0.051670 0.034323
4 0.931889 0.178571 0.023486 0.017625
4 0.825939 0.172542 0.022443 0.018553
0 0.898486 0.249072 0.031837 0.041744
1 0.781054 0.132653 0.004697 0.014842
1 0.667015 0.117811 0.004175 0.007421
2 0.714770 0.137755 0.002610 0.008349
10 0.714770 0.144249 0.007829 0.006494
4 0.682411 0.164193 0.014092 0.014842
4 0.709029 0.125232 0.009916 0.014842
4 0.718946 0.122913 0.008873 0.013915
4 0.723643 0.110390 0.009916 0.016698
4 0.702244 0.113173 0.007829 0.016698
4 0.712944 0.113173 0.009395 0.014842
4 0.697025 0.103432 0.006785 0.013915
4 0.701722 0.096475 0.010960 0.012987
4 0.675365 0.055195 0.010438 0.008349
4 0.671451 0.047310 0.006785 0.007421
5 0.433455 0.910946 0.050626 0.057514
4 0.462944 0.975417 0.061587 0.047310
