1 0.212857 0.217619 0.035714 0.067619
1 0.306429 0.205714 0.032857 0.060952
1 0.220000 0.257143 0.031429 0.055238
1 0.138214 0.301429 0.032143 0.058095
1 0.392500 0.172381 0.020714 0.047619
1 0.194643 0.427619 0.050714 0.078095
1 0.210000 0.488095 0.040000 0.075238
1 0.265357 0.569524 0.037857 0.076190
1 0.342857 0.468095 0.041429 0.069524
1 0.421071 0.406190 0.033571 0.075238
1 0.612500 0.286667 0.020714 0.074286
1 0.431786 0.184762 0.026429 0.068571
1 0.443929 0.200476 0.019286 0.073333
1 0.460714 0.147619 0.024286 0.051429
1 0.538571 0.116190 0.018571 0.047619
1 0.684643 0.244762 0.027857 0.070476
1 0.762857 0.326190 0.028571 0.069524
1 0.693929 0.390476 0.026429 0.085714
1 0.633214 0.478095 0.025000 0.078095
1 0.588214 0.172381 0.019286 0.064762
1 0.560714 0.282381 0.028571 0.079048
1 0.500000 0.223333 0.031429 0.065714
1 0.423929 0.256190 0.029286 0.072381
1 0.340000 0.315714 0.034286 0.073333
1 0.243571 0.359048 0.025714 0.076190
2 0.151071 0.330952 0.032143 0.052381
2 0.170714 0.368095 0.054286 0.054286
2 0.295000 0.634286 0.055714 0.051429
1 0.384286 0.658571 0.057143 0.090476
1 0.514643 0.732857 0.033571 0.082857
1 0.483929 0.560476 0.040714 0.111429
2 0.581786 0.114286 0.020714 0.045714
2 0.595714 0.130000 0.017143 0.048571
3 0.551786 0.090000 0.035000 0.046667
3 0.691071 0.180952 0.035000 0.043810
3 0.741429 0.220000 0.027143 0.060952
3 0.763571 0.214286 0.025714 0.064762
3 0.833929 0.287143 0.035000 0.056190
3 0.362500 0.850000 0.062143 0.101905
3 0.284643 0.731905 0.067857 0.101905
3 0.124643 0.671905 0.093571 0.084762
3 0.074643 0.488571 0.046429 0.106667
