0 0.373929 0.382381 0.033571 0.073333
0 0.518571 0.153333 0.035714 0.026667
1 0.451786 0.467143 0.003571 0.010476
1 0.479286 0.380476 0.002857 0.008571
6 0.421429 0.392857 0.012857 0.027619
6 0.468214 0.282857 0.010714 0.017143
6 0.516786 0.181429 0.005000 0.012381
4 0.481786 0.253810 0.003571 0.008571
4 0.658214 0.751905 0.036429 0.025714
4 0.783214 0.631905 0.025000 0.021905
4 0.812143 0.620476 0.025714 0.021905
4 0.841429 0.609048 0.027143 0.021905
4 0.869643 0.599048 0.026429 0.020952
4 0.938929 0.573333 0.023571 0.020952
4 0.678214 0.667143 0.032143 0.020000
4 0.747143 0.646190 0.028571 0.023810
4 0.893929 0.590476 0.025000 0.020952
4 0.914643 0.582857 0.023571 0.017143
4 0.649286 0.540000 0.027143 0.019048
5 0.620714 0.758095 0.025714 0.036190
1 0.647500 0.668095 0.003571 0.012381
4 0.037500 0.490952 0.025000 0.023810
4 0.012857 0.510476 0.024286 0.022857
1 0.128929 0.475238 0.007857 0.017143
1 0.143214 0.473333 0.007857 0.011429
4 0.087500 0.446190 0.013571 0.012381
4 0.674643 0.522857 0.027857 0.020952
5 0.534286 0.174762 0.002857 0.004762
1 0.428929 0.356667 0.002143 0.008571
