4 0.281786 0.877619 0.027857 0.079048
1 0.735714 0.975714 0.010000 0.018095
4 0.644286 0.803333 0.060000 0.037143
4 0.639286 0.764286 0.055714 0.037143
7 0.643214 0.724286 0.043571 0.025714
7 0.636071 0.691905 0.030714 0.025714
10 0.664643 0.691429 0.015000 0.030476
1 0.675714 0.678095 0.010000 0.011429
1 0.698214 0.655714 0.006429 0.014286
4 0.690714 0.675714 0.037143 0.077143
1 0.723214 0.651429 0.012143 0.013333
1 0.728571 0.669524 0.010000 0.011429
10 0.743214 0.532857 0.020714 0.014286
2 0.743214 0.531429 0.010714 0.011429
10 0.753929 0.617143 0.013571 0.024762
4 0.611786 0.517143 0.055000 0.032381
1 0.801429 0.543333 0.012857 0.014286
2 0.807857 0.542857 0.007143 0.007619
1 0.667500 0.479524 0.006429 0.014286
4 0.615000 0.480476 0.058571 0.037143
4 0.605714 0.444762 0.055714 0.036190
5 0.607143 0.402381 0.052857 0.037143
4 0.705714 0.358095 0.041429 0.049524
4 0.602500 0.365714 0.053571 0.036190
4 0.597500 0.328571 0.052143 0.036190
4 0.586786 0.226190 0.056429 0.035238
4 0.706786 0.244762 0.053571 0.040000
1 0.653929 0.027143 0.007857 0.021905
4 0.279286 0.621429 0.025714 0.080952
4 0.452500 0.513810 0.026429 0.071429
10 0.487500 0.418571 0.009286 0.025714
2 0.487143 0.416667 0.008571 0.016190
4 0.462857 0.370952 0.024286 0.065714
10 0.397143 0.420000 0.010000 0.032381
2 0.398214 0.416667 0.007857 0.018095
10 0.388571 0.326190 0.008571 0.025714
2 0.388214 0.322857 0.007857 0.013333
2 0.354286 0.343810 0.008571 0.015238
4 0.295357 0.556667 0.056429 0.037143
4 0.293929 0.517143 0.050714 0.040000
4 0.291071 0.478095 0.057857 0.040000
4 0.291429 0.439524 0.057143 0.037143
7 0.324643 0.409524 0.033571 0.053333
4 0.294286 0.232381 0.052857 0.034286
4 0.344643 0.237143 0.026429 0.066667
4 0.447500 0.236667 0.023571 0.065714
1 0.361786 0.153333 0.007857 0.022857
6 0.298929 0.181429 0.072143 0.061905
4 0.286786 0.152381 0.052143 0.034286
4 0.339643 0.100476 0.025000 0.063810
5 0.288214 0.113810 0.057857 0.042857
