5 0.230000 0.962381 0.067143 0.075238
6 0.257857 0.802381 0.081429 0.195238
4 0.540714 0.783810 0.051429 0.171429
4 0.598571 0.803810 0.052857 0.169524
8 0.530000 0.582857 0.032857 0.059048
1 0.518929 0.459048 0.017857 0.028571
1 0.533571 0.457143 0.012857 0.032381
1 0.549643 0.500000 0.016429 0.030476
4 0.589286 0.390952 0.044286 0.124762
4 0.601071 0.087143 0.040714 0.101905
1 0.558929 0.010952 0.012143 0.021905
1 0.571071 0.010000 0.012143 0.020000
1 0.547500 0.011429 0.009286 0.022857
1 0.228214 0.510476 0.022143 0.022857
4 0.294643 0.612857 0.062143 0.147619
5 0.315000 0.445238 0.054286 0.124762
6 0.413214 0.558571 0.069286 0.202857
10 0.174643 0.271905 0.040714 0.031429
10 0.176786 0.256667 0.042143 0.035238
4 0.206786 0.200476 0.057857 0.119048
10 0.205357 0.048095 0.032143 0.029524
3 0.123571 0.164286 0.025714 0.042857
