4 0.780010 0.776438 0.040188 0.087199
5 0.807411 0.875696 0.038622 0.081633
4 0.724687 0.566790 0.025574 0.046382
4 0.713987 0.516234 0.036534 0.049165
5 0.702766 0.471707 0.023486 0.041744
10 0.829593 0.794991 0.020355 0.025974
10 0.866127 0.935529 0.030793 0.028757
3 0.841597 0.727737 0.017223 0.015770
1 0.765136 0.528293 0.005219 0.030612
2 0.361169 0.602505 0.005219 0.023191
10 0.359342 0.612245 0.005741 0.022263
10 0.393267 0.477737 0.006785 0.014842
10 0.408925 0.494434 0.005741 0.020408
10 0.402662 0.423006 0.003653 0.014842
10 0.412317 0.424397 0.004175 0.017625
10 0.413883 0.382189 0.004175 0.016698
10 0.434499 0.361317 0.003653 0.013915
10 0.460073 0.252319 0.004697 0.009276
10 0.505741 0.258349 0.004175 0.012059
10 0.555324 0.295455 0.009395 0.012059
10 0.568372 0.293599 0.005219 0.006494
10 0.447547 0.258813 0.004697 0.009276
10 0.439718 0.300557 0.004697 0.011132
4 0.678236 0.496289 0.021399 0.042672
0 0.726514 0.407236 0.012526 0.018553
10 0.593163 0.202226 0.003653 0.011132
10 0.628914 0.279221 0.004175 0.011132
10 0.617432 0.250464 0.004175 0.009276
10 0.612996 0.205473 0.002610 0.008349
10 0.455637 0.214286 0.003132 0.007421
10 0.594468 0.128015 0.003132 0.005566
10 0.586117 0.106679 0.003132 0.005566
4 0.559238 0.081169 0.007829 0.010204
4 0.552192 0.118738 0.008351 0.014842
4 0.552453 0.147032 0.007829 0.015770
4 0.565240 0.172078 0.009395 0.015770
0 0.500783 0.056586 0.008873 0.020408
2 0.455898 0.205937 0.002610 0.007421
2 0.447808 0.252319 0.004175 0.011132
2 0.460334 0.245826 0.003132 0.009276
2 0.504958 0.250464 0.002610 0.011132
2 0.554802 0.287570 0.003132 0.011132
2 0.567328 0.286642 0.003132 0.012987
2 0.593163 0.194805 0.002610 0.009276
2 0.586900 0.102041 0.002610 0.007421
2 0.593946 0.121985 0.002088 0.006494
2 0.613257 0.199443 0.003132 0.007421
2 0.617171 0.243506 0.003653 0.010204
2 0.629436 0.269944 0.003132 0.009276
2 0.438413 0.293599 0.004175 0.008349
2 0.434760 0.353432 0.003132 0.011132
2 0.414666 0.373840 0.002610 0.012987
2 0.424061 0.405844 0.004697 0.010204
2 0.412578 0.413729 0.003653 0.009276
2 0.403445 0.413265 0.004175 0.010204
10 0.423800 0.415121 0.005219 0.008349
2 0.393006 0.463822 0.004175 0.012987
2 0.409186 0.481911 0.005219 0.013915
3 0.848643 0.885436 0.022965 0.023191
10 0.915710 0.966141 0.024530 0.025046
10 0.901618 0.944805 0.023486 0.019481
2 0.903967 0.933210 0.008351 0.024119
2 0.915710 0.956401 0.008873 0.025974
1 0.917276 0.925325 0.008873 0.025046
