0 0.422500 0.174762 0.017857 0.037143
0 0.424643 0.200000 0.006429 0.017143
0 0.364286 0.201905 0.012857 0.032381
6 0.376429 0.237143 0.008571 0.015238
6 0.386071 0.257143 0.005000 0.009524
6 0.382143 0.358095 0.012857 0.040000
0 0.383929 0.286667 0.015000 0.022857
0 0.443571 0.266190 0.004286 0.006667
0 0.432857 0.209048 0.005714 0.010476
0 0.375357 0.262857 0.005000 0.009524
6 0.301786 0.800476 0.029286 0.084762
6 0.276786 0.975714 0.033571 0.048571
5 0.328571 0.679048 0.014286 0.040000
4 0.338214 0.613810 0.017857 0.033333
4 0.347143 0.558095 0.012857 0.024762
4 0.302500 0.512857 0.012143 0.018095
4 0.276071 0.596190 0.015000 0.028571
4 0.276429 0.565238 0.018571 0.027619
5 0.215000 0.743810 0.020000 0.049524
0 0.236071 0.662857 0.017857 0.019048
10 0.210714 0.778095 0.015714 0.020952
10 0.297500 0.729048 0.005000 0.023810
10 0.323214 0.594286 0.005000 0.019048
10 0.312857 0.580000 0.008571 0.013333
10 0.346429 0.517143 0.004286 0.013333
2 0.346429 0.513333 0.005714 0.009524
2 0.323571 0.593333 0.005714 0.009524
2 0.312857 0.576667 0.005714 0.010476
2 0.298214 0.725238 0.006429 0.014286
1 0.497500 0.677619 0.007857 0.025714
1 0.442857 0.350476 0.002857 0.007619
1 0.440000 0.352381 0.002857 0.011429
0 0.405714 0.160952 0.010000 0.026667
4 0.292143 0.507143 0.011429 0.021905
1 0.358571 0.440476 0.004286 0.008571
1 0.382500 0.439524 0.002143 0.010476
1 0.356786 0.425714 0.002143 0.009524
6 0.328929 0.441905 0.025000 0.015238
