6 0.931071 0.472081 0.125000 0.248731
4 0.835714 0.427665 0.055714 0.104061
4 0.834286 0.097081 0.042857 0.067259
4 0.963929 0.045685 0.043571 0.063452
5 0.978929 0.469543 0.042143 0.114213
1 0.478214 0.680203 0.010714 0.035533
1 0.426071 0.644036 0.010714 0.031726
1 0.708214 0.905457 0.010714 0.036802
2 0.539286 0.959391 0.010000 0.027919
2 0.534286 0.926396 0.011429 0.020305
2 0.559286 0.911168 0.012857 0.022843
2 0.547500 0.926396 0.015000 0.030457
2 0.553571 0.956218 0.011429 0.021574
0 0.688214 0.970178 0.030714 0.057107
1 0.491786 0.633249 0.012143 0.025381
1 0.494286 0.623096 0.011429 0.020305
1 0.570357 0.631980 0.007857 0.027919
1 0.588929 0.682741 0.009286 0.030457
1 0.588214 0.632614 0.010714 0.039340
1 0.598929 0.626904 0.009286 0.027919
1 0.575000 0.593909 0.010000 0.025381
1 0.583214 0.587563 0.010714 0.035533
1 0.592500 0.591371 0.009286 0.038071
1 0.601071 0.593909 0.010714 0.025381
1 0.604286 0.606599 0.011429 0.032995
1 0.438571 0.258883 0.005714 0.025381
1 0.446786 0.252538 0.006429 0.027919
1 0.448571 0.326142 0.012857 0.020305
1 0.450000 0.340736 0.008571 0.024112
1 0.438571 0.249365 0.007143 0.019036
1 0.431786 0.260787 0.006429 0.016497
1 0.461429 0.202411 0.007143 0.029188
1 0.632143 0.184010 0.010000 0.030457
1 0.452857 0.025381 0.007143 0.025381
1 0.426786 0.032360 0.006429 0.021574
1 0.529643 0.008883 0.006429 0.017766
1 0.585000 0.078680 0.004286 0.017766
1 0.576071 0.055203 0.006429 0.026650
0 0.534643 0.047589 0.013571 0.026650
2 0.706786 0.901650 0.006429 0.021574
1 0.494286 0.305203 0.008571 0.031726
1 0.476786 0.150381 0.006429 0.024112
0 0.605357 0.441624 0.025000 0.032995
