1 0.278929 0.725238 0.017857 0.021905
4 0.370357 0.978095 0.040714 0.036190
10 0.539286 0.883810 0.035714 0.055238
1 0.402500 0.660952 0.007857 0.013333
10 0.772143 0.185238 0.014286 0.018095
10 0.803571 0.191429 0.018571 0.013333
0 0.788571 0.178095 0.022857 0.026667
1 0.839286 0.271429 0.005714 0.020952
1 0.846071 0.266667 0.005000 0.022857
4 0.826786 0.824762 0.089286 0.125714
4 0.823571 0.952857 0.085714 0.094286
4 0.964643 0.712857 0.070714 0.107619
4 0.958929 0.618571 0.069286 0.096190
4 0.982143 0.237619 0.032857 0.060000
10 0.944643 0.238095 0.017857 0.017143
10 0.946429 0.230000 0.020000 0.020000
4 0.876429 0.111429 0.051429 0.047619
4 0.891429 0.091905 0.050000 0.040952
4 0.985000 0.053810 0.028571 0.025714
