4 0.216786 0.957619 0.055000 0.084762
4 0.324286 0.926667 0.057143 0.146667
4 0.215714 0.656667 0.057143 0.151429
4 0.212857 0.291429 0.055714 0.160000
4 0.215714 0.110952 0.050000 0.124762
4 0.312500 0.054762 0.052143 0.107619
6 0.449286 0.929524 0.062857 0.140952
5 0.438929 0.301905 0.043571 0.121905
6 0.443929 0.115238 0.056429 0.215238
1 0.567500 0.179048 0.016429 0.032381
10 0.683214 0.085714 0.023571 0.051429
3 0.722857 0.316190 0.012857 0.045714
3 0.692500 0.318571 0.017857 0.052381
1 0.646786 0.507143 0.017857 0.016190
3 0.671786 0.745238 0.036429 0.020000
10 0.530714 0.842857 0.042857 0.036190
7 0.560000 0.978095 0.050000 0.043810
1 0.618929 0.914762 0.015000 0.031429
1 0.630357 0.922857 0.015000 0.036190
4 0.533929 0.476667 0.053571 0.147619
