4 0.800714 0.822381 0.254286 0.288571
4 0.245357 0.735714 0.322143 0.208571
4 0.631786 0.576190 0.150714 0.102857
4 0.133214 0.572857 0.086429 0.109524
4 0.161429 0.528095 0.067143 0.075238
4 0.186429 0.488095 0.057143 0.052381
4 0.194286 0.470476 0.051429 0.053333
4 0.201786 0.452381 0.043571 0.038095
4 0.136786 0.444286 0.046429 0.044762
4 0.214286 0.429048 0.055714 0.035238
4 0.206786 0.389524 0.036429 0.020952
0 0.240714 0.397619 0.024286 0.035238
0 0.219643 0.366667 0.023571 0.019048
4 0.548929 0.550000 0.132143 0.094286
4 0.500714 0.500952 0.124286 0.068571
4 0.467500 0.491429 0.100714 0.059048
4 0.447500 0.468571 0.099286 0.047619
4 0.445714 0.465238 0.102857 0.054286
4 0.430357 0.453333 0.089286 0.055238
5 0.408571 0.429524 0.090000 0.062857
4 0.363571 0.414286 0.037143 0.026667
4 0.347143 0.404286 0.038571 0.025714
0 0.301071 0.373333 0.086429 0.034286
4 0.055000 0.635714 0.110000 0.138095
4 0.742857 0.678095 0.237143 0.148571
