2 0.424500 0.036667 0.030000 0.069333
10 0.424250 0.062333 0.030500 0.084667
8 0.567750 0.086333 0.047500 0.164667
1 0.303000 0.039667 0.032000 0.076667
1 0.238250 0.033000 0.035500 0.066000
6 0.082250 0.200000 0.164500 0.196000
1 0.361750 0.240333 0.032500 0.054000
1 0.287000 0.311333 0.036000 0.048000
1 0.279750 0.356667 0.032500 0.046667
1 0.328500 0.422333 0.037000 0.051333
1 0.191750 0.436667 0.034500 0.046667
1 0.175750 0.520333 0.044500 0.036667
1 0.181000 0.584000 0.043000 0.045333
1 0.267250 0.702333 0.039500 0.034000
2 0.290750 0.610667 0.025500 0.029333
3 0.615250 0.236333 0.018500 0.094000
4 0.531000 0.544333 0.090000 0.259333
3 0.337000 0.225667 0.025000 0.104667
3 0.309750 0.429333 0.035500 0.093333
10 0.288500 0.630000 0.025000 0.096000
10 0.665500 0.466667 0.053000 0.045333
