4 0.603340 0.893321 0.049061 0.118738
4 0.516962 0.662801 0.030793 0.058442
4 0.557933 0.551020 0.026096 0.050093
4 0.539144 0.419759 0.022965 0.030612
5 0.400835 0.695269 0.031315 0.091837
5 0.527401 0.347403 0.015136 0.025046
4 0.467380 0.340909 0.014092 0.032468
4 0.442850 0.386364 0.017223 0.039889
6 0.444415 0.349258 0.019311 0.047310
4 0.451722 0.324212 0.014092 0.032468
6 0.439979 0.231447 0.029228 0.023191
7 0.401096 0.231447 0.022443 0.021336
4 0.402923 0.369666 0.024008 0.030612
2 0.399269 0.336271 0.004175 0.008349
2 0.400052 0.332096 0.003653 0.014842
10 0.357255 0.430891 0.010960 0.021336
8 0.349165 0.420223 0.024008 0.031540
7 0.405271 0.440167 0.027662 0.023191
7 0.384916 0.487013 0.025574 0.035250
1 0.363779 0.458720 0.005219 0.025046
1 0.353079 0.458720 0.007829 0.026902
1 0.355950 0.455009 0.006263 0.028757
1 0.320198 0.457328 0.007829 0.025974
2 0.343946 0.504638 0.008351 0.025974
3 0.382829 0.532931 0.018267 0.015770
7 0.347077 0.574675 0.019833 0.041744
2 0.354906 0.608534 0.011482 0.024119
10 0.281315 0.637755 0.018789 0.030612
1 0.245303 0.692022 0.010438 0.044527
10 0.352296 0.759740 0.031315 0.037106
7 0.346294 0.741187 0.042276 0.042672
8 0.361169 0.712430 0.033403 0.070501
8 0.337161 0.843692 0.043841 0.073284
8 0.488779 0.417440 0.020355 0.050093
8 0.506524 0.302876 0.009916 0.019481
6 0.524008 0.294527 0.016701 0.047310
1 0.388570 0.334879 0.006785 0.022263
6 0.534708 0.279685 0.018267 0.030612
2 0.485125 0.226345 0.003653 0.009276
2 0.509395 0.236085 0.003132 0.010204
10 0.509656 0.238868 0.004697 0.012059
7 0.485125 0.229128 0.004697 0.011132
8 0.463987 0.170686 0.013570 0.016698
5 0.452505 0.155844 0.012526 0.011132
8 0.483299 0.181818 0.005219 0.011132
4 0.485125 0.177180 0.005741 0.011132
2 0.492693 0.136364 0.002088 0.005566
10 0.493215 0.139147 0.002088 0.005566
1 0.489562 0.111317 0.002088 0.007421
0 0.490344 0.085807 0.009916 0.023191
8 0.656576 0.190167 0.009395 0.012987
0 0.647182 0.182282 0.010438 0.015770
4 0.600731 0.197588 0.007307 0.014842
