5 0.700714 0.901905 0.091429 0.116190
4 0.640357 0.656667 0.082143 0.077143
4 0.742500 0.703810 0.096429 0.083810
4 0.871786 0.829524 0.075000 0.171429
4 0.811429 0.650476 0.061429 0.093333
4 0.843214 0.569524 0.057857 0.074286
4 0.879643 0.490000 0.049286 0.060000
4 0.905357 0.431429 0.043571 0.055238
4 0.922143 0.385238 0.047143 0.052381
4 0.883929 0.330952 0.047857 0.050476
4 0.952500 0.289048 0.062143 0.040952
4 0.362143 0.677143 0.082857 0.080000
4 0.396071 0.642381 0.086429 0.069524
4 0.493214 0.500952 0.073571 0.062857
4 0.520357 0.471429 0.075000 0.055238
4 0.551429 0.424762 0.074286 0.072381
4 0.617143 0.345714 0.064286 0.055238
4 0.627143 0.265238 0.038571 0.046667
