4 0.321786 0.024286 0.015000 0.031429
4 0.302500 0.069524 0.022143 0.020952
5 0.352500 0.098095 0.012143 0.024762
4 0.332857 0.016667 0.015714 0.031429
4 0.345000 0.013333 0.014286 0.026667
4 0.357143 0.008571 0.010000 0.017143
4 0.402500 0.063333 0.010714 0.029524
4 0.434286 0.143333 0.010000 0.035238
6 0.388214 0.107143 0.013571 0.046667
4 0.440357 0.263810 0.010714 0.030476
4 0.470714 0.867619 0.011429 0.030476
4 0.485000 0.855238 0.010000 0.030476
6 0.482857 0.966667 0.012857 0.066667
6 0.570000 0.927143 0.011429 0.037143
10 0.586071 0.918095 0.006429 0.015238
4 0.561429 0.607143 0.011429 0.031429
4 0.809643 0.627619 0.010714 0.030476
5 0.792500 0.515714 0.020714 0.012381
5 0.928571 0.065714 0.012857 0.026667
4 0.938571 0.071429 0.011429 0.026667
5 0.950000 0.075238 0.012857 0.024762
6 0.797857 0.445714 0.042857 0.020952
6 0.717500 0.080952 0.036429 0.091429
6 0.821071 0.050476 0.022143 0.078095
6 0.774286 0.369048 0.064286 0.035238
4 0.991786 0.232857 0.016429 0.020000
6 0.432143 0.025714 0.015714 0.043810
6 0.429643 0.078095 0.012143 0.047619
