4 0.560357 0.892381 0.209286 0.215238
6 0.423571 0.627143 0.167143 0.258095
4 0.329643 0.474286 0.099286 0.106667
4 0.277857 0.373333 0.071429 0.081905
4 0.250000 0.295238 0.075714 0.070476
4 0.214286 0.233810 0.057143 0.060000
4 0.207500 0.186190 0.052143 0.048571
1 0.192143 0.449524 0.021429 0.060952
1 0.208214 0.441905 0.026429 0.060952
2 0.230714 0.444286 0.037143 0.063810
10 0.241071 0.448571 0.033571 0.055238
5 0.188214 0.143810 0.067857 0.066667
4 0.183214 0.104286 0.033571 0.039048
4 0.174643 0.081905 0.029286 0.026667
4 0.156786 0.067619 0.056429 0.038095
4 0.233214 0.066190 0.070714 0.031429
4 0.201786 0.043333 0.053571 0.027619
4 0.176071 0.032857 0.026429 0.025714
4 0.174286 0.018571 0.025714 0.025714
4 0.118571 0.030000 0.028571 0.035238
4 0.031786 0.058571 0.052143 0.027619
4 0.059286 0.048095 0.047143 0.029524
4 0.068929 0.040952 0.043571 0.024762
4 0.075357 0.025714 0.033571 0.026667
4 0.082500 0.016190 0.029286 0.020952
4 0.019286 0.103333 0.037143 0.056190
4 0.583571 0.168095 0.071429 0.046667
