1 0.841429 0.671905 0.021429 0.040952
10 0.696071 0.859524 0.032143 0.061905
2 0.695000 0.847619 0.020000 0.032381
1 0.668571 0.560952 0.007143 0.030476
1 0.674643 0.557143 0.007857 0.030476
1 0.608214 0.544286 0.010714 0.037143
1 0.616071 0.537619 0.009286 0.031429
1 0.620000 0.531905 0.010000 0.035238
1 0.566786 0.532381 0.012143 0.034286
1 0.572500 0.520476 0.010714 0.033333
1 0.576786 0.512857 0.012143 0.027619
1 0.578929 0.510952 0.012143 0.031429
1 0.554643 0.508095 0.012143 0.033333
1 0.556786 0.500476 0.010714 0.029524
1 0.537500 0.501905 0.013571 0.032381
1 0.476071 0.463810 0.007857 0.028571
1 0.477143 0.432381 0.010000 0.030476
1 0.485357 0.431905 0.009286 0.029524
1 0.467857 0.413810 0.010000 0.023810
1 0.348929 0.345714 0.006429 0.015238
1 0.353571 0.343810 0.008571 0.024762
1 0.312143 0.322381 0.007143 0.018095
1 0.285000 0.302381 0.007143 0.020000
1 0.295357 0.300952 0.005000 0.019048
1 0.298214 0.309524 0.005000 0.017143
1 0.299643 0.305238 0.006429 0.020000
1 0.436786 0.282381 0.007857 0.016190
1 0.259286 0.288571 0.005714 0.015238
1 0.262143 0.288095 0.004286 0.020000
1 0.268571 0.284286 0.005714 0.014286
1 0.272143 0.283810 0.007143 0.019048
1 0.110357 0.433810 0.010714 0.025714
1 0.102500 0.429048 0.012143 0.025714
1 0.115714 0.273333 0.005714 0.015238
1 0.127857 0.267619 0.007143 0.015238
6 0.188929 0.284762 0.093571 0.040000
1 0.080714 0.225714 0.004286 0.011429
1 0.084643 0.204762 0.003571 0.009524
1 0.094286 0.182381 0.004286 0.008571
