5 0.196071 0.834391 0.032143 0.059645
5 0.471786 0.612944 0.022143 0.040609
4 0.409286 0.560914 0.021429 0.038071
6 0.488571 0.529188 0.031429 0.091371
4 0.588214 0.609137 0.019286 0.058376
4 0.776071 0.816624 0.025000 0.067259
9 0.849286 0.585025 0.044286 0.142132
4 0.696786 0.447335 0.040714 0.026650
4 0.854643 0.468274 0.047857 0.032995
4 0.861071 0.426396 0.042143 0.035533
4 0.699643 0.403553 0.037857 0.025381
4 0.253571 0.349619 0.032857 0.021574
9 0.327500 0.375635 0.099286 0.086294
5 0.078929 0.334391 0.032143 0.019036
4 0.139643 0.369924 0.035000 0.021574
5 0.416786 0.211294 0.016429 0.019036
9 0.416429 0.274746 0.038571 0.067259
5 0.444643 0.328046 0.019286 0.024112
0 0.476071 0.217005 0.007857 0.015228
0 0.489286 0.207487 0.012857 0.013959
0 0.498571 0.203680 0.010000 0.016497
0 0.511786 0.196701 0.010714 0.012690
0 0.522143 0.192893 0.008571 0.010152
0 0.530000 0.185279 0.007143 0.020305
0 0.535357 0.180203 0.005000 0.012690
0 0.539286 0.177665 0.004286 0.015228
0 0.552857 0.165609 0.010000 0.013959
0 0.600357 0.142132 0.005000 0.015228
0 0.611071 0.136421 0.010714 0.016497
9 0.578929 0.157360 0.033571 0.045685
9 0.644286 0.133249 0.041429 0.043147
5 0.540714 0.142766 0.014286 0.013959
9 0.827857 0.196701 0.022857 0.058376
9 0.840714 0.161802 0.015714 0.054569
9 0.824286 0.085025 0.011429 0.048223
1 0.777143 0.066624 0.002857 0.011421
4 0.828929 0.025381 0.006429 0.010152
4 0.782857 0.040609 0.007143 0.010152
4 0.771071 0.024746 0.006429 0.008883
4 0.759643 0.121827 0.009286 0.012690
4 0.727143 0.173223 0.011429 0.021574
5 0.683214 0.208122 0.012143 0.020305
5 0.637500 0.278553 0.013571 0.024112
0 0.583929 0.292513 0.003571 0.008883
4 0.601429 0.305838 0.014286 0.017766
4 0.638214 0.526015 0.019286 0.046954
4 0.571786 0.218909 0.016429 0.016497
4 0.597857 0.265863 0.015714 0.016497
4 0.650714 0.222716 0.012857 0.013959
4 0.678214 0.187183 0.010714 0.013959
4 0.679643 0.149746 0.012143 0.012690
4 0.679286 0.126904 0.010000 0.012690
4 0.688214 0.118020 0.007857 0.010152
5 0.699643 0.116751 0.010714 0.015228
4 0.696071 0.107234 0.009286 0.013959
4 0.709286 0.107868 0.008571 0.015228
4 0.733214 0.111675 0.009286 0.010152
9 0.708571 0.141497 0.012857 0.021574
5 0.693929 0.162437 0.010714 0.017766
5 0.751071 0.085660 0.009286 0.013959
5 0.702857 0.078680 0.011429 0.015228
0 0.847143 0.046320 0.011429 0.011421
0 0.740000 0.043147 0.010000 0.012690
