1 0.106429 0.930476 0.028571 0.060952
1 0.341429 0.907619 0.027143 0.078095
1 0.358571 0.904762 0.024286 0.062857
2 0.351071 0.739048 0.023571 0.047619
2 0.259286 0.775714 0.027143 0.048571
1 0.220357 0.656667 0.019286 0.052381
1 0.331071 0.615714 0.020714 0.054286
1 0.319643 0.611905 0.019286 0.058095
2 0.314286 0.635714 0.018571 0.033333
2 0.270714 0.630952 0.022857 0.042857
2 0.401429 0.555238 0.021429 0.034286
2 0.375357 0.554286 0.017857 0.043810
2 0.174286 0.558571 0.018571 0.042857
2 0.215000 0.570476 0.022857 0.057143
1 0.142857 0.547143 0.021429 0.044762
1 0.126429 0.542857 0.022857 0.049524
1 0.098571 0.535714 0.024286 0.044762
1 0.080000 0.556190 0.020000 0.047619
1 0.078571 0.547143 0.022857 0.046667
1 0.082143 0.536190 0.024286 0.049524
1 0.076429 0.529524 0.027143 0.053333
1 0.071786 0.556667 0.023571 0.048571
1 0.065357 0.577619 0.030714 0.058095
1 0.048929 0.556190 0.019286 0.055238
1 0.053571 0.554286 0.022857 0.053333
1 0.130714 0.486667 0.021429 0.051429
1 0.219286 0.440000 0.017143 0.041905
1 0.248929 0.449048 0.023571 0.039048
1 0.261429 0.434762 0.022857 0.048571
7 0.296429 0.576667 0.045714 0.073333
2 0.480357 0.548571 0.012143 0.028571
2 0.468929 0.505238 0.016429 0.031429
1 0.483929 0.529048 0.012143 0.040952
1 0.702857 0.273810 0.008571 0.023810
1 0.704286 0.193810 0.004286 0.012381
1 0.708214 0.192857 0.005000 0.014286
2 0.651786 0.170952 0.005000 0.012381
3 0.651429 0.172381 0.007143 0.007619
4 0.947500 0.171429 0.029286 0.015238
4 0.836429 0.174286 0.028571 0.015238
1 0.888929 0.154762 0.003571 0.012381
2 0.914286 0.156667 0.004286 0.012381
4 0.713571 0.156667 0.022857 0.014286
4 0.720357 0.151905 0.022143 0.012381
5 0.683571 0.158571 0.018571 0.012381
4 0.679643 0.153810 0.022143 0.014286
4 0.677500 0.150952 0.025000 0.016190
5 0.649286 0.148571 0.020000 0.015238
4 0.617857 0.146190 0.022857 0.016190
2 0.578571 0.193810 0.005714 0.014286
4 0.545000 0.139048 0.014286 0.015238
4 0.552857 0.130952 0.012857 0.014286
4 0.562857 0.119048 0.010000 0.009524
1 0.505714 0.155238 0.004286 0.013333
4 0.553929 0.102857 0.012143 0.007619
4 0.559643 0.102381 0.010714 0.008571
9 0.486429 0.165714 0.031429 0.032381
4 0.469643 0.121905 0.010714 0.009524
9 0.487500 0.116190 0.027857 0.020952
4 0.540714 0.116190 0.010000 0.009524
4 0.546429 0.112857 0.010000 0.008571
4 0.537500 0.112857 0.010714 0.008571
4 0.525714 0.117619 0.008571 0.008571
4 0.526071 0.115714 0.007857 0.010476
4 0.532143 0.115714 0.008571 0.008571
4 0.455357 0.124762 0.012143 0.011429
1 0.416786 0.122381 0.003571 0.008571
1 0.413214 0.121905 0.002143 0.007619
1 0.432500 0.123333 0.002143 0.006667
1 0.436429 0.123810 0.002857 0.007619
1 0.442143 0.123810 0.002857 0.007619
2 0.392857 0.130000 0.002857 0.006667
2 0.400714 0.137143 0.002857 0.007619
3 0.393929 0.133810 0.005000 0.004762
10 0.400357 0.139048 0.006429 0.005714
9 0.415714 0.214762 0.045714 0.046667
5 0.243929 0.180952 0.022143 0.022857
4 0.265714 0.178095 0.020000 0.019048
4 0.278214 0.176190 0.019286 0.019048
4 0.305000 0.164286 0.022857 0.016190
4 0.297143 0.193810 0.021429 0.018095
6 0.280714 0.202857 0.035714 0.038095
4 0.254643 0.213333 0.023571 0.017143
4 0.254643 0.222857 0.026429 0.019048
4 0.271071 0.227143 0.026429 0.020000
4 0.233929 0.222857 0.027857 0.019048
4 0.239643 0.239524 0.032143 0.021905
4 0.226071 0.235238 0.026429 0.019048
4 0.206786 0.237143 0.030714 0.020952
4 0.191786 0.237619 0.033571 0.025714
4 0.217500 0.191905 0.025000 0.020000
1 0.233214 0.197619 0.006429 0.016190
4 0.202500 0.194762 0.023571 0.016190
4 0.189643 0.196667 0.029286 0.016190
4 0.180714 0.210952 0.031429 0.021905
4 0.208929 0.210952 0.030714 0.020000
2 0.173214 0.231905 0.006429 0.012381
10 0.175357 0.236667 0.013571 0.010476
4 0.200000 0.248571 0.031429 0.022857
4 0.217500 0.254286 0.036429 0.024762
4 0.187143 0.268095 0.037143 0.023810
4 0.170357 0.263810 0.043571 0.024762
4 0.152857 0.247619 0.030000 0.020952
5 0.161786 0.254762 0.035000 0.029524
1 0.146429 0.233333 0.007143 0.015238
4 0.124643 0.262857 0.036429 0.024762
4 0.170714 0.290000 0.042857 0.029524
4 0.142857 0.289524 0.041429 0.028571
4 0.125714 0.284762 0.042857 0.030476
4 0.115714 0.276667 0.044286 0.027619
5 0.081786 0.275238 0.043571 0.032381
10 0.043571 0.249048 0.010000 0.014286
3 0.109643 0.233333 0.012143 0.009524
4 0.121786 0.318571 0.043571 0.033333
4 0.100000 0.308095 0.047143 0.040952
4 0.076429 0.307143 0.047143 0.031429
4 0.066071 0.300476 0.046429 0.031429
4 0.062500 0.348095 0.065000 0.040952
4 0.046786 0.332381 0.052143 0.040000
5 0.027500 0.327619 0.052143 0.043810
4 0.030714 0.318571 0.052857 0.044762
4 0.018571 0.307143 0.035714 0.033333
2 0.020000 0.289048 0.008571 0.016190
4 0.154286 0.366667 0.048571 0.036190
4 0.211071 0.356190 0.052143 0.040000
4 0.296786 0.286667 0.042143 0.036190
4 0.387500 0.215714 0.027857 0.025714
4 0.397143 0.151905 0.004286 0.014286
