4 0.321531 0.113550 0.105150 0.072519
4 0.451001 0.150763 0.092275 0.085878
4 0.188484 0.085401 0.100858 0.054389
4 0.184907 0.031489 0.102289 0.062977
1 0.106938 0.049141 0.026466 0.044847
1 0.360873 0.177958 0.019313 0.033397
1 0.399499 0.230439 0.015021 0.050573
1 0.253934 0.314408 0.021459 0.037214
1 0.199928 0.145515 0.023605 0.042939
1 0.206009 0.135973 0.022890 0.042939
4 0.084049 0.261450 0.076538 0.122137
4 0.141273 0.282443 0.093705 0.139313
4 0.199213 0.304866 0.085122 0.136450
4 0.319742 0.331584 0.072961 0.128817
4 0.375536 0.345897 0.077253 0.138359
4 0.446352 0.358779 0.071531 0.145038
4 0.500715 0.381679 0.067239 0.133588
4 0.566166 0.385496 0.056509 0.135496
4 0.867310 0.944179 0.170959 0.107824
1 0.066166 0.972805 0.032189 0.029580
1 0.647353 0.703244 0.025751 0.032443
1 0.719957 0.405534 0.016452 0.038168
1 0.772175 0.423187 0.019313 0.035305
1 0.654506 0.173187 0.011445 0.035305
10 0.374106 0.066794 0.037196 0.032443
1 0.571173 0.228531 0.013591 0.042939
1 0.563662 0.226622 0.008584 0.021947
1 0.602289 0.245229 0.014306 0.045802
3 0.604435 0.243798 0.030043 0.041031
1 0.698498 0.195611 0.016452 0.036260
1 0.712446 0.205153 0.018598 0.040076
1 0.773605 0.233302 0.023605 0.046756
1 0.755365 0.364027 0.022890 0.039122
3 0.641989 0.395038 0.023605 0.051527
3 0.604435 0.462309 0.034335 0.048664
3 0.639485 0.370706 0.020029 0.058206
3 0.663090 0.404580 0.018598 0.047710
3 0.697067 0.452767 0.023605 0.058206
1 0.752146 0.281966 0.019313 0.039122
1 0.965665 0.219943 0.017167 0.031489
3 0.633047 0.505248 0.045780 0.037214
3 0.679900 0.538645 0.015021 0.054389
3 0.694564 0.515744 0.014306 0.058206
3 0.669886 0.462786 0.022175 0.045802
3 0.682761 0.424141 0.022175 0.033397
1 0.681688 0.396469 0.014306 0.020038
3 0.673462 0.601622 0.015021 0.060115
3 0.684192 0.603531 0.010730 0.058206
1 0.774678 0.405057 0.018598 0.031489
1 0.801144 0.383111 0.018598 0.021947
1 0.795064 0.399809 0.010730 0.020992
1 0.807225 0.446088 0.022175 0.031489
1 0.815451 0.462786 0.022890 0.032443
1 0.824392 0.432252 0.016452 0.019084
1 0.822961 0.451813 0.019313 0.029580
1 0.829041 0.465649 0.020029 0.030534
1 0.822604 0.494275 0.021459 0.024809
1 0.821531 0.510496 0.025036 0.030534
1 0.822604 0.527195 0.021459 0.023855
1 0.826538 0.550095 0.023605 0.035305
1 0.826538 0.540553 0.023605 0.025763
1 0.921674 0.371183 0.016452 0.030534
1 0.934192 0.381202 0.022890 0.041031
1 0.959227 0.430344 0.028612 0.034351
1 0.969242 0.398855 0.024320 0.024809
1 0.987482 0.378340 0.022175 0.029580
1 0.954220 0.372137 0.022890 0.030534
1 0.895923 0.534828 0.027897 0.025763
1 0.805436 0.586355 0.025751 0.037214
1 0.815808 0.659828 0.022175 0.025763
1 0.808655 0.613073 0.027897 0.027672
1 0.822604 0.566317 0.020029 0.029580
1 0.833333 0.578244 0.021459 0.022901
1 0.831903 0.602576 0.022890 0.023855
1 0.841917 0.595897 0.022890 0.027672
1 0.829757 0.635019 0.028612 0.029580
1 0.859800 0.628340 0.021459 0.023855
1 0.844421 0.638359 0.022175 0.026718
1 0.838340 0.679389 0.028612 0.028626
1 0.843348 0.661260 0.024320 0.024809
1 0.861946 0.683206 0.031474 0.030534
1 0.874821 0.683206 0.028612 0.032443
2 0.910587 0.669847 0.028612 0.032443
1 0.906295 0.696088 0.024320 0.027672
1 0.869814 0.708492 0.025751 0.025763
1 0.885551 0.698950 0.017167 0.023855
1 0.912375 0.741889 0.036481 0.023855
1 0.923462 0.725191 0.024320 0.019084
1 0.938126 0.714218 0.026466 0.023855
1 0.955293 0.726145 0.026466 0.022901
1 0.964235 0.722805 0.021459 0.021947
1 0.977468 0.727099 0.029328 0.024809
2 0.179185 0.822996 0.025036 0.035305
10 0.182046 0.826336 0.052217 0.036260
10 0.398426 0.553912 0.044349 0.031489
3 0.314020 0.665553 0.054363 0.031489
3 0.296853 0.645992 0.034335 0.049618
3 0.334049 0.520992 0.042918 0.028626
7 0.385908 0.687023 0.043634 0.019084
3 0.456366 0.673664 0.048641 0.026718
3 0.453147 0.705630 0.039342 0.029580
1 0.422031 0.612118 0.024320 0.048664
1 0.465308 0.572042 0.016452 0.041031
1 0.437411 0.587786 0.019313 0.026718
3 0.442060 0.563931 0.038627 0.043893
3 0.518956 0.594943 0.027897 0.050573
3 0.533262 0.599237 0.026466 0.047710
3 0.548999 0.593989 0.036481 0.048664
3 0.616237 0.626431 0.039342 0.039122
3 0.614092 0.641698 0.036481 0.035305
3 0.553290 0.743321 0.033619 0.066794
3 0.576538 0.705630 0.040057 0.069656
10 0.603004 0.720897 0.020029 0.063931
1 0.578684 0.656966 0.025751 0.031489
3 0.499285 0.715172 0.037196 0.060115
3 0.503577 0.583969 0.038627 0.047710
10 0.428827 0.598760 0.046495 0.029580
