4 0.973000 0.659333 0.041000 0.068000
4 0.918250 0.647667 0.038500 0.066000
4 0.863750 0.647333 0.048500 0.069333
4 0.818250 0.640333 0.050500 0.068667
4 0.724250 0.635667 0.050500 0.067333
4 0.688250 0.803333 0.043500 0.098667
4 0.652000 0.822667 0.037000 0.098667
10 0.766750 0.730000 0.018500 0.014667
2 0.770000 0.728333 0.009000 0.020667
10 0.756250 0.749333 0.018500 0.014667
4 0.519000 0.900000 0.031000 0.094667
4 0.305250 0.915667 0.040500 0.112667
4 0.049750 0.868000 0.050500 0.094667
5 0.089750 0.709667 0.053500 0.100667
5 0.124250 0.596667 0.039500 0.069333
4 0.145500 0.529667 0.038000 0.072667
4 0.179000 0.414000 0.035000 0.062667
4 0.196250 0.359667 0.030500 0.052667
4 0.218500 0.269667 0.029000 0.051333
10 0.243250 0.343000 0.007500 0.022000
2 0.240250 0.337000 0.007500 0.018000
4 0.234250 0.220000 0.023500 0.034667
4 0.248000 0.174000 0.026000 0.037333
2 0.273000 0.149000 0.006000 0.018000
3 0.274000 0.156333 0.006000 0.015333
10 0.247250 0.265333 0.005500 0.020000
2 0.246000 0.258000 0.006000 0.018667
3 0.252500 0.271333 0.006000 0.021333
2 0.251500 0.262000 0.006000 0.018667
3 0.487250 0.838333 0.009500 0.036667
2 0.487750 0.836667 0.010500 0.018667
3 0.499750 0.711667 0.007500 0.028667
2 0.500000 0.704333 0.008000 0.019333
4 0.430500 0.711333 0.037000 0.093333
4 0.385000 0.725000 0.022000 0.067333
4 0.235750 0.726333 0.043500 0.095333
4 0.436500 0.562667 0.037000 0.074667
4 0.522500 0.563000 0.022000 0.060667
4 0.522000 0.488000 0.026000 0.058667
4 0.450000 0.430000 0.024000 0.057333
4 0.458750 0.327333 0.022500 0.057333
4 0.418500 0.283000 0.024000 0.054000
4 0.461500 0.214667 0.019000 0.041333
4 0.319500 0.120000 0.025000 0.044000
4 0.470500 0.131667 0.019000 0.034000
10 0.515000 0.121333 0.006000 0.017333
2 0.515250 0.115000 0.005500 0.015333
3 0.573250 0.135667 0.011500 0.012667
4 0.642750 0.023000 0.035500 0.022000
1 0.524000 0.211667 0.007000 0.016667
5 0.525250 0.293333 0.018500 0.041333
4 0.523750 0.348333 0.020500 0.050000
3 0.548750 0.344667 0.017500 0.013333
1 0.621250 0.489667 0.009500 0.022000
3 0.588750 0.632667 0.021500 0.017333
3 0.592250 0.646333 0.022500 0.014000
