7 0.262787 0.237477 0.034969 0.079777
7 0.229384 0.052876 0.023486 0.061224
7 0.190501 0.019481 0.033403 0.038961
1 0.228340 0.011132 0.013048 0.022263
4 0.397443 0.628942 0.039144 0.096475
5 0.358038 0.548237 0.089770 0.087199
8 0.473904 0.611781 0.036534 0.130798
8 0.560543 0.602505 0.024008 0.082560
8 0.590031 0.685993 0.026618 0.093692
7 0.607777 0.357607 0.020355 0.071429
1 0.439457 0.225881 0.009395 0.038033
7 0.449374 0.189703 0.028184 0.080705
7 0.353601 0.234694 0.054802 0.053803
1 0.383612 0.269481 0.014614 0.034323
7 0.425887 0.185993 0.020877 0.065863
10 0.669624 0.892393 0.035491 0.031540
6 0.703027 0.968460 0.128392 0.061224
1 0.284447 0.020872 0.011482 0.041744
1 0.276618 0.026902 0.008351 0.025974
2 0.169102 0.067254 0.010438 0.023191
1 0.183455 0.072356 0.016180 0.038961
