4 0.485000 0.758571 0.044286 0.119048
4 0.428571 0.762381 0.037143 0.119048
4 0.421786 0.625714 0.032143 0.089524
4 0.464286 0.618571 0.035714 0.094286
4 0.457143 0.517619 0.028571 0.071429
4 0.492857 0.488571 0.031429 0.070476
4 0.582857 0.661905 0.047143 0.091429
4 0.555357 0.560952 0.033571 0.080000
4 0.533214 0.468095 0.033571 0.077143
4 0.443571 0.414286 0.028571 0.057143
4 0.482857 0.421905 0.031429 0.049524
4 0.405357 0.388571 0.026429 0.070476
4 0.395714 0.268095 0.020000 0.037143
4 0.402500 0.099048 0.015000 0.030476
4 0.455000 0.061905 0.011429 0.017143
4 0.404286 0.034762 0.012857 0.018095
4 0.709643 0.311429 0.050714 0.038095
4 0.740357 0.376190 0.049286 0.043810
10 0.373571 0.777143 0.012857 0.036190
10 0.331786 0.790476 0.015000 0.045714
10 0.286071 0.946190 0.019286 0.050476
10 0.244643 0.893810 0.019286 0.039048
2 0.330357 0.773810 0.010714 0.037143
2 0.374643 0.764286 0.010714 0.025714
2 0.244643 0.877143 0.013571 0.032381
2 0.287143 0.919524 0.012857 0.044762
2 0.324286 0.852381 0.011429 0.032381
2 0.342857 0.897143 0.010000 0.032381
3 0.342857 0.920000 0.015714 0.041905
3 0.323929 0.872381 0.015000 0.043810
9 0.532143 0.663810 0.085714 0.238095
