0 0.673214 0.055238 0.020714 0.019048
0 0.602500 0.102857 0.042143 0.041905
0 0.671429 0.079524 0.015714 0.025714
0 0.531071 0.220952 0.005000 0.011429
0 0.550714 0.182381 0.002857 0.008571
0 0.586071 0.154286 0.003571 0.007619
0 0.560357 0.133810 0.003571 0.008571
4 0.526786 0.170000 0.005000 0.006667
4 0.574286 0.156190 0.005714 0.005714
4 0.564286 0.163810 0.005714 0.005714
4 0.632500 0.109048 0.003571 0.004762
6 0.641071 0.103810 0.006429 0.011429
6 0.516071 0.191905 0.012143 0.023810
1 0.458571 0.340952 0.002857 0.013333
2 0.454286 0.368095 0.004286 0.008571
2 0.449643 0.425238 0.005000 0.008571
10 0.454286 0.373810 0.005714 0.008571
10 0.449643 0.432381 0.005000 0.011429
4 0.334286 0.207143 0.007143 0.008571
4 0.328929 0.214286 0.007857 0.007619
4 0.298929 0.272381 0.010714 0.013333
4 0.289643 0.283333 0.012143 0.014286
4 0.322857 0.221429 0.008571 0.012381
4 0.745357 0.453333 0.027857 0.022857
4 0.744286 0.374762 0.017143 0.023810
4 0.700000 0.368571 0.024286 0.017143
4 0.715714 0.404286 0.022857 0.020000
4 0.725000 0.419524 0.027143 0.016190
4 0.734286 0.435238 0.025714 0.017143
4 0.680714 0.332381 0.021429 0.013333
4 0.683571 0.341429 0.020000 0.010476
4 0.664286 0.305238 0.015714 0.014286
5 0.691071 0.349524 0.019286 0.015238
4 0.660714 0.296667 0.011429 0.012381
5 0.751071 0.348095 0.022143 0.018095
4 0.720714 0.340476 0.014286 0.016190
6 0.473929 0.676190 0.020714 0.064762
6 0.974643 0.839524 0.050714 0.037143
6 0.843929 0.627143 0.069286 0.048571
4 0.897143 0.654762 0.040000 0.054286
6 0.214643 0.376190 0.033571 0.020952
5 0.105000 0.426667 0.028571 0.034286
5 0.241786 0.353333 0.030714 0.020952
5 0.614643 0.184286 0.012143 0.008571
0 0.680357 0.202381 0.039286 0.021905
0 0.690714 0.084762 0.017143 0.028571
0 0.145000 0.387143 0.027143 0.025714
