0 0.604643 0.089048 0.016429 0.016190
0 0.587143 0.124286 0.014286 0.020000
0 0.653214 0.114762 0.023571 0.018095
0 0.618214 0.119048 0.015000 0.020952
0 0.600000 0.146667 0.005714 0.011429
0 0.626429 0.202381 0.005714 0.010476
0 0.626071 0.244286 0.017857 0.018095
0 0.671071 0.258095 0.007857 0.019048
0 0.684643 0.190952 0.009286 0.016190
4 0.627500 0.166190 0.005000 0.006667
4 0.663929 0.145238 0.005000 0.004762
6 0.663214 0.134286 0.006429 0.015238
6 0.688571 0.213810 0.015714 0.033333
6 0.620714 0.269524 0.011429 0.019048
6 0.591429 0.271905 0.014286 0.029524
9 0.574643 0.391905 0.022143 0.069524
9 0.558214 0.306667 0.006429 0.015238
4 0.559643 0.371905 0.013571 0.023810
4 0.643929 0.350000 0.012143 0.018095
4 0.605714 0.237143 0.008571 0.009524
4 0.566429 0.253333 0.008571 0.015238
4 0.596429 0.256190 0.010000 0.013333
10 0.613214 0.337143 0.003571 0.005714
2 0.612857 0.332381 0.004286 0.005714
1 0.654286 0.280476 0.002857 0.006667
1 0.688571 0.266190 0.002857 0.010476
1 0.492143 0.244286 0.002857 0.006667
7 0.491071 0.246667 0.007857 0.005714
4 0.575000 0.546190 0.022857 0.044762
4 0.552500 0.670476 0.023571 0.057143
1 0.101429 0.336667 0.004286 0.010476
1 0.098214 0.354762 0.005000 0.010476
1 0.135357 0.366667 0.005000 0.011429
1 0.139643 0.369048 0.005000 0.008571
1 0.144643 0.366190 0.005000 0.012381
1 0.153214 0.348095 0.003571 0.012381
1 0.152857 0.323333 0.002857 0.010476
1 0.160714 0.307619 0.002857 0.009524
1 0.119286 0.322857 0.004286 0.009524
1 0.116786 0.338571 0.005000 0.010476
1 0.103929 0.363810 0.003571 0.011429
1 0.107500 0.334286 0.003571 0.009524
1 0.106786 0.344762 0.005000 0.005714
1 0.100714 0.342381 0.005714 0.010476
1 0.092500 0.340952 0.005000 0.013333
1 0.091071 0.361429 0.005000 0.008571
1 0.080357 0.357143 0.002143 0.009524
1 0.061071 0.352857 0.005000 0.016190
1 0.507857 0.552381 0.008571 0.020952
