8 0.510714 0.306190 0.025714 0.033333
4 0.376786 0.399048 0.053571 0.053333
10 0.354643 0.973810 0.032143 0.037143
2 0.353214 0.973333 0.016429 0.017143
5 0.714643 0.611429 0.065000 0.068571
2 0.665000 0.346190 0.005714 0.027619
4 0.603214 0.250476 0.036429 0.036190
4 0.715000 0.279524 0.040000 0.044762
4 0.719643 0.196667 0.042143 0.037143
4 0.752143 0.160000 0.047143 0.026667
1 0.718214 0.229048 0.007857 0.023810
1 0.629643 0.219524 0.009286 0.021905
1 0.638571 0.213810 0.011429 0.016190
0 0.673214 0.192857 0.043571 0.035238
5 0.796786 0.205238 0.063571 0.067619
5 0.896429 0.411905 0.047143 0.050476
4 0.810000 0.496667 0.055714 0.056190
