1 0.347143 0.889048 0.012857 0.037143
1 0.360000 0.871905 0.012857 0.031429
1 0.375000 0.860476 0.014286 0.031429
2 0.273571 0.748571 0.017143 0.028571
10 0.276071 0.753810 0.025000 0.046667
1 0.302500 0.646667 0.007857 0.028571
1 0.309286 0.642381 0.007143 0.025714
1 0.335000 0.575714 0.007143 0.025714
1 0.407143 0.642381 0.010000 0.031429
2 0.416071 0.554286 0.009286 0.019048
10 0.417143 0.560952 0.014286 0.024762
2 0.447143 0.515714 0.005714 0.016190
10 0.447143 0.521905 0.010000 0.020952
1 0.477500 0.482381 0.006429 0.018095
5 0.488214 0.492381 0.033571 0.040000
4 0.400000 0.535714 0.040000 0.046667
1 0.371071 0.454286 0.005000 0.020952
1 0.368214 0.450000 0.005000 0.018095
1 0.362143 0.440952 0.005714 0.019048
1 0.367143 0.439048 0.005714 0.019048
1 0.376071 0.430476 0.006429 0.019048
1 0.460357 0.396190 0.005000 0.019048
1 0.456429 0.394762 0.004286 0.020000
1 0.450714 0.390952 0.005714 0.016190
1 0.447143 0.389524 0.004286 0.019048
1 0.097143 0.777619 0.014286 0.033333
1 0.087143 0.790000 0.017143 0.031429
1 0.510357 0.417619 0.006429 0.020000
4 0.520357 0.397619 0.025000 0.027619
6 0.542500 0.364286 0.025000 0.039048
1 0.645000 0.469048 0.005714 0.021905
1 0.641071 0.463333 0.010714 0.021905
1 0.518929 0.319048 0.005000 0.015238
1 0.873214 0.518571 0.015000 0.027619
1 0.818571 0.453810 0.008571 0.023810
1 0.842143 0.356190 0.007143 0.019048
1 0.830000 0.353333 0.007143 0.019048
1 0.858214 0.310952 0.006429 0.016190
1 0.843571 0.300952 0.007143 0.015238
1 0.828571 0.300952 0.005714 0.015238
1 0.858929 0.282857 0.005000 0.015238
1 0.924286 0.243333 0.005714 0.012381
1 0.895714 0.236190 0.007143 0.013333
1 0.865000 0.252381 0.004286 0.013333
1 0.851429 0.252381 0.005714 0.013333
1 0.937143 0.227143 0.005714 0.012381
1 0.926786 0.229524 0.006429 0.011429
4 0.781071 0.182857 0.016429 0.007619
4 0.785357 0.180952 0.016429 0.009524
4 0.785000 0.176667 0.017143 0.008571
0 0.814286 0.160000 0.075714 0.026667
1 0.806071 0.177143 0.003571 0.009524
1 0.809286 0.177619 0.002857 0.010476
