6 0.707500 0.641905 0.140714 0.114286
5 0.403214 0.560952 0.050714 0.043810
4 0.512143 0.451905 0.030000 0.021905
4 0.517857 0.430476 0.028571 0.017143
1 0.617143 0.412381 0.004286 0.011429
4 0.547500 0.406667 0.023571 0.013333
6 0.221429 0.508571 0.057143 0.053333
6 0.174643 0.476667 0.073571 0.061905
10 0.204286 0.410000 0.008571 0.006667
2 0.203929 0.407143 0.003571 0.010476
8 0.113571 0.506190 0.020000 0.016190
2 0.117857 0.505238 0.005714 0.012381
0 0.394286 0.413333 0.151429 0.026667
0 0.215000 0.388571 0.160000 0.030476
