10 0.061326 0.358071 0.041232 0.040816
10 0.557411 0.288033 0.021921 0.039889
10 0.590553 0.272263 0.022443 0.030612
1 0.022443 0.841373 0.031315 0.072356
2 0.271138 0.750464 0.025574 0.059369
2 0.372390 0.719388 0.020355 0.051020
2 0.426670 0.703154 0.022443 0.055659
2 0.472599 0.681354 0.020355 0.056586
2 0.512004 0.669295 0.016701 0.045455
1 0.518267 0.624304 0.018789 0.064935
2 0.585334 0.605288 0.017223 0.049165
2 0.632046 0.553340 0.016701 0.049165
2 0.755219 0.491187 0.016701 0.032468
1 0.786273 0.442486 0.010960 0.051948
2 0.832203 0.362245 0.016180 0.023191
1 0.843685 0.346939 0.012004 0.046382
1 0.865605 0.319573 0.010960 0.041744
2 0.920929 0.269481 0.010960 0.028757
2 0.932150 0.268553 0.009395 0.028757
1 0.952244 0.231911 0.013048 0.037106
2 0.972077 0.238404 0.010960 0.029685
