10 0.282359 0.710111 0.025052 0.034323
4 0.284708 0.811688 0.092380 0.085343
7 0.363257 0.600649 0.019833 0.056586
8 0.399791 0.487013 0.012526 0.040816
6 0.402923 0.409555 0.034447 0.065863
1 0.392223 0.430891 0.007829 0.025046
4 0.530271 0.441095 0.045929 0.034323
4 0.498173 0.210111 0.010960 0.013915
3 0.598121 0.852041 0.022965 0.052876
3 0.619781 0.696197 0.021399 0.036178
6 0.820198 0.248609 0.023486 0.018553
8 0.440501 0.338590 0.008351 0.031540
7 0.429019 0.285250 0.006263 0.017625
2 0.443372 0.449907 0.007829 0.024119
10 0.443633 0.458256 0.007307 0.027829
2 0.423017 0.725881 0.009916 0.039889
10 0.423278 0.739796 0.010438 0.045455
4 0.417276 0.209647 0.018267 0.014842
5 0.507568 0.267161 0.010960 0.025974
10 0.442067 0.303340 0.004175 0.016698
10 0.454071 0.283395 0.005219 0.013915
2 0.442067 0.299629 0.005219 0.016698
2 0.453288 0.278293 0.004697 0.014842
4 0.409708 0.286642 0.026096 0.022263
6 0.436065 0.172078 0.009916 0.025046
0 0.435021 0.137755 0.028706 0.043599
5 0.459812 0.137755 0.012526 0.012059
7 0.455637 0.198516 0.005219 0.011132
7 0.462422 0.208720 0.007307 0.014842
