4 0.273571 0.165238 0.065714 0.050476
1 0.162857 0.146667 0.012857 0.028571
1 0.157500 0.136190 0.013571 0.022857
1 0.156429 0.131429 0.012857 0.022857
4 0.186786 0.331429 0.045000 0.068571
4 0.240714 0.386190 0.055714 0.071429
10 0.244286 0.427619 0.027143 0.028571
4 0.289643 0.430952 0.065000 0.065714
10 0.266071 0.483810 0.027857 0.034286
4 0.307500 0.490952 0.056429 0.088571
2 0.346429 0.396190 0.008571 0.017143
10 0.346429 0.402857 0.010000 0.028571
8 0.356786 0.686190 0.029286 0.084762
2 0.628929 0.724762 0.015000 0.022857
2 0.643929 0.640000 0.012143 0.022857
2 0.674643 0.622381 0.016429 0.021905
2 0.537143 0.566667 0.014286 0.022857
10 0.627500 0.728095 0.013571 0.044762
10 0.643214 0.644286 0.015000 0.039048
10 0.672857 0.627143 0.018571 0.037143
10 0.538214 0.572381 0.012143 0.041905
4 0.565000 0.682857 0.037143 0.110476
4 0.487143 0.522381 0.028571 0.075238
4 0.494286 0.353810 0.032857 0.082857
6 0.476786 0.202857 0.043571 0.087619
4 0.867500 0.277619 0.062143 0.042857
4 0.955714 0.259524 0.058571 0.050476
10 0.965357 0.380952 0.023571 0.024762
4 0.799643 0.386667 0.057857 0.066667
4 0.775000 0.433810 0.067143 0.067619
4 0.854643 0.464286 0.060714 0.063810
4 0.879643 0.437143 0.065000 0.072381
5 0.906429 0.421905 0.062857 0.068571
