4 0.250000 0.567259 0.055714 0.058376
4 0.280000 0.880076 0.070000 0.054569
4 0.566429 0.563452 0.024286 0.093909
4 0.529643 0.529822 0.029286 0.092640
4 0.493929 0.531091 0.025000 0.087563
4 0.440000 0.522843 0.025714 0.088832
4 0.333929 0.527284 0.030714 0.087563
4 0.693214 0.528553 0.026429 0.082487
4 0.855000 0.533629 0.028571 0.090102
4 0.890357 0.531726 0.040714 0.093909
4 0.933214 0.531726 0.035000 0.093909
4 0.974286 0.980330 0.035714 0.036802
4 0.925714 0.980330 0.035714 0.036802
4 0.878929 0.986041 0.037857 0.025381
4 0.827500 0.981599 0.030714 0.034264
4 0.789643 0.986041 0.032143 0.025381
6 0.730357 0.958122 0.060714 0.081218
4 0.213571 0.981599 0.030000 0.029188
4 0.173214 0.984137 0.030714 0.029188
4 0.134286 0.984137 0.030000 0.029188
4 0.096429 0.982234 0.032857 0.032995
4 0.023929 0.511421 0.047857 0.045685
1 0.032143 0.537437 0.018571 0.024112
2 0.043571 0.628807 0.011429 0.024112
3 0.046071 0.631980 0.023571 0.020305
3 0.350357 0.734137 0.020714 0.031726
2 0.351071 0.732234 0.013571 0.025381
2 0.722143 0.622462 0.010000 0.016497
3 0.717500 0.626269 0.022143 0.021574
1 0.510000 0.498731 0.005714 0.030457
1 0.777857 0.963832 0.014286 0.021574
