1 0.062630 0.823748 0.012526 0.037106
2 0.071503 0.816327 0.021921 0.048237
2 0.089509 0.812152 0.020355 0.038033
1 0.348121 0.603432 0.010438 0.043599
1 0.339770 0.554267 0.007307 0.038033
1 0.346816 0.583024 0.009916 0.041744
1 0.379697 0.575603 0.009916 0.026902
1 0.399008 0.566327 0.009916 0.039889
1 0.530532 0.432746 0.006785 0.036178
1 0.546712 0.457792 0.009916 0.028757
1 0.542797 0.448052 0.010438 0.033395
1 0.536273 0.448052 0.006785 0.035250
1 0.536013 0.441095 0.007307 0.034323
1 0.586378 0.404917 0.006785 0.030612
1 0.596555 0.404917 0.008351 0.028757
1 0.604906 0.395176 0.006263 0.029685
1 0.597338 0.399814 0.005741 0.029685
1 0.589248 0.400742 0.009395 0.031540
2 0.495564 0.345083 0.005741 0.016698
7 0.492693 0.348330 0.013570 0.032468
1 0.516701 0.225881 0.004175 0.023191
1 0.510177 0.227737 0.003653 0.023191
1 0.494520 0.208720 0.004697 0.024119
1 0.488779 0.208256 0.005741 0.021336
1 0.475731 0.270872 0.005741 0.024119
1 0.469990 0.269017 0.005741 0.025974
1 0.746086 0.341373 0.006785 0.027829
2 0.747129 0.323284 0.006785 0.025046
6 0.988257 0.116419 0.022443 0.021336
5 0.952766 0.115955 0.029749 0.024119
10 0.912317 0.126160 0.008351 0.012987
10 0.837422 0.118738 0.009916 0.012987
4 0.799061 0.117811 0.024008 0.016698
7 0.894311 0.125232 0.015136 0.012987
1 0.897182 0.122449 0.004175 0.012987
4 0.561587 0.115028 0.022965 0.020408
7 0.506524 0.113636 0.017223 0.015770
1 0.485647 0.109926 0.002610 0.017625
1 0.479123 0.111317 0.003132 0.016698
1 0.482516 0.121985 0.004697 0.019481
1 0.486169 0.122449 0.004697 0.020408
1 0.468946 0.110853 0.002610 0.013915
1 0.465292 0.109462 0.002610 0.012987
1 0.463466 0.110853 0.004175 0.012059
1 0.457724 0.109926 0.002088 0.010204
1 0.458768 0.108998 0.003132 0.013915
2 0.452505 0.109462 0.003132 0.011132
2 0.428758 0.109926 0.003653 0.008349
2 0.427192 0.111317 0.003653 0.007421
2 0.425365 0.108071 0.004175 0.008349
1 0.419624 0.104360 0.003132 0.013915
1 0.413100 0.107143 0.002610 0.015770
7 0.469990 0.111781 0.010960 0.008349
7 0.408664 0.108534 0.008351 0.011132
1 0.398486 0.105751 0.002610 0.011132
1 0.400835 0.102968 0.003132 0.012987
4 0.406576 0.103432 0.014614 0.017625
4 0.384656 0.099258 0.012526 0.014842
4 0.378914 0.097866 0.010438 0.012059
4 0.372912 0.094156 0.009916 0.013915
4 0.365344 0.091373 0.010438 0.013915
4 0.337683 0.083488 0.009395 0.012987
4 0.309499 0.083488 0.008351 0.011132
4 0.313413 0.086271 0.006785 0.009276
4 0.319415 0.088126 0.008351 0.014842
4 0.323591 0.090909 0.009395 0.012987
4 0.333768 0.095083 0.012004 0.015770
4 0.341858 0.096475 0.010438 0.012987
4 0.349426 0.099258 0.012004 0.014842
4 0.324113 0.107143 0.019833 0.017625
8 0.306367 0.107607 0.013570 0.016698
4 0.007829 0.120130 0.015658 0.025046
4 0.020616 0.123377 0.017223 0.022263
8 0.033664 0.123377 0.014092 0.022263
7 0.031837 0.112709 0.014614 0.013915
1 0.028445 0.108998 0.003653 0.013915
1 0.055063 0.125232 0.007829 0.020408
1 0.048017 0.126623 0.005219 0.019481
1 0.043841 0.124304 0.006263 0.020408
1 0.041493 0.123377 0.006785 0.020408
1 0.036013 0.125232 0.007307 0.016698
4 0.065762 0.124768 0.016701 0.019481
4 0.078027 0.124768 0.019311 0.019481
5 0.094207 0.123377 0.020355 0.024119
4 0.109342 0.126623 0.018267 0.021336
4 0.124478 0.125696 0.021399 0.021336
4 0.143528 0.125232 0.016701 0.020408
5 0.148486 0.108071 0.018267 0.023191
4 0.132307 0.107607 0.020355 0.020408
6 0.090031 0.106679 0.031837 0.025974
4 0.165710 0.110853 0.014092 0.021336
0 0.197808 0.108071 0.041754 0.017625
1 0.220511 0.120130 0.004697 0.015770
5 0.209290 0.124304 0.029228 0.024119
1 0.292276 0.120594 0.005219 0.018553
7 0.289927 0.122913 0.017223 0.013915
7 0.268006 0.123840 0.018267 0.017625
1 0.270877 0.121985 0.004175 0.015770
1 0.245042 0.120130 0.003653 0.017625
2 0.258873 0.108998 0.005219 0.015770
10 0.258351 0.110853 0.005219 0.010204
1 0.237213 0.109462 0.004697 0.014842
7 0.234864 0.113636 0.015658 0.015770
0 0.239562 0.126160 0.013570 0.018553
1 0.281837 0.114100 0.005219 0.012987
1 0.311326 0.121521 0.004697 0.014842
7 0.309238 0.122913 0.017223 0.017625
1 0.329593 0.121058 0.005741 0.017625
1 0.342380 0.113636 0.004175 0.012059
4 0.325157 0.106215 0.017745 0.017625
1 0.348382 0.125696 0.003653 0.013915
