1 0.434286 0.160000 0.005714 0.019048
1 0.589643 0.120952 0.005000 0.015238
6 0.201071 0.259048 0.045000 0.036190
4 0.284286 0.263810 0.020000 0.034286
4 0.212500 0.339524 0.042143 0.033333
9 0.100357 0.323810 0.105000 0.047619
10 0.175357 0.354286 0.007857 0.019048
10 0.156429 0.392381 0.005714 0.019048
10 0.171071 0.435238 0.007857 0.024762
10 0.178571 0.432381 0.008571 0.024762
9 0.132857 0.486190 0.088571 0.067619
9 0.121071 0.538095 0.102143 0.087619
9 0.131071 0.586667 0.105000 0.070476
9 0.128214 0.630000 0.109286 0.080952
9 0.145357 0.659048 0.110714 0.087619
9 0.225357 0.617619 0.042143 0.090476
4 0.330714 0.560476 0.041429 0.033333
9 0.311429 0.480000 0.085714 0.074286
4 0.247857 0.504762 0.042857 0.038095
9 0.250000 0.461429 0.085714 0.065714
9 0.252500 0.431905 0.086429 0.067619
9 0.245714 0.410000 0.081429 0.065714
9 0.336429 0.403333 0.080000 0.065714
9 0.325357 0.380476 0.076429 0.063810
9 0.467143 0.190000 0.020000 0.050476
9 0.491786 0.187619 0.023571 0.051429
9 0.510357 0.181905 0.026429 0.051429
9 0.532500 0.181429 0.025000 0.050476
9 0.554643 0.177143 0.025000 0.049524
9 0.578214 0.177619 0.025000 0.050476
9 0.600357 0.175238 0.026429 0.047619
9 0.620714 0.173333 0.030000 0.051429
9 0.642143 0.170000 0.031429 0.048571
4 0.619643 0.325238 0.039286 0.029524
1 0.531429 0.420952 0.005714 0.017143
9 0.553571 0.370476 0.101429 0.087619
9 0.667500 0.383333 0.115000 0.082857
9 0.660000 0.414286 0.087143 0.064762
9 0.623214 0.430476 0.122143 0.081905
9 0.622500 0.468571 0.119286 0.087619
9 0.541429 0.467143 0.091429 0.075238
9 0.593214 0.557619 0.103571 0.090476
9 0.582143 0.602381 0.072857 0.058095
9 0.561071 0.632857 0.142143 0.094286
9 0.543929 0.679524 0.152143 0.107619
10 0.626786 0.726667 0.012143 0.028571
9 0.528571 0.733333 0.157143 0.112381
9 0.528929 0.875714 0.122143 0.098095
9 0.493929 0.925238 0.170714 0.145714
5 0.488929 0.982857 0.057857 0.034286
9 0.952143 0.963333 0.095714 0.069524
9 0.918929 0.747619 0.130714 0.072381
9 0.918571 0.685714 0.137143 0.076190
1 0.699286 0.476667 0.008571 0.020000
5 0.711786 0.492857 0.023571 0.040952
9 0.777143 0.271429 0.072857 0.099048
9 0.816071 0.252857 0.062143 0.100000
4 0.784643 0.329524 0.020714 0.032381
4 0.811786 0.336190 0.027857 0.038095
4 0.829643 0.335238 0.026429 0.036190
4 0.854286 0.330476 0.028571 0.040000
4 0.853214 0.278095 0.026429 0.032381
4 0.906429 0.287619 0.037143 0.022857
10 0.960000 0.308571 0.014286 0.013333
10 0.955357 0.303810 0.015000 0.009524
10 0.952857 0.299048 0.015714 0.011429
10 0.941429 0.286190 0.014286 0.014286
10 0.937500 0.281429 0.015000 0.014286
10 0.932143 0.279048 0.015714 0.009524
10 0.928571 0.270476 0.015714 0.011429
10 0.923929 0.265714 0.013571 0.011429
10 0.922143 0.261905 0.017143 0.013333
4 0.922143 0.313810 0.038571 0.025714
4 0.940357 0.330952 0.039286 0.025714
4 0.971786 0.342857 0.037857 0.026667
4 0.933214 0.356190 0.039286 0.024762
4 0.943214 0.377143 0.037857 0.024762
4 0.981786 0.365238 0.036429 0.027619
4 0.985714 0.398095 0.028571 0.026667
1 0.935714 0.411905 0.008571 0.018095
