4 0.428000 0.686667 0.084000 0.186667
4 0.434000 0.540333 0.064000 0.116667
4 0.439750 0.452333 0.054500 0.090000
4 0.439500 0.386000 0.043000 0.065333
4 0.689500 0.528333 0.087000 0.116667
1 0.434000 0.270000 0.011000 0.033333
4 0.448500 0.255667 0.024000 0.035333
4 0.436500 0.227000 0.048000 0.030000
4 0.436000 0.204667 0.051000 0.024000
4 0.456000 0.192667 0.021000 0.024000
4 0.528250 0.182000 0.018500 0.024000
5 0.450250 0.178000 0.015500 0.026667
4 0.451000 0.169000 0.017000 0.018000
1 0.426000 0.176333 0.006000 0.022000
1 0.440500 0.182333 0.004000 0.023333
1 0.439750 0.180333 0.003500 0.019333
1 0.436750 0.176000 0.005500 0.022667
1 0.431750 0.179667 0.004500 0.019333
1 0.425750 0.164000 0.004500 0.016000
4 0.504750 0.144000 0.014500 0.016000
4 0.972750 0.333333 0.054500 0.049333
4 0.931250 0.296000 0.063500 0.050667
1 0.865750 0.232000 0.010500 0.033333
4 0.835500 0.228667 0.054000 0.036000
4 0.809000 0.218667 0.046000 0.034667
1 0.772750 0.211000 0.008500 0.031333
4 0.783250 0.207333 0.046500 0.025333
4 0.740000 0.194000 0.028000 0.024000
4 0.724500 0.182333 0.030000 0.022000
4 0.707000 0.174667 0.025000 0.017333
4 0.693750 0.167000 0.022500 0.018000
4 0.716000 0.144667 0.037000 0.016000
7 0.650500 0.141000 0.007000 0.011333
5 0.583000 0.128333 0.014000 0.016667
1 0.624250 0.113667 0.004500 0.016667
1 0.615000 0.116000 0.004000 0.014667
5 0.602500 0.114667 0.012000 0.014667
5 0.547750 0.097333 0.012500 0.018667
5 0.485500 0.099000 0.008000 0.012667
4 0.488250 0.084667 0.006500 0.008000
10 0.461250 0.096333 0.002500 0.007333
2 0.461250 0.094333 0.002500 0.007333
4 0.484500 0.077333 0.006000 0.006667
5 0.465500 0.076667 0.005000 0.008000
10 0.462000 0.080667 0.002000 0.005333
2 0.462000 0.079333 0.002000 0.005333
10 0.470500 0.077667 0.002000 0.004667
2 0.470250 0.076667 0.001500 0.004000
6 0.473000 0.071333 0.007000 0.012000
4 0.480750 0.070667 0.004500 0.005333
6 0.525500 0.079333 0.007000 0.013333
5 0.516500 0.076000 0.006000 0.008000
0 0.366250 0.116000 0.165500 0.054667
4 0.456750 0.069333 0.004500 0.005333
5 0.450500 0.069000 0.004000 0.006000
0 0.482250 0.053333 0.058500 0.021333
2 0.519750 0.067667 0.001500 0.004667
3 0.519750 0.068667 0.001500 0.002667
