4 0.292500 0.982857 0.036429 0.034286
4 0.253571 0.970000 0.070000 0.060000
4 0.332500 0.928095 0.059286 0.086667
4 0.305357 0.902381 0.066429 0.096190
4 0.280000 0.873810 0.062857 0.098095
4 0.257500 0.835714 0.059286 0.086667
4 0.229643 0.807143 0.067857 0.084762
4 0.212500 0.780952 0.062143 0.074286
4 0.188214 0.755714 0.067857 0.082857
4 0.165714 0.730952 0.061429 0.075238
4 0.146429 0.702857 0.061429 0.076190
4 0.122143 0.680476 0.064286 0.080952
4 0.101786 0.658095 0.072143 0.080000
4 0.222857 0.956667 0.055714 0.082857
4 0.205714 0.919524 0.068571 0.092381
4 0.177857 0.894762 0.072857 0.096190
4 0.154286 0.856190 0.064286 0.085714
4 0.128571 0.834286 0.062857 0.081905
4 0.107500 0.804286 0.063571 0.084762
4 0.082143 0.776190 0.065714 0.076190
4 0.057857 0.756190 0.067143 0.078095
4 0.028214 0.721429 0.056429 0.084762
0 0.040000 0.573333 0.080000 0.160000
4 0.289286 0.526190 0.071429 0.077143
4 0.409643 0.730952 0.095000 0.115238
4 0.373571 0.797619 0.072857 0.092381
6 0.931071 0.837143 0.137857 0.156190
4 0.851071 0.705238 0.030714 0.077143
4 0.884286 0.711905 0.034286 0.073333
10 0.916429 0.718571 0.011429 0.029524
10 0.835357 0.650000 0.020714 0.018095
10 0.689286 0.606190 0.028571 0.031429
2 0.686786 0.604762 0.012143 0.017143
2 0.212857 0.312857 0.041429 0.040952
10 0.281071 0.270952 0.010714 0.023810
6 0.117857 0.213810 0.045714 0.052381
5 0.142500 0.184762 0.033571 0.041905
6 0.202857 0.192857 0.078571 0.084762
4 0.072857 0.172857 0.040000 0.039048
1 0.042143 0.060000 0.011429 0.020952
1 0.115714 0.084286 0.008571 0.016190
2 0.133214 0.085714 0.005000 0.017143
10 0.133929 0.091905 0.009286 0.016190
4 0.127857 0.051905 0.041429 0.025714
0 0.186429 0.065714 0.058571 0.053333
1 0.326429 0.225714 0.005714 0.017143
4 0.397143 0.311905 0.035714 0.052381
4 0.425714 0.322857 0.030000 0.051429
4 0.448214 0.348571 0.037857 0.051429
4 0.523571 0.403333 0.037143 0.054286
7 0.562500 0.417143 0.012143 0.043810
7 0.577500 0.431905 0.013571 0.035238
4 0.598929 0.463333 0.025000 0.060000
10 0.479643 0.380000 0.015000 0.026667
2 0.828929 0.556667 0.007857 0.014286
2 0.930357 0.621905 0.010714 0.015238
2 0.926429 0.608095 0.011429 0.020000
2 0.906786 0.617143 0.012143 0.013333
2 0.941429 0.620476 0.010000 0.014286
2 0.991071 0.669048 0.013571 0.014286
