5 0.555750 0.696000 0.166500 0.154667
5 0.652000 0.890333 0.145000 0.219333
5 0.488750 0.842000 0.210500 0.150667
5 0.404500 0.971000 0.233000 0.058000
3 0.249000 0.852333 0.075000 0.062000
3 0.971000 0.696000 0.058000 0.052000
3 0.911250 0.563000 0.061500 0.048667
1 0.913000 0.385667 0.037000 0.056667
1 0.910500 0.354667 0.034000 0.058667
1 0.862500 0.266667 0.030000 0.057333
1 0.656750 0.450000 0.026500 0.054667
1 0.732500 0.416333 0.030000 0.059333
10 0.429500 0.657000 0.032000 0.095333
2 0.347000 0.609000 0.022000 0.043333
2 0.404500 0.602667 0.029000 0.042667
1 0.310000 0.435333 0.018000 0.062667
1 0.275750 0.352667 0.022500 0.057333
1 0.299750 0.332667 0.022500 0.056000
1 0.373000 0.352000 0.017000 0.061333
1 0.449000 0.358333 0.019000 0.051333
1 0.473500 0.350333 0.019000 0.060667
1 0.486250 0.394333 0.022500 0.063333
1 0.500000 0.410667 0.010000 0.036000
1 0.490250 0.373333 0.016500 0.062667
1 0.133250 0.363333 0.021500 0.064000
1 0.107000 0.380667 0.028000 0.062667
