4 0.438214 0.718909 0.027857 0.105330
4 0.408214 0.502538 0.026429 0.071066
5 0.370357 0.383249 0.027857 0.076142
4 0.453571 0.289340 0.022857 0.055838
4 0.425357 0.177665 0.022143 0.048223
5 0.457500 0.128807 0.022143 0.052030
6 0.513214 0.352792 0.037857 0.134518
5 0.584643 0.303934 0.029286 0.085025
4 0.564643 0.066624 0.022143 0.062183
5 0.502500 0.034264 0.020714 0.053299
4 0.429643 0.052030 0.017857 0.040609
6 0.402857 0.030457 0.027143 0.060914
9 0.458929 0.023477 0.022143 0.046954
9 0.930000 0.640863 0.082857 0.210660
4 0.969643 0.769036 0.029286 0.055838
4 0.857143 0.645939 0.035714 0.076142
9 0.855714 0.390863 0.042857 0.104061
6 0.914643 0.248731 0.043571 0.048223
4 0.873929 0.270305 0.035000 0.038071
4 0.812857 0.159898 0.034286 0.045685
4 0.734286 0.088832 0.025714 0.040609
10 0.868929 0.160533 0.017857 0.021574
1 0.268929 0.141497 0.006429 0.021574
1 0.256429 0.113579 0.005714 0.016497
1 0.283929 0.059645 0.006429 0.022843
1 0.290000 0.052030 0.005714 0.025381
1 0.258571 0.064721 0.008571 0.027919
1 0.272857 0.047589 0.005714 0.021574
1 0.284286 0.024112 0.005714 0.022843
1 0.270000 0.026015 0.007143 0.019036
1 0.263571 0.043147 0.007143 0.022843
1 0.665000 0.094543 0.007143 0.024112
2 0.696429 0.484137 0.008571 0.021574
1 0.700000 0.584391 0.007143 0.024112
1 0.732143 0.689086 0.007143 0.027919
1 0.815714 0.909264 0.012857 0.034264
1 0.250357 0.103426 0.006429 0.016497
1 0.243214 0.138325 0.006429 0.015228
1 0.241786 0.125635 0.007857 0.017766
1 0.295714 0.031726 0.005714 0.022843
1 0.293214 0.034264 0.006429 0.017766
1 0.691786 0.585025 0.007857 0.022843
1 0.670714 0.373096 0.005714 0.025381
1 0.649643 0.317893 0.005000 0.024112
1 0.644286 0.320431 0.005714 0.026650
1 0.647143 0.299492 0.005714 0.025381
4 0.922500 0.218274 0.042143 0.030457
1 0.847500 0.138959 0.007857 0.026650
1 0.829643 0.256980 0.006429 0.029188
1 0.823214 0.259518 0.006429 0.021574
10 0.781071 0.112944 0.012143 0.025381
1 0.628571 0.177030 0.005714 0.019036
1 0.624286 0.177665 0.004286 0.010152
2 0.695357 0.476523 0.009286 0.021574
