4 0.539286 0.766667 0.037143 0.104762
4 0.463929 0.648571 0.023571 0.074286
4 0.551786 0.444762 0.019286 0.043810
4 0.548214 0.369524 0.016429 0.040000
4 0.529286 0.225238 0.011429 0.023810
4 0.540714 0.309048 0.015714 0.027619
1 0.352500 0.524286 0.005000 0.021905
1 0.313929 0.818571 0.005000 0.025714
4 0.450714 0.873810 0.034286 0.134286
4 0.460357 0.738095 0.029286 0.093333
4 0.467143 0.585714 0.022857 0.055238
4 0.468214 0.531905 0.022143 0.050476
4 0.471786 0.442857 0.020714 0.043810
10 0.507143 0.632857 0.012857 0.044762
10 0.588571 0.558095 0.005714 0.020952
1 0.496429 0.484286 0.007143 0.027619
1 0.488214 0.406667 0.006429 0.019048
1 0.510357 0.367619 0.005000 0.019048
1 0.420000 0.382381 0.005714 0.020000
1 0.401429 0.297619 0.004286 0.014286
1 0.410000 0.299524 0.004286 0.016190
10 0.492500 0.370000 0.007857 0.023810
10 0.501786 0.349048 0.009286 0.021905
10 0.572143 0.306190 0.004286 0.018095
10 0.540000 0.199524 0.004286 0.016190
4 0.474643 0.360000 0.017857 0.036190
4 0.476786 0.324762 0.016429 0.030476
4 0.474286 0.296667 0.014286 0.027619
4 0.473929 0.266190 0.015000 0.029524
4 0.472500 0.239524 0.015000 0.027619
4 0.475357 0.210000 0.015000 0.027619
4 0.475714 0.187619 0.015714 0.020952
4 0.477143 0.154286 0.012857 0.024762
4 0.478214 0.132857 0.015000 0.016190
4 0.480000 0.117619 0.012857 0.016190
4 0.480714 0.099524 0.010000 0.014286
4 0.482143 0.064286 0.008571 0.014286
4 0.480714 0.043333 0.008571 0.014286
4 0.503571 0.025238 0.008571 0.016190
4 0.500714 0.040952 0.007143 0.013333
4 0.539643 0.091429 0.009286 0.015238
4 0.543214 0.113333 0.009286 0.017143
4 0.542857 0.142381 0.010000 0.012381
4 0.482500 0.033810 0.009286 0.010476
4 0.482143 0.021905 0.008571 0.013333
4 0.532143 0.019048 0.007143 0.011429
4 0.539286 0.069048 0.010000 0.016190
4 0.537143 0.056190 0.008571 0.009524
4 0.533929 0.045714 0.007857 0.011429
4 0.533929 0.032381 0.007857 0.011429
4 0.541429 0.135238 0.014286 0.011429
4 0.549643 0.170000 0.012143 0.018095
4 0.555357 0.209048 0.012143 0.021905
4 0.557857 0.231429 0.011429 0.019048
4 0.483929 0.003333 0.006429 0.006667
9 0.530357 0.007619 0.009286 0.015238
1 0.576786 0.012381 0.002143 0.007619
1 0.583929 0.026190 0.002143 0.010476
1 0.578571 0.105238 0.002857 0.010476
1 0.583929 0.073810 0.002143 0.008571
1 0.589286 0.071429 0.002857 0.009524
1 0.595357 0.204286 0.003571 0.012381
1 0.455357 0.008095 0.002143 0.006667
1 0.462500 0.035238 0.002143 0.007619
1 0.443929 0.067143 0.003571 0.012381
1 0.440714 0.066190 0.001429 0.010476
1 0.436429 0.064286 0.002857 0.008571
1 0.434286 0.111429 0.002857 0.013333
1 0.445357 0.085714 0.002143 0.007619
1 0.448929 0.083333 0.002143 0.006667
1 0.431429 0.085714 0.002857 0.007619
4 0.453214 0.052381 0.020714 0.017143
1 0.686786 0.509524 0.003571 0.019048
1 0.680357 0.506190 0.005000 0.018095
1 0.626786 0.390952 0.005000 0.018095
1 0.638214 0.370000 0.003571 0.016190
1 0.650000 0.275714 0.004286 0.016190
1 0.603929 0.149048 0.005000 0.012381
2 0.540357 0.195238 0.003571 0.007619
2 0.572500 0.302381 0.003571 0.010476
2 0.501429 0.343810 0.007143 0.011429
2 0.493214 0.365714 0.005000 0.011429
2 0.588571 0.553333 0.005714 0.011429
2 0.507143 0.622857 0.010000 0.020952
