4 0.773747 0.613636 0.041232 0.041744
4 0.811587 0.600649 0.034447 0.041744
4 0.724948 0.963822 0.059499 0.066790
7 0.689457 0.902134 0.048017 0.060297
7 0.694415 0.863636 0.032881 0.031540
4 0.443372 0.849258 0.045407 0.051020
4 0.500783 0.825603 0.052714 0.048237
10 0.711117 0.533395 0.017223 0.016698
0 0.694676 0.509740 0.018789 0.030612
4 0.403967 0.592301 0.025052 0.064007
4 0.385960 0.471707 0.019311 0.047310
8 0.384134 0.424861 0.011482 0.040816
8 0.394833 0.311224 0.022443 0.030612
5 0.417015 0.305195 0.027140 0.029685
4 0.266441 0.378942 0.036013 0.032468
8 0.286273 0.544991 0.024530 0.032468
4 0.314457 0.490724 0.020355 0.050093
4 0.276618 0.492115 0.043841 0.036178
4 0.283403 0.459647 0.043841 0.032468
4 0.275574 0.439703 0.041754 0.027829
4 0.274530 0.586735 0.048017 0.039889
4 0.283664 0.616883 0.046451 0.044527
4 0.285230 0.689703 0.046451 0.043599
4 0.278706 0.731447 0.057411 0.045455
6 0.258351 0.801484 0.070981 0.096475
4 0.028184 0.175788 0.034447 0.023191
4 0.223382 0.144712 0.029228 0.022263
4 0.211900 0.052412 0.022965 0.019481
6 0.324896 0.027829 0.027662 0.055659
4 0.593163 0.080241 0.023486 0.019481
4 0.617954 0.077922 0.022965 0.018553
4 0.784708 0.047310 0.016180 0.014842
4 0.803236 0.045455 0.019833 0.016698
4 0.822808 0.041280 0.018267 0.015770
4 0.842641 0.039425 0.021399 0.017625
4 0.868215 0.033859 0.021399 0.015770
