5 0.177192 0.050557 0.072547 0.101113
4 0.057933 0.268089 0.090814 0.085343
4 0.377871 0.278293 0.069937 0.152134
4 0.176670 0.648887 0.069415 0.069573
2 0.242432 0.526438 0.022443 0.030612
2 0.335856 0.648887 0.019311 0.028757
10 0.245564 0.526438 0.037056 0.036178
10 0.338987 0.648887 0.037056 0.025046
1 0.194415 0.882189 0.020355 0.027829
5 0.468946 0.664657 0.051670 0.049165
4 0.445459 0.461967 0.088205 0.070501
2 0.484603 0.562616 0.016180 0.021336
3 0.485125 0.561688 0.028706 0.017625
2 0.494781 0.336271 0.015658 0.032468
10 0.492432 0.337662 0.030793 0.031540
2 0.692328 0.377551 0.017223 0.029685
2 0.720511 0.423006 0.018267 0.022263
10 0.717380 0.422542 0.013048 0.049165
10 0.690501 0.378942 0.014614 0.054731
10 0.874478 0.020408 0.020355 0.040816
10 0.596816 0.581633 0.028706 0.053803
1 0.791232 0.598794 0.018789 0.034323
4 0.666232 0.895640 0.053758 0.160482
10 0.707985 0.968924 0.025574 0.060297
7 0.960856 0.299629 0.038622 0.100186
