9 0.388571 0.223350 0.017143 0.022843
4 0.399286 0.236041 0.007143 0.007614
4 0.405714 0.239848 0.007143 0.010152
4 0.412143 0.243655 0.007143 0.007614
4 0.419643 0.250000 0.007857 0.010152
4 0.417143 0.231599 0.007143 0.008883
4 0.408214 0.217640 0.010714 0.006345
0 0.369286 0.230964 0.007143 0.012690
4 0.374643 0.288706 0.013571 0.016497
4 0.363214 0.359137 0.012143 0.015228
9 0.435000 0.296954 0.022857 0.035533
6 0.483571 0.266497 0.011429 0.015228
6 0.501429 0.288071 0.014286 0.017766
6 0.512857 0.298858 0.012857 0.019036
4 0.525000 0.309645 0.017143 0.012690
4 0.541786 0.328680 0.010714 0.012690
5 0.552500 0.335660 0.009286 0.016497
5 0.558214 0.346447 0.007857 0.020305
5 0.561786 0.361675 0.009286 0.017766
4 0.616429 0.388959 0.024286 0.019036
9 0.516071 0.392132 0.046429 0.032995
9 0.581786 0.375635 0.059286 0.043147
9 0.648571 0.368655 0.042857 0.029188
9 0.706071 0.359772 0.039286 0.029188
1 0.681429 0.356599 0.004286 0.012690
1 0.683214 0.357234 0.003571 0.013959
1 0.675000 0.397843 0.002857 0.016497
1 0.576429 0.417513 0.004286 0.017766
5 0.371786 0.420051 0.030714 0.027919
10 0.390357 0.413706 0.012143 0.010152
10 0.395714 0.418147 0.005714 0.016497
10 0.402500 0.416244 0.009286 0.015228
10 0.405714 0.414340 0.007143 0.019036
10 0.410000 0.413071 0.010000 0.019036
10 0.415714 0.412437 0.008571 0.017766
10 0.420000 0.413706 0.007143 0.012690
10 0.424643 0.412437 0.006429 0.012690
10 0.429286 0.410533 0.007143 0.016497
10 0.433929 0.411168 0.006429 0.017766
10 0.438929 0.410533 0.006429 0.016497
10 0.444286 0.409264 0.011429 0.016497
10 0.450000 0.407995 0.007143 0.016497
10 0.455357 0.406726 0.006429 0.019036
10 0.458571 0.406091 0.007143 0.017766
10 0.463214 0.404822 0.007857 0.017766
1 0.461429 0.387690 0.002857 0.013959
10 0.472143 0.402919 0.008571 0.019036
10 0.475714 0.402919 0.005714 0.016497
10 0.481429 0.402284 0.007143 0.017766
1 0.418571 0.390228 0.002857 0.008883
1 0.411429 0.547589 0.004286 0.021574
4 0.663929 0.960025 0.027857 0.072335
4 0.625357 0.816624 0.023571 0.054569
4 0.619643 0.656726 0.017857 0.036802
1 0.701786 0.770305 0.005000 0.025381
1 0.707500 0.770939 0.005000 0.024112
1 0.722500 0.598350 0.003571 0.016497
1 0.722143 0.595812 0.002857 0.019036
10 0.671429 0.554569 0.004286 0.017766
1 0.542500 0.553299 0.003571 0.015228
1 0.544286 0.547589 0.002857 0.019036
1 0.616429 0.537437 0.002857 0.019036
1 0.622143 0.538071 0.002857 0.020305
1 0.632143 0.520939 0.004286 0.016497
10 0.675714 0.554569 0.004286 0.017766
3 0.712500 0.577411 0.005000 0.015228
3 0.707500 0.565355 0.005000 0.016497
1 0.611071 0.482868 0.003571 0.019036
1 0.615714 0.484137 0.002857 0.013959
10 0.623214 0.458756 0.006429 0.013959
1 0.460357 0.627538 0.003571 0.021574
1 0.463571 0.628807 0.004286 0.019036
1 0.454286 0.657995 0.004286 0.021574
1 0.449286 0.661168 0.004286 0.020305
1 0.453571 0.740482 0.005714 0.026650
1 0.445357 0.778553 0.003571 0.024112
1 0.440714 0.773477 0.004286 0.024112
1 0.457857 0.580584 0.004286 0.019036
1 0.460000 0.556472 0.004286 0.019036
1 0.469643 0.582487 0.003571 0.020305
1 0.571786 0.344543 0.002143 0.011421
10 0.636786 0.506345 0.005000 0.017766
1 0.651786 0.539975 0.003571 0.016497
