4 0.952143 0.640863 0.044286 0.098985
4 0.811429 0.852157 0.071429 0.102792
4 0.670714 0.885152 0.062857 0.100254
4 0.501071 0.904188 0.066429 0.112944
4 0.710357 0.602792 0.050714 0.073604
4 0.626786 0.477157 0.043571 0.055838
5 0.365357 0.399112 0.062143 0.090102
5 0.362500 0.303299 0.059286 0.078680
5 0.610714 0.077411 0.047143 0.060914
5 0.660714 0.026650 0.044286 0.053299
5 0.345000 0.159264 0.045714 0.064721
4 0.264643 0.230330 0.039286 0.057107
5 0.214643 0.470812 0.052143 0.086294
5 0.193929 0.526650 0.049286 0.086294
5 0.173929 0.583756 0.052143 0.091371
5 0.157143 0.675127 0.058571 0.106599
4 0.151071 0.906091 0.053571 0.116751
9 0.037857 0.748096 0.075714 0.191624
9 0.049643 0.415609 0.076429 0.181472
5 0.020357 0.493655 0.033571 0.093909
9 0.126429 0.211294 0.121429 0.145939
9 0.245357 0.117386 0.107857 0.130711
5 0.324643 0.071066 0.037857 0.058376
6 0.381071 0.028553 0.059286 0.057107
10 0.498214 0.138325 0.013571 0.017766
10 0.468929 0.141497 0.013571 0.021574
10 0.491786 0.118020 0.016429 0.020305
1 0.055714 0.222716 0.012857 0.026650
1 0.522857 0.066624 0.007143 0.024112
1 0.517143 0.065990 0.005714 0.020305
1 0.512500 0.069797 0.005000 0.020305
1 0.508571 0.076142 0.005714 0.022843
10 0.519286 0.088198 0.017143 0.024112
4 0.715714 0.981599 0.075714 0.034264
9 0.082857 0.923858 0.081429 0.149746
1 0.136786 0.524746 0.010714 0.024112
1 0.130714 0.536802 0.012857 0.027919
1 0.097857 0.393401 0.012857 0.030457
1 0.089643 0.403553 0.015000 0.027919
1 0.102857 0.466371 0.015714 0.034264
1 0.188571 0.167513 0.008571 0.025381
1 0.306786 0.027284 0.005000 0.024112
1 0.310357 0.031091 0.006429 0.024112
1 0.320714 0.027284 0.008571 0.029188
1 0.318571 0.026015 0.010000 0.029188
1 0.316786 0.021574 0.007857 0.030457
