5 0.462500 0.017143 0.007857 0.020952
6 0.472500 0.097619 0.010714 0.029524
9 0.509643 0.340000 0.017857 0.059048
4 0.692143 0.602857 0.011429 0.030476
5 0.378929 0.838571 0.025000 0.027619
5 0.375714 0.862381 0.022857 0.023810
4 0.367857 0.893810 0.027143 0.021905
4 0.365000 0.915238 0.024286 0.020952
4 0.357500 0.971905 0.025000 0.020000
4 0.354286 0.991905 0.028571 0.016190
4 0.412143 0.935238 0.012857 0.040000
4 0.425357 0.987619 0.010714 0.024762
6 0.392143 0.756190 0.015714 0.049524
4 0.575714 0.991905 0.010000 0.016190
4 0.785714 0.426190 0.020000 0.014286
4 0.842143 0.533333 0.022857 0.013333
5 0.841786 0.516667 0.019286 0.014286
4 0.838571 0.504762 0.020000 0.015238
5 0.832857 0.465238 0.022857 0.016190
4 0.831429 0.450952 0.020000 0.014286
6 0.810000 0.436190 0.017143 0.017143
4 0.868929 0.264286 0.016429 0.014286
5 0.876786 0.276190 0.016429 0.015238
