10 0.262526 0.918367 0.017745 0.051948
10 0.305585 0.942022 0.034969 0.045455
10 0.296451 0.977273 0.037578 0.039889
7 0.299843 0.892857 0.038100 0.041744
8 0.388309 0.884045 0.061587 0.070501
7 0.326983 0.832096 0.047495 0.042672
7 0.333768 0.792208 0.050626 0.048237
7 0.342380 0.763451 0.051148 0.050093
8 0.395877 0.817254 0.051670 0.059369
1 0.433455 0.852505 0.014092 0.064935
2 0.585073 0.609926 0.010438 0.026902
10 0.585856 0.616419 0.010960 0.034323
4 0.523486 0.414657 0.017745 0.037106
1 0.549322 0.416512 0.005741 0.024119
8 0.583507 0.466141 0.012526 0.041744
2 0.565501 0.421150 0.006785 0.020408
10 0.565501 0.425788 0.006785 0.020408
1 0.646660 0.424861 0.005219 0.025974
1 0.641180 0.418831 0.005741 0.021336
1 0.622912 0.359926 0.005741 0.018553
1 0.612474 0.365492 0.004697 0.018553
1 0.569937 0.350649 0.005219 0.020408
1 0.468163 0.319109 0.004175 0.014842
2 0.544885 0.310761 0.004175 0.012987
2 0.551148 0.304267 0.003132 0.009276
2 0.552453 0.303803 0.002610 0.008349
2 0.548017 0.291280 0.004175 0.011132
2 0.532620 0.291744 0.003653 0.012059
2 0.520616 0.292208 0.003653 0.011132
2 0.524791 0.281540 0.003653 0.010204
10 0.545407 0.312616 0.004175 0.012987
10 0.548017 0.293135 0.005219 0.012987
10 0.532881 0.295455 0.004175 0.012059
10 0.520877 0.295455 0.004175 0.012059
10 0.524269 0.283395 0.003653 0.010204
7 0.552192 0.305659 0.005219 0.013915
8 0.556628 0.262987 0.007829 0.013915
1 0.550626 0.240260 0.003132 0.011132
2 0.555585 0.240260 0.002610 0.009276
1 0.556628 0.241187 0.002610 0.011132
10 0.555585 0.242579 0.005741 0.008349
8 0.519572 0.243506 0.007829 0.013915
2 0.533403 0.193414 0.002088 0.004638
2 0.529489 0.198052 0.001566 0.004638
2 0.526879 0.194341 0.001566 0.004638
2 0.543319 0.196197 0.002088 0.004638
2 0.541754 0.200371 0.002088 0.005566
2 0.544363 0.205473 0.002088 0.004638
2 0.546712 0.205473 0.001566 0.004638
10 0.546712 0.207328 0.002610 0.006494
10 0.544363 0.207792 0.003132 0.005566
10 0.541493 0.202690 0.002610 0.004638
10 0.543319 0.197124 0.002088 0.004638
10 0.533142 0.194805 0.002610 0.005566
10 0.529749 0.199907 0.002088 0.004638
10 0.527401 0.196660 0.002610 0.005566
8 0.524530 0.200835 0.004175 0.010204
8 0.548800 0.201763 0.004697 0.008349
4 0.537578 0.182746 0.005219 0.007421
4 0.538883 0.176252 0.003653 0.005566
2 0.540449 0.184137 0.001566 0.002783
10 0.540449 0.185529 0.002610 0.003711
0 0.536013 0.162338 0.017745 0.025974
0 0.530010 0.180427 0.007829 0.006494
0 0.545146 0.184137 0.003653 0.012059
