4 0.036786 0.423333 0.070714 0.117143
4 0.112857 0.448571 0.105714 0.150476
4 0.156786 0.489048 0.115000 0.157143
4 0.302500 0.790476 0.166429 0.156190
4 0.372143 0.711429 0.154286 0.146667
5 0.546786 0.368571 0.105000 0.110476
4 0.601786 0.336190 0.109286 0.120000
4 0.685357 0.946190 0.077857 0.103810
3 0.235714 0.504762 0.025714 0.059048
3 0.381429 0.576667 0.028571 0.065714
10 0.347500 0.559524 0.026429 0.054286
10 0.326429 0.545714 0.040000 0.053333
10 0.265357 0.515238 0.027857 0.060952
10 0.291071 0.518571 0.030714 0.058095
10 0.305357 0.527143 0.036429 0.061905
1 0.598571 0.472381 0.020000 0.051429
1 0.688214 0.292381 0.026429 0.057143
3 0.587143 0.250476 0.030000 0.030476
5 0.819286 0.440476 0.074286 0.126667
5 0.835357 0.322857 0.053571 0.121905
1 0.771786 0.171429 0.015000 0.060952
1 0.761071 0.108571 0.017857 0.051429
1 0.744286 0.110952 0.017143 0.048571
1 0.706786 0.083810 0.016429 0.055238
1 0.709643 0.051429 0.010714 0.057143
1 0.705714 0.044762 0.015714 0.043810
4 0.890000 0.113810 0.062857 0.084762
3 0.746786 0.574762 0.050714 0.040952
2 0.744643 0.660952 0.023571 0.034286
4 0.041786 0.952381 0.079286 0.095238
4 0.030000 0.676190 0.060000 0.116190
