1 0.208571 0.744286 0.008571 0.021905
1 0.133571 0.655238 0.007143 0.015238
1 0.116429 0.672857 0.005714 0.016190
1 0.119286 0.628571 0.007143 0.013333
1 0.101786 0.644286 0.005000 0.016190
1 0.080714 0.648095 0.007143 0.016190
1 0.095357 0.627143 0.006429 0.018095
1 0.082500 0.600476 0.005000 0.014286
1 0.111429 0.674762 0.005714 0.014286
1 0.197143 0.662857 0.005714 0.015238
0 0.205000 0.656667 0.010000 0.025714
1 0.198214 0.694762 0.006429 0.018095
0 0.545714 0.541429 0.040000 0.018095
1 0.573571 0.644762 0.002857 0.019048
1 0.563214 0.607619 0.005000 0.013333
1 0.536786 0.615714 0.003571 0.016190
1 0.570714 0.600476 0.004286 0.014286
1 0.558214 0.600952 0.005000 0.011429
1 0.564286 0.588095 0.002857 0.012381
1 0.547500 0.589524 0.003571 0.013333
1 0.532857 0.581429 0.005714 0.010476
1 0.540357 0.590476 0.003571 0.011429
0 0.014286 0.208095 0.008571 0.016190
0 0.120357 0.165714 0.007857 0.013333
0 0.112143 0.093810 0.007143 0.012381
4 0.172857 0.177619 0.015714 0.008571
4 0.197857 0.178571 0.015714 0.010476
4 0.159286 0.136667 0.008571 0.008571
4 0.166429 0.126190 0.010000 0.010476
4 0.163214 0.131905 0.009286 0.008571
4 0.116786 0.181429 0.013571 0.012381
4 0.108214 0.128095 0.009286 0.010476
0 0.434643 0.470000 0.016429 0.020000
1 0.363571 0.910952 0.008571 0.018095
10 0.363214 0.976667 0.009286 0.023810
2 0.363214 0.973810 0.009286 0.020000
1 0.344643 0.910476 0.009286 0.022857
