4 0.039643 0.757619 0.077857 0.094286
1 0.297143 0.710000 0.012857 0.040952
1 0.301429 0.693810 0.014286 0.044762
1 0.315357 0.686190 0.013571 0.039048
0 0.473929 0.520952 0.010714 0.020952
10 0.598571 0.561429 0.012857 0.035238
4 0.520000 0.469524 0.085714 0.060952
4 0.198571 0.448095 0.065714 0.061905
0 0.341429 0.389524 0.035714 0.032381
4 0.385714 0.382857 0.054286 0.038095
4 0.267143 0.307619 0.032857 0.024762
4 0.065714 0.243810 0.024286 0.022857
4 0.012143 0.225714 0.021429 0.020952
4 0.072857 0.271429 0.025714 0.028571
0 0.113214 0.264286 0.019286 0.031429
0 0.135357 0.267143 0.023571 0.031429
0 0.120357 0.240476 0.020714 0.027619
0 0.157143 0.299524 0.032857 0.035238
0 0.180000 0.287619 0.014286 0.030476
4 0.200357 0.280952 0.022143 0.024762
0 0.056429 0.139048 0.008571 0.011429
4 0.217857 0.179524 0.021429 0.012381
6 0.225714 0.304762 0.041429 0.036190
1 0.712143 0.493333 0.010000 0.026667
1 0.758929 0.454762 0.007857 0.021905
1 0.767500 0.458571 0.009286 0.025714
3 0.788571 0.478571 0.008571 0.029524
0 0.792857 0.448095 0.008571 0.016190
4 0.277857 0.353333 0.050000 0.036190
4 0.222143 0.355238 0.035714 0.032381
2 0.599286 0.558095 0.010000 0.026667
1 0.531786 0.536667 0.006429 0.033333
2 0.789643 0.478095 0.007857 0.022857
