0 0.502143 0.174286 0.014286 0.024762
0 0.501786 0.228095 0.003571 0.006667
0 0.487500 0.195238 0.007857 0.015238
0 0.465714 0.184762 0.005714 0.013333
0 0.482500 0.120476 0.016429 0.012381
0 0.513571 0.064762 0.024286 0.026667
0 0.489286 0.080000 0.011429 0.015238
5 0.595714 0.550000 0.047143 0.037143
5 0.541429 0.567619 0.044286 0.034286
5 0.681071 0.489524 0.032143 0.022857
5 0.510714 0.729048 0.020000 0.050476
5 0.765714 0.808095 0.042857 0.071429
4 0.840357 0.771905 0.063571 0.042857
1 0.320000 0.420952 0.004286 0.022857
6 0.437143 0.563810 0.047143 0.110476
1 0.430000 0.305238 0.004286 0.012381
5 0.516429 0.512381 0.014286 0.022857
5 0.520000 0.488095 0.012857 0.025714
4 0.519643 0.273333 0.009286 0.011429
4 0.522143 0.306190 0.010000 0.012381
4 0.686429 0.510000 0.035714 0.023810
1 0.695357 0.464286 0.010714 0.016190
10 0.720357 0.502381 0.016429 0.018095
1 0.566071 0.419524 0.003571 0.014286
1 0.553571 0.410000 0.002857 0.014286
7 0.492143 0.397619 0.010000 0.018095
4 0.535714 0.799524 0.025714 0.067619
4 0.537143 0.727143 0.022857 0.061905
4 0.511429 0.637143 0.032857 0.045714
10 0.638571 0.674762 0.007143 0.018095
10 0.806786 0.710476 0.012143 0.028571
10 0.760357 0.707143 0.010714 0.027619
2 0.638571 0.668095 0.004286 0.018095
0 0.711786 0.478095 0.012143 0.026667
0 0.726786 0.522381 0.017857 0.016190
0 0.508571 0.127143 0.011429 0.039048
0 0.503929 0.090952 0.020714 0.020000
6 0.138214 0.286190 0.023571 0.016190
0 0.334286 0.271905 0.008571 0.008571
1 0.127143 0.704286 0.011429 0.020000
10 0.258214 0.587143 0.016429 0.020000
6 0.453214 0.114762 0.007857 0.014286
6 0.442143 0.128095 0.007143 0.010476
4 0.382143 0.194286 0.007143 0.009524
