5 0.288214 0.084391 0.013571 0.029188
5 0.288571 0.121193 0.014286 0.029188
5 0.329286 0.170051 0.014286 0.030457
5 0.459643 0.407995 0.017857 0.036802
5 0.378929 0.245558 0.016429 0.029188
9 0.447143 0.416878 0.024286 0.049492
9 0.408929 0.342005 0.022143 0.044416
4 0.428214 0.378173 0.016429 0.027919
4 0.435000 0.465102 0.015714 0.026650
4 0.439643 0.370558 0.015000 0.030457
5 0.367500 0.961929 0.017857 0.050761
5 0.386786 0.888959 0.012143 0.034264
4 0.385357 0.948604 0.012143 0.031726
4 0.406786 0.872462 0.015000 0.031726
5 0.354643 0.847716 0.012143 0.043147
4 0.399643 0.767766 0.016429 0.040609
6 0.405000 0.812817 0.031429 0.079949
5 0.421429 0.813452 0.014286 0.043147
5 0.441429 0.750000 0.018571 0.043147
9 0.418214 0.705584 0.023571 0.058376
4 0.426786 0.743655 0.015000 0.043147
4 0.563214 0.084391 0.017857 0.031726
4 0.516786 0.071701 0.015000 0.039340
9 0.550000 0.169416 0.011429 0.044416
9 0.565714 0.454949 0.014286 0.059645
9 0.566786 0.551396 0.016429 0.059645
9 0.640000 0.755076 0.030000 0.050761
4 0.589643 0.729061 0.017857 0.034264
4 0.588214 0.621827 0.016429 0.032995
4 0.547500 0.506980 0.009286 0.039340
5 0.548214 0.618655 0.013571 0.044416
9 0.726786 0.880711 0.039286 0.065990
9 0.689643 0.788706 0.033571 0.057107
4 0.729286 0.784898 0.012857 0.036802
4 0.762143 0.622462 0.011429 0.031726
4 0.741071 0.614213 0.013571 0.032995
5 0.792143 0.569797 0.014286 0.040609
6 0.747143 0.805203 0.024286 0.085025
4 0.797857 0.454315 0.011429 0.032995
5 0.819643 0.324873 0.009286 0.030457
5 0.778214 0.442259 0.012143 0.031726
6 0.776071 0.359772 0.020714 0.064721
4 0.823214 0.026015 0.009286 0.024112
5 0.816429 0.180838 0.008571 0.026650
5 0.836786 0.197335 0.009286 0.031726
5 0.806429 0.138959 0.007143 0.029188
4 0.847500 0.007614 0.009286 0.015228
4 0.861429 0.044416 0.008571 0.022843
4 0.847857 0.079949 0.008571 0.027919
4 0.852500 0.208122 0.006429 0.025381
5 0.860000 0.128173 0.010000 0.032995
1 0.967857 0.327411 0.004286 0.007614
1 0.970714 0.307741 0.004286 0.008883
1 0.980000 0.361675 0.005714 0.007614
1 0.945357 0.394670 0.006429 0.010152
1 0.978929 0.289340 0.003571 0.007614
1 0.969286 0.289975 0.007143 0.011421
1 0.937143 0.395305 0.004286 0.011421
