2 0.527857 0.491429 0.007143 0.011429
1 0.527500 0.545238 0.005000 0.023810
2 0.490357 0.541429 0.005000 0.010476
2 0.481429 0.552381 0.005714 0.011429
2 0.497143 0.552857 0.007143 0.014286
2 0.498214 0.544762 0.006429 0.013333
2 0.502500 0.542857 0.005000 0.011429
2 0.495714 0.508095 0.005714 0.012381
2 0.500357 0.534286 0.005000 0.011429
2 0.519286 0.546190 0.005714 0.012381
0 0.508929 0.539524 0.006429 0.025714
3 0.520000 0.553810 0.005714 0.016190
3 0.497857 0.557619 0.011429 0.018095
3 0.482857 0.561429 0.015714 0.010476
3 0.503214 0.554762 0.007857 0.016190
3 0.528929 0.497143 0.007857 0.015238
3 0.496071 0.512857 0.009286 0.018095
1 0.483214 0.560000 0.007857 0.015238
1 0.533929 0.721905 0.005000 0.022857
1 0.531071 0.773810 0.005000 0.018095
1 0.530357 0.758095 0.006429 0.019048
1 0.521429 0.758571 0.005714 0.016190
1 0.519286 0.746190 0.004286 0.016190
1 0.523929 0.733333 0.005000 0.015238
1 0.524286 0.726190 0.004286 0.018095
1 0.527500 0.694762 0.006429 0.016190
1 0.491071 0.618571 0.005000 0.016190
1 0.485000 0.620952 0.005714 0.015238
10 0.909643 0.750952 0.022143 0.023810
10 0.821429 0.743333 0.021429 0.031429
10 0.772500 0.786667 0.017857 0.022857
10 0.743214 0.786190 0.009286 0.027619
10 0.888571 0.725714 0.025714 0.019048
