0 0.761786 0.705714 0.027857 0.032381
1 0.919286 0.754286 0.017143 0.011429
1 0.918214 0.800476 0.019286 0.010476
1 0.941071 0.785714 0.020714 0.011429
1 0.524286 0.322857 0.005714 0.011429
1 0.532857 0.355238 0.007143 0.017143
1 0.521071 0.399048 0.010714 0.009524
1 0.486071 0.386190 0.007857 0.014286
1 0.502857 0.352857 0.007143 0.016190
1 0.495714 0.319524 0.007143 0.012381
1 0.487500 0.348095 0.007857 0.012381
1 0.461071 0.428095 0.007857 0.014286
1 0.400714 0.386190 0.007143 0.010476
2 0.403214 0.400476 0.010714 0.014286
1 0.215714 0.683333 0.012857 0.008571
1 0.242143 0.694286 0.012857 0.009524
1 0.204286 0.652381 0.012857 0.007619
1 0.401071 0.167143 0.007857 0.018095
1 0.927500 0.258571 0.010714 0.020000
1 0.953929 0.250000 0.012143 0.008571
1 0.702857 0.252381 0.012857 0.015238
1 0.151429 0.216190 0.011429 0.017143
