4 0.532500 0.619048 0.062143 0.060952
4 0.525714 0.460000 0.055714 0.034286
4 0.606429 0.420000 0.055714 0.034286
4 0.626429 0.371429 0.048571 0.030476
4 0.588571 0.358095 0.048571 0.030476
4 0.082143 0.389048 0.034286 0.037143
4 0.050714 0.405238 0.037143 0.037143
4 0.022143 0.379524 0.031429 0.031429
4 0.021071 0.340000 0.035000 0.032381
4 0.056071 0.366667 0.030714 0.026667
4 0.684286 0.361429 0.042857 0.027619
4 0.747500 0.355714 0.045000 0.029524
4 0.824643 0.343333 0.045000 0.029524
4 0.877143 0.335714 0.042857 0.023810
4 0.970714 0.324762 0.047143 0.028571
4 0.933571 0.308571 0.040000 0.030476
4 0.872143 0.318571 0.045714 0.029524
4 0.820000 0.326667 0.044286 0.028571
4 0.772857 0.332381 0.042857 0.030476
4 0.708571 0.338095 0.044286 0.028571
4 0.646429 0.348571 0.041429 0.026667
4 0.792500 0.856190 0.097857 0.099048
4 0.819286 0.816667 0.100000 0.096190
4 0.954643 0.916190 0.085000 0.104762
4 0.945714 0.963810 0.090000 0.072381
4 0.747143 0.407143 0.040000 0.035238
5 0.982143 0.304762 0.035714 0.030476
10 0.792857 0.672857 0.032857 0.029524
10 0.713214 0.661429 0.030714 0.025714
10 0.851786 0.671905 0.030714 0.027619
10 0.835714 0.637619 0.025714 0.025714
10 0.880714 0.785238 0.035714 0.040952
2 0.720357 0.653333 0.013571 0.026667
2 0.794643 0.662857 0.016429 0.032381
2 0.841071 0.629048 0.016429 0.025714
2 0.855714 0.661905 0.012857 0.024762
2 0.861429 0.667143 0.015714 0.029524
2 0.886786 0.775714 0.019286 0.042857
0 0.052143 0.477619 0.020000 0.035238
0 0.517143 0.329524 0.014286 0.017143
4 0.220714 0.270952 0.035714 0.027619
4 0.182857 0.215238 0.035714 0.032381
