4 0.657143 0.861675 0.052857 0.063452
4 0.398214 0.859137 0.023571 0.083756
4 0.311786 0.883883 0.029286 0.087563
4 0.416071 0.346447 0.016429 0.048223
4 0.507500 0.286168 0.016429 0.057107
4 0.545714 0.465736 0.020000 0.058376
4 0.582857 0.562183 0.034286 0.055838
4 0.885357 0.533629 0.042143 0.039340
4 0.942857 0.527284 0.041429 0.036802
4 0.448929 0.949873 0.022143 0.097716
4 0.989286 0.506980 0.021429 0.036802
5 0.740000 0.567893 0.050000 0.049492
5 0.828571 0.549492 0.050000 0.045685
4 0.533929 0.682107 0.023571 0.082487
5 0.486071 0.855964 0.022143 0.100254
4 0.453571 0.010152 0.014286 0.017766
1 0.300714 0.371193 0.005714 0.021574
1 0.373929 0.104695 0.006429 0.019036
1 0.432857 0.105330 0.007143 0.017766
1 0.328929 0.227792 0.007857 0.021574
1 0.776071 0.644036 0.005000 0.019036
