6 0.629643 0.703810 0.025000 0.047619
6 0.416429 0.807619 0.024286 0.097143
6 0.706786 0.970952 0.029286 0.058095
6 0.406429 0.375714 0.018571 0.067619
6 0.397857 0.301905 0.011429 0.032381
6 0.389286 0.370476 0.012857 0.034286
6 0.346786 0.553333 0.017857 0.049524
4 0.388929 0.904762 0.022143 0.034286
4 0.409286 0.986190 0.030000 0.021905
4 0.394286 0.973810 0.020000 0.018095
4 0.267143 0.966190 0.024286 0.018095
4 0.350357 0.697619 0.010714 0.031429
4 0.227143 0.761905 0.024286 0.017143
4 0.261429 0.731429 0.010000 0.032381
5 0.330714 0.881429 0.030000 0.025714
5 0.363571 0.845238 0.025714 0.018095
5 0.267500 0.992381 0.025000 0.015238
0 0.312500 0.840000 0.006429 0.019048
4 0.365357 0.725714 0.010714 0.028571
4 0.431786 0.667143 0.012143 0.031429
5 0.250357 0.642381 0.027857 0.020000
4 0.353214 0.731905 0.010714 0.035238
4 0.460000 0.597143 0.018571 0.026667
4 0.423571 0.598095 0.011429 0.026667
4 0.436429 0.553810 0.012857 0.025714
4 0.310357 0.576190 0.017857 0.011429
4 0.330000 0.561429 0.018571 0.016190
4 0.306786 0.542381 0.020714 0.010476
4 0.413929 0.525238 0.010714 0.027619
4 0.405000 0.469524 0.010000 0.024762
4 0.306786 0.513333 0.017857 0.019048
4 0.308571 0.473333 0.008571 0.020952
4 0.303929 0.448571 0.007857 0.019048
4 0.309643 0.602381 0.020714 0.012381
6 0.305000 0.495714 0.021429 0.023810
5 0.270357 0.439048 0.010714 0.019048
4 0.262500 0.543333 0.016429 0.010476
4 0.396786 0.412857 0.009286 0.021905
4 0.390714 0.336190 0.007143 0.019048
4 0.391429 0.231905 0.005714 0.014286
4 0.394643 0.267143 0.007857 0.018095
6 0.325000 0.344762 0.024286 0.019048
6 0.332857 0.369524 0.024286 0.017143
4 0.292857 0.118571 0.012857 0.010476
4 0.292857 0.136190 0.012857 0.009524
4 0.273571 0.145714 0.007143 0.015238
4 0.259286 0.103810 0.005714 0.013333
4 0.377857 0.160000 0.007143 0.015238
4 0.297857 0.201905 0.008571 0.013333
4 0.262143 0.203333 0.017143 0.010476
4 0.296429 0.219048 0.011429 0.015238
6 0.298214 0.239524 0.016429 0.014286
6 0.286786 0.153810 0.015000 0.008571
6 0.287143 0.147619 0.014286 0.011429
4 0.617857 0.660952 0.015714 0.030476
4 0.665357 0.767143 0.015000 0.031429
9 0.517143 0.630952 0.044286 0.025714
0 0.479643 0.333810 0.052143 0.048571
1 0.526786 0.450952 0.003571 0.010476
1 0.504643 0.380476 0.003571 0.008571
4 0.197143 0.652381 0.022857 0.015238
0 0.366071 0.186667 0.003571 0.013333
0 0.263571 0.182381 0.012857 0.023810
4 0.269286 0.097619 0.005714 0.010476
0 0.479286 0.164286 0.031429 0.021905
4 0.606429 0.097143 0.011429 0.009524
5 0.603929 0.093333 0.010714 0.009524
4 0.747500 0.023333 0.007857 0.008571
0 0.131071 0.643333 0.030714 0.014286
