4 0.575418 0.017161 0.022443 0.034323
4 0.349687 0.295455 0.035491 0.108534
5 0.334812 0.413729 0.037056 0.109462
5 0.470511 0.489332 0.031837 0.128942
5 0.314457 0.562152 0.041232 0.116883
5 0.304019 0.694805 0.040188 0.113173
5 0.273747 0.924397 0.055846 0.132653
4 0.441284 0.822820 0.040188 0.157699
7 0.516180 0.653525 0.024008 0.051020
10 0.606733 0.980519 0.036013 0.027829
10 0.676409 0.577922 0.029228 0.020408
10 0.718946 0.519944 0.022443 0.023191
3 0.739562 0.552876 0.022965 0.020408
1 0.717902 0.557050 0.014092 0.025046
