4 0.017500 0.798095 0.035000 0.099048
4 0.056071 0.794286 0.042143 0.102857
4 0.095000 0.792857 0.038571 0.100000
4 0.126429 0.801905 0.028571 0.093333
5 0.158571 0.800476 0.035714 0.086667
4 0.197857 0.789048 0.035714 0.100000
4 0.230714 0.788571 0.034286 0.100952
4 0.347143 0.759048 0.038571 0.095238
5 0.031071 0.640952 0.062143 0.047619
4 0.077857 0.586667 0.071429 0.047619
4 0.423214 0.558571 0.070714 0.048571
4 0.503929 0.548571 0.072143 0.047619
0 0.268571 0.595238 0.214286 0.131429
4 0.642143 0.741905 0.040000 0.093333
4 0.720714 0.723810 0.035714 0.099048
4 0.759286 0.722857 0.034286 0.087619
4 0.795000 0.727143 0.034286 0.094286
4 0.835000 0.721905 0.041429 0.091429
4 0.874286 0.715714 0.038571 0.098095
4 0.910714 0.709048 0.034286 0.096190
4 0.945357 0.706190 0.042143 0.100000
6 0.596786 0.537619 0.097857 0.063810
5 0.662143 0.580952 0.070000 0.040000
4 0.713929 0.536667 0.066429 0.042857
5 0.810714 0.570000 0.064286 0.046667
4 0.806786 0.528095 0.072143 0.042857
4 0.876786 0.500476 0.042143 0.090476
10 0.952500 0.447619 0.017857 0.043810
4 0.742857 0.053333 0.057143 0.038095
5 0.812857 0.048571 0.057143 0.041905
4 0.883929 0.055238 0.056429 0.038095
