4 0.041071 0.238571 0.082143 0.084762
4 0.044286 0.164286 0.088571 0.069524
4 0.211429 0.034286 0.065714 0.068571
4 0.233571 0.109524 0.071429 0.114286
4 0.316786 0.140952 0.070714 0.106667
4 0.424643 0.074762 0.069286 0.088571
4 0.124643 0.362381 0.080714 0.159048
4 0.352500 0.258095 0.082143 0.129524
4 0.297857 0.381905 0.085714 0.177143
4 0.406786 0.438095 0.099286 0.167619
4 0.350714 0.635714 0.108571 0.227619
4 0.142143 0.633810 0.098571 0.220000
4 0.417857 0.909524 0.124286 0.180952
4 0.510714 0.760952 0.131429 0.251429
1 0.678929 0.786190 0.027857 0.065714
4 0.707857 0.679524 0.150000 0.240952
1 0.521429 0.463810 0.018571 0.057143
5 0.608571 0.446190 0.107143 0.147619
4 0.518571 0.266667 0.091429 0.146667
4 0.467500 0.160952 0.073571 0.095238
4 0.153571 0.941905 0.124286 0.116190
