4 0.107500 0.063810 0.205000 0.127619
4 0.171429 0.191429 0.211429 0.148571
4 0.389286 0.091429 0.165714 0.123810
1 0.360000 0.417143 0.045714 0.085714
1 0.390357 0.560476 0.033571 0.082857
1 0.582500 0.533333 0.046429 0.074286
1 0.672143 0.320000 0.034286 0.081905
1 0.786429 0.299048 0.042857 0.093333
1 0.614643 0.367619 0.030714 0.059048
2 0.507500 0.530476 0.056429 0.066667
2 0.868214 0.279524 0.047857 0.061905
2 0.935357 0.309524 0.047857 0.060952
3 0.404643 0.651905 0.106429 0.090476
4 0.332500 0.034762 0.173571 0.067619
