1 0.772143 0.690000 0.050000 0.079048
1 0.720000 0.760000 0.048571 0.068571
1 0.587857 0.641905 0.037143 0.059048
1 0.495714 0.619048 0.045714 0.059048
1 0.420714 0.761905 0.047143 0.074286
1 0.399286 0.845238 0.050000 0.065714
1 0.614286 0.508095 0.028571 0.063810
1 0.578929 0.501905 0.033571 0.083810
1 0.517143 0.472381 0.035714 0.078095
1 0.473929 0.430476 0.032143 0.059048
4 0.425714 0.515714 0.185714 0.180000
4 0.858214 0.877619 0.192143 0.244762
1 0.308571 0.323810 0.035714 0.083810
1 0.223571 0.319524 0.047143 0.084762
1 0.347857 0.074286 0.030000 0.078095
1 0.303929 0.096667 0.032143 0.077143
3 0.153571 0.310476 0.037143 0.093333
4 0.272857 0.063333 0.084286 0.124762
3 0.198214 0.038571 0.035000 0.063810
4 0.471429 0.030000 0.141429 0.060000
