4 0.481786 0.039975 0.010714 0.039340
1 0.428571 0.013325 0.004286 0.013959
1 0.415357 0.133883 0.003571 0.016497
1 0.403214 0.189721 0.003571 0.013959
1 0.261429 0.901650 0.005714 0.008883
1 0.267500 0.834391 0.005000 0.008883
1 0.256071 0.875000 0.005000 0.006345
1 0.273571 0.807741 0.005714 0.011421
1 0.298214 0.690990 0.005000 0.013959
1 0.316786 0.608503 0.005000 0.019036
1 0.307500 0.599619 0.005000 0.016497
1 0.346071 0.607234 0.006429 0.016497
1 0.329286 0.582487 0.004286 0.010152
1 0.325357 0.583756 0.005000 0.012690
1 0.400357 0.401015 0.003571 0.010152
1 0.398214 0.401650 0.005000 0.013959
1 0.368929 0.381980 0.005000 0.010152
1 0.374286 0.333756 0.004286 0.015228
1 0.386786 0.271574 0.003571 0.015228
1 0.386429 0.248731 0.004286 0.015228
1 0.420000 0.286802 0.004286 0.015228
1 0.420000 0.277919 0.004286 0.012690
5 0.463929 0.208756 0.015000 0.044416
6 0.435000 0.233503 0.025714 0.076142
5 0.440714 0.368020 0.018571 0.050761
5 0.507857 0.243655 0.014286 0.050761
4 0.532857 0.216371 0.014286 0.044416
4 0.518571 0.312183 0.014286 0.048223
4 0.521071 0.157995 0.015000 0.041878
4 0.414286 0.366751 0.018571 0.043147
4 0.486429 0.400381 0.017143 0.054569
4 0.499643 0.457487 0.016429 0.049492
4 0.443214 0.902919 0.022143 0.074873
6 0.470714 0.678299 0.028571 0.102792
5 0.462857 0.571701 0.017143 0.069797
9 0.415357 0.636421 0.030714 0.102792
