1 0.087143 0.182741 0.010000 0.025381
9 0.106429 0.392766 0.147143 0.222081
9 0.235714 0.208756 0.081429 0.125635
9 0.326071 0.078680 0.066429 0.106599
1 0.143214 0.270939 0.009286 0.031726
1 0.151429 0.276015 0.012857 0.029188
1 0.231429 0.480964 0.011429 0.035533
1 0.288929 0.397843 0.009286 0.036802
1 0.360000 0.281091 0.005714 0.031726
1 0.393929 0.242386 0.007857 0.040609
1 0.169643 0.969543 0.010714 0.025381
1 0.213929 0.843909 0.013571 0.030457
1 0.306786 0.756345 0.007857 0.032995
10 0.287500 0.532995 0.016429 0.038071
1 0.320357 0.718274 0.012143 0.027919
1 0.338214 0.730964 0.007857 0.025381
1 0.442857 0.831218 0.010000 0.022843
1 0.402857 0.744924 0.011429 0.027919
1 0.406786 0.737310 0.010714 0.025381
5 0.687500 0.945431 0.066429 0.106599
9 0.792857 0.782360 0.161429 0.250000
9 0.904643 0.576777 0.092143 0.189086
4 0.990714 0.484772 0.018571 0.076142
5 0.943214 0.495558 0.033571 0.064721
1 0.929286 0.454315 0.012857 0.025381
1 0.921429 0.361041 0.010000 0.024112
1 0.926786 0.365482 0.009286 0.022843
1 0.840714 0.447970 0.008571 0.025381
1 0.875357 0.414340 0.009286 0.024112
1 0.879286 0.424492 0.008571 0.021574
1 0.885714 0.408629 0.010000 0.020305
1 0.888571 0.414340 0.008571 0.024112
2 0.512143 0.567893 0.014286 0.024112
10 0.487143 0.675761 0.018571 0.044416
10 0.466786 0.637056 0.015000 0.038071
10 0.400357 0.670051 0.016429 0.032995
10 0.424643 0.644036 0.019286 0.041878
1 0.377857 0.585660 0.007143 0.024112
1 0.038929 0.881345 0.022143 0.034264
1 0.060357 0.805838 0.017857 0.030457
1 0.166071 0.658629 0.010714 0.032995
1 0.316786 0.036168 0.009286 0.026650
1 0.339286 0.010787 0.005714 0.021574
1 0.334286 0.009518 0.005714 0.019036
10 0.380357 0.682107 0.022143 0.046954
10 0.389643 0.673858 0.016429 0.050761
