1 0.171786 0.968274 0.020714 0.027919
1 0.167857 0.953680 0.020000 0.021574
1 0.294286 0.723350 0.015714 0.035533
1 0.318929 0.723350 0.020714 0.027919
1 0.322857 0.689721 0.014286 0.024112
1 0.310000 0.642132 0.011429 0.030457
1 0.367500 0.684645 0.016429 0.029188
1 0.345714 0.601523 0.011429 0.030457
1 0.471786 0.593909 0.010714 0.025381
1 0.555000 0.607868 0.010000 0.022843
1 0.579286 0.652284 0.014286 0.025381
1 0.599286 0.678299 0.014286 0.034264
1 0.607143 0.655457 0.015714 0.031726
1 0.642857 0.680838 0.015714 0.029188
1 0.633929 0.645939 0.010714 0.025381
1 0.645000 0.648477 0.008571 0.025381
1 0.661429 0.663071 0.015714 0.036802
1 0.670000 0.682107 0.012857 0.031726
1 0.262143 0.479061 0.012857 0.034264
1 0.281786 0.469543 0.012143 0.038071
1 0.442143 0.177030 0.008571 0.036802
