1 0.252500 0.539667 0.025000 0.050000
1 0.245750 0.485667 0.022500 0.056667
2 0.183000 0.506667 0.022000 0.026667
2 0.179750 0.500333 0.017500 0.020667
2 0.168500 0.518667 0.016000 0.021333
2 0.154000 0.520333 0.017000 0.031333
1 0.241500 0.455000 0.020000 0.047333
1 0.239000 0.444667 0.021000 0.036000
1 0.264000 0.486667 0.012000 0.029333
1 0.294250 0.451000 0.017500 0.031333
2 0.281750 0.465333 0.010500 0.020000
1 0.194500 0.437333 0.022000 0.042667
1 0.201250 0.405000 0.025500 0.051333
1 0.191500 0.407000 0.013000 0.018000
2 0.273000 0.444000 0.024000 0.028000
1 0.347750 0.461667 0.017500 0.050000
2 0.347750 0.451333 0.012500 0.018667
1 0.366500 0.460000 0.011000 0.045333
2 0.366750 0.444000 0.008500 0.017333
1 0.354000 0.445000 0.014000 0.046000
2 0.357250 0.434000 0.007500 0.030667
3 0.269000 0.219667 0.024000 0.035333
3 0.280500 0.215333 0.025000 0.042667
3 0.402250 0.240000 0.034500 0.033333
3 0.494500 0.211333 0.031000 0.033333
1 0.893250 0.217000 0.022500 0.044667
