5 0.036786 0.209391 0.063571 0.091371
5 0.095714 0.256980 0.072857 0.090102
5 0.159643 0.307107 0.072143 0.093909
4 0.226786 0.361675 0.073571 0.088832
5 0.295714 0.408629 0.088571 0.121827
1 0.061071 0.166244 0.012143 0.038071
5 0.396429 0.103426 0.065714 0.110406
5 0.413214 0.033629 0.053571 0.067259
5 0.723214 0.017132 0.069286 0.031726
10 0.372500 0.477792 0.029286 0.072335
10 0.350357 0.462563 0.033571 0.069797
10 0.381429 0.490482 0.024286 0.054569
10 0.396429 0.488579 0.035714 0.081218
10 0.408929 0.496193 0.032143 0.078680
10 0.418571 0.519036 0.022857 0.053299
10 0.433929 0.527284 0.025000 0.052030
10 0.446071 0.531726 0.027857 0.073604
10 0.483929 0.569162 0.027857 0.077411
10 0.497143 0.572970 0.022857 0.074873
10 0.459286 0.538706 0.032857 0.082487
10 0.469643 0.560279 0.029286 0.077411
10 0.508929 0.583122 0.025000 0.079949
10 0.521071 0.600888 0.029286 0.074873
10 0.538929 0.603426 0.033571 0.087563
10 0.548571 0.628173 0.027143 0.073604
10 0.587143 0.646574 0.031429 0.095178
10 0.603571 0.654188 0.034286 0.077411
10 0.620000 0.674492 0.037143 0.082487
9 0.761071 0.794416 0.212143 0.266497
1 0.849643 0.718909 0.019286 0.054569
1 0.916786 0.447335 0.013571 0.031726
10 0.841071 0.015863 0.012143 0.029188
10 0.827500 0.018401 0.013571 0.036802
10 0.816429 0.020939 0.015714 0.034264
10 0.806429 0.015863 0.015714 0.031726
10 0.792857 0.013959 0.014286 0.027919
4 0.726786 0.085660 0.037857 0.052030
4 0.703571 0.065355 0.038571 0.052030
5 0.680357 0.103426 0.040714 0.064721
5 0.623214 0.065355 0.037857 0.074873
5 0.591071 0.020939 0.042143 0.041878
4 0.620357 0.026015 0.035000 0.046954
4 0.650000 0.039340 0.034286 0.050761
4 0.673571 0.052665 0.034286 0.046954
4 0.647857 0.093274 0.034286 0.049492
1 0.152143 0.734137 0.017143 0.044416
1 0.015000 0.931472 0.030000 0.048223
1 0.282143 0.879442 0.015714 0.053299
