5 0.670357 0.538071 0.036429 0.126904
5 0.703571 0.542513 0.040000 0.135787
5 0.738214 0.541878 0.039286 0.134518
5 0.773571 0.539340 0.042857 0.129442
5 0.811429 0.545051 0.038571 0.135787
5 0.490714 0.906726 0.032857 0.158629
5 0.433571 0.236041 0.031429 0.124365
5 0.813214 0.917513 0.045000 0.162437
5 0.531071 0.911168 0.037857 0.159898
5 0.448571 0.921320 0.037143 0.149746
5 0.407143 0.914340 0.041429 0.153553
5 0.613929 0.920685 0.035000 0.130711
5 0.237857 0.973350 0.090000 0.050761
9 0.504286 0.101523 0.040000 0.203046
9 0.551429 0.103426 0.034286 0.206853
9 0.672143 0.104695 0.052857 0.209391
9 0.711786 0.107868 0.055000 0.215736
9 0.883929 0.097716 0.076429 0.195431
4 0.415357 0.770939 0.036429 0.133249
4 0.530357 0.769036 0.035000 0.126904
4 0.528214 0.536802 0.030714 0.124365
4 0.424286 0.543147 0.028571 0.129442
4 0.495000 0.431472 0.028571 0.098985
4 0.561786 0.434645 0.029286 0.097716
4 0.423571 0.434645 0.028571 0.092640
4 0.746429 0.260787 0.031429 0.115482
4 0.773929 0.930203 0.047857 0.137056
4 0.570714 0.921954 0.035714 0.135787
4 0.151429 0.978426 0.090000 0.040609
4 0.262857 0.850888 0.078571 0.072335
4 0.176786 0.850888 0.083571 0.077411
4 0.184643 0.781091 0.085000 0.064721
4 0.274643 0.781726 0.072143 0.055838
4 0.277500 0.610406 0.070714 0.068528
4 0.285714 0.538071 0.071429 0.076142
4 0.236429 0.482234 0.071429 0.063452
4 0.190714 0.713832 0.081429 0.062183
4 0.203929 0.652284 0.082143 0.058376
4 0.191071 0.586294 0.070714 0.055838
4 0.114643 0.700508 0.036429 0.137056
4 0.067857 0.704949 0.040000 0.128173
4 0.031071 0.713832 0.033571 0.125635
4 0.032857 0.589467 0.050000 0.105330
6 0.211786 0.403553 0.135000 0.093909
6 0.223929 0.345812 0.112143 0.082487
6 0.227500 0.288706 0.099286 0.082487
6 0.233571 0.241117 0.117143 0.091371
6 0.256071 0.147843 0.119286 0.082487
6 0.264286 0.092640 0.117143 0.083756
6 0.284286 0.053934 0.134286 0.087563
9 0.247500 0.197335 0.099286 0.064721
4 0.942500 0.209391 0.046429 0.086294
5 0.970000 0.343909 0.060000 0.164975
4 0.919286 0.102157 0.034286 0.072335
