4 0.490357 0.608095 0.039286 0.060000
4 0.593571 0.808571 0.057143 0.095238
4 0.117500 0.964762 0.117857 0.064762
4 0.551786 0.471905 0.023571 0.035238
1 0.296786 0.553810 0.009286 0.027619
1 0.233214 0.647143 0.013571 0.031429
1 0.306071 0.649048 0.005000 0.025714
1 0.171071 0.634762 0.007857 0.027619
1 0.175000 0.628571 0.007143 0.028571
1 0.239286 0.643333 0.007143 0.027619
1 0.310000 0.647143 0.005714 0.025714
10 0.217143 0.757619 0.041429 0.035238
2 0.211429 0.750000 0.014286 0.020000
10 0.397857 0.558095 0.014286 0.030476
10 0.497857 0.360000 0.011429 0.011429
10 0.941429 0.890000 0.041429 0.031429
2 0.400357 0.549524 0.007857 0.013333
4 0.551071 0.313810 0.016429 0.018095
4 0.578571 0.268571 0.014286 0.015238
4 0.570000 0.281905 0.012857 0.015238
4 0.634286 0.276190 0.014286 0.015238
4 0.664643 0.217143 0.010714 0.011429
4 0.656786 0.235238 0.012143 0.013333
4 0.662500 0.193810 0.010714 0.010476
4 0.682143 0.174762 0.007143 0.008571
4 0.711429 0.122857 0.004286 0.005714
4 0.699286 0.123333 0.004286 0.006667
4 0.731071 0.256667 0.009286 0.014286
1 0.552857 0.261429 0.002857 0.010476
1 0.556071 0.258571 0.002143 0.010476
1 0.560000 0.257619 0.002857 0.010476
4 0.542143 0.423333 0.025714 0.033333
4 0.637143 0.187619 0.008571 0.011429
4 0.645714 0.171905 0.008571 0.012381
4 0.621786 0.209524 0.007857 0.007619
4 0.702857 0.144762 0.005714 0.007619
4 0.696071 0.141429 0.005000 0.008571
4 0.657143 0.158571 0.007143 0.006667
4 0.666071 0.145238 0.005000 0.004762
4 0.673214 0.138095 0.005000 0.005714
4 0.674643 0.133810 0.005000 0.004762
4 0.681071 0.124762 0.003571 0.003810
4 0.604643 0.218571 0.007857 0.008571
1 0.727500 0.741905 0.009286 0.036190
1 0.734643 0.725238 0.009286 0.031429
1 0.727857 0.149048 0.002857 0.006667
10 0.724286 0.148571 0.002857 0.007619
2 0.724643 0.146667 0.002143 0.001905
2 0.945714 0.874762 0.011429 0.016190
4 0.858571 0.346667 0.018571 0.019048
4 0.886071 0.317143 0.015000 0.017143
4 0.879643 0.305714 0.015000 0.015238
4 0.855714 0.332381 0.015714 0.015238
4 0.837500 0.295238 0.015000 0.017143
