6 0.063214 0.464286 0.063571 0.042857
6 0.178929 0.587143 0.062143 0.020000
6 0.099643 0.738095 0.057857 0.038095
6 0.121429 0.847619 0.088571 0.123810
5 0.151071 0.422857 0.017857 0.030476
4 0.240000 0.494762 0.011429 0.031429
4 0.250714 0.496667 0.012857 0.029524
4 0.263929 0.495238 0.010714 0.028571
4 0.276429 0.492857 0.011429 0.027619
4 0.287857 0.494762 0.012857 0.029524
4 0.302143 0.491429 0.010000 0.026667
4 0.314643 0.489048 0.012143 0.029524
4 0.326071 0.489524 0.010714 0.026667
4 0.095357 0.918095 0.020714 0.024762
4 0.190714 0.849048 0.018571 0.027619
4 0.217500 0.847619 0.012143 0.028571
4 0.480714 0.246667 0.021429 0.026667
4 0.494286 0.289048 0.014286 0.027619
4 0.561429 0.483333 0.020000 0.012381
4 0.561429 0.498095 0.020000 0.013333
4 0.563214 0.515714 0.019286 0.016190
4 0.563929 0.536667 0.022143 0.014286
4 0.562500 0.551429 0.022143 0.015238
4 0.567143 0.571429 0.022857 0.015238
4 0.567857 0.584286 0.022857 0.016190
4 0.568929 0.604762 0.022143 0.017143
5 0.570714 0.621905 0.018571 0.013333
4 0.581071 0.772381 0.022143 0.017143
5 0.579286 0.787619 0.018571 0.017143
4 0.584286 0.812857 0.022857 0.016190
4 0.583929 0.832381 0.017857 0.015238
4 0.585357 0.851429 0.020714 0.015238
4 0.587500 0.872381 0.022143 0.017143
4 0.591071 0.891429 0.022143 0.019048
4 0.589643 0.908571 0.019286 0.020952
9 0.529643 0.839524 0.016429 0.058095
10 0.378571 0.127143 0.004286 0.016190
10 0.381429 0.200476 0.004286 0.010476
10 0.393929 0.268571 0.010714 0.011429
10 0.511786 0.431905 0.005000 0.014286
1 0.539643 0.978095 0.005000 0.009524
1 0.540000 0.985714 0.004286 0.009524
1 0.543929 0.974286 0.006429 0.009524
1 0.546429 0.981429 0.004286 0.008571
1 0.545714 0.929524 0.002857 0.009524
1 0.546429 0.921429 0.002857 0.006667
1 0.543571 0.822857 0.004286 0.009524
1 0.544643 0.903333 0.003571 0.006667
1 0.545357 0.914286 0.003571 0.005714
1 0.546786 0.827619 0.003571 0.007619
1 0.601786 0.725238 0.005000 0.008571
0 0.600714 0.549524 0.017143 0.182857
0 0.588929 0.349524 0.027857 0.100952
0 0.568571 0.107143 0.035714 0.189524
4 0.640000 0.386667 0.024286 0.015238
