4 0.426071 0.862381 0.139286 0.117143
4 0.449643 0.765238 0.126429 0.107619
4 0.502857 0.601905 0.104286 0.080000
4 0.507857 0.525238 0.117143 0.092381
4 0.540000 0.369524 0.101429 0.085714
5 0.548929 0.310476 0.079286 0.062857
4 0.567857 0.271905 0.084286 0.069524
1 0.206071 0.760000 0.029286 0.034286
1 0.228929 0.739524 0.032143 0.039048
0 0.255357 0.594286 0.030714 0.066667
0 0.335714 0.638095 0.020000 0.030476
4 0.814286 0.502381 0.060000 0.160952
4 0.748929 0.431429 0.047857 0.144762
4 0.978571 0.319048 0.042857 0.129524
4 0.976786 0.136667 0.046429 0.079048
4 0.898929 0.043810 0.059286 0.087619
