1 0.320000 0.485333 0.021000 0.064000
3 0.180500 0.389000 0.016000 0.042000
3 0.190750 0.389667 0.026500 0.026000
3 0.203750 0.388000 0.031500 0.024000
3 0.239500 0.374667 0.015000 0.033333
10 0.315750 0.264667 0.020500 0.024000
10 0.335750 0.215667 0.018500 0.022000
3 0.330500 0.230333 0.018000 0.019333
5 0.377250 0.275333 0.026500 0.045333
4 0.419750 0.275000 0.028500 0.038000
4 0.645750 0.501667 0.087500 0.108667
4 0.750250 0.424000 0.110500 0.073333
4 0.967500 0.344000 0.052000 0.053333
3 0.936000 0.286333 0.020000 0.023333
3 0.902750 0.296667 0.019500 0.029333
10 0.875250 0.262000 0.019500 0.022667
3 0.866750 0.260000 0.018500 0.020000
3 0.857000 0.256333 0.019000 0.022000
4 0.481500 0.204333 0.021000 0.026000
4 0.419750 0.229000 0.024500 0.031333
4 0.409750 0.216000 0.023500 0.029333
4 0.412000 0.198667 0.023000 0.026667
2 0.443750 0.205333 0.009500 0.021333
10 0.443000 0.211000 0.010000 0.022000
4 0.461000 0.156333 0.016000 0.019333
2 0.441750 0.172333 0.005500 0.015333
2 0.425000 0.170667 0.006000 0.016000
3 0.425000 0.174667 0.005000 0.016000
10 0.441500 0.176667 0.006000 0.014667
0 0.308500 0.083667 0.022000 0.015333
2 0.400750 0.186333 0.007500 0.019333
10 0.400500 0.188333 0.007000 0.015333
4 0.402000 0.169667 0.016000 0.019333
4 0.400500 0.161667 0.015000 0.015333
4 0.400000 0.155667 0.015000 0.015333
4 0.398250 0.150333 0.014500 0.016667
4 0.395750 0.132667 0.011500 0.013333
4 0.389250 0.127333 0.022500 0.013333
4 0.387000 0.122333 0.025000 0.012667
5 0.392500 0.113333 0.009000 0.012000
1 0.387250 0.115667 0.003500 0.010000
1 0.379250 0.114667 0.003500 0.012000
1 0.382000 0.115333 0.003000 0.010667
1 0.384000 0.114000 0.003000 0.012000
4 0.397000 0.119000 0.010000 0.011333
4 0.787250 0.242333 0.040500 0.030000
4 0.746750 0.219667 0.037500 0.028667
4 0.723000 0.193333 0.027000 0.025333
4 0.683000 0.189667 0.029000 0.020667
4 0.663750 0.179667 0.025500 0.019333
10 0.664000 0.164333 0.009000 0.015333
4 0.628750 0.178333 0.023500 0.020667
4 0.645750 0.171667 0.023500 0.019333
4 0.621000 0.168000 0.022000 0.021333
5 0.631000 0.162333 0.023000 0.019333
3 0.625250 0.151333 0.010500 0.008000
2 0.631500 0.146333 0.005000 0.008667
1 0.601250 0.141667 0.005500 0.016667
3 0.597750 0.147333 0.008500 0.009333
4 0.614000 0.158000 0.019000 0.016000
4 0.607500 0.152333 0.019000 0.016667
4 0.587500 0.142000 0.019000 0.016000
4 0.579000 0.136333 0.017000 0.018000
4 0.529000 0.134000 0.014000 0.016000
1 0.554250 0.127000 0.004500 0.012667
1 0.577750 0.123333 0.002500 0.013333
4 0.565750 0.124667 0.018500 0.014667
4 0.535000 0.114000 0.016000 0.010667
4 0.540750 0.117000 0.015500 0.011333
4 0.525500 0.110000 0.010000 0.010667
6 0.507250 0.114667 0.013500 0.022667
4 0.492250 0.104000 0.017500 0.009333
6 0.472250 0.094000 0.010500 0.017333
4 0.464750 0.092000 0.008500 0.010667
0 0.376000 0.093667 0.013000 0.014000
0 0.386750 0.062667 0.005500 0.013333
0 0.389250 0.052667 0.005500 0.008000
0 0.378250 0.065333 0.006500 0.006667
0 0.378000 0.056000 0.003000 0.005333
0 0.393250 0.067333 0.001500 0.004000
6 0.395250 0.060000 0.004500 0.008000
4 0.405000 0.072667 0.005000 0.005333
5 0.400000 0.068333 0.004000 0.006000
4 0.401500 0.067000 0.004000 0.004667
4 0.402750 0.062333 0.003500 0.004667
4 0.399000 0.059667 0.003000 0.003333
4 0.402500 0.054667 0.003000 0.004000
0 0.419000 0.054333 0.006000 0.004667
4 0.440000 0.071333 0.005000 0.005333
4 0.430750 0.069000 0.003500 0.006000
5 0.426750 0.061667 0.003500 0.006000
1 0.437250 0.065000 0.001500 0.004667
2 0.443750 0.067667 0.001500 0.003333
3 0.443750 0.068333 0.001500 0.003333
