1 0.129000 0.954667 0.044000 0.050667
1 0.100250 0.892667 0.050500 0.072000
1 0.707000 0.761667 0.033000 0.068667
1 0.819500 0.651000 0.031000 0.051333
1 0.735250 0.321000 0.020500 0.055333
2 0.622500 0.402000 0.011000 0.024000
1 0.620250 0.414667 0.014500 0.050667
2 0.625250 0.389667 0.007500 0.024667
2 0.617250 0.380000 0.018500 0.036000
1 0.630250 0.296667 0.014500 0.056000
1 0.660000 0.259000 0.017000 0.052667
2 0.656000 0.203333 0.017000 0.042667
10 0.655000 0.214667 0.020000 0.044000
4 0.841250 0.078000 0.090500 0.058667
10 0.804750 0.016333 0.016500 0.032667
10 0.828250 0.016333 0.017500 0.032667
10 0.845500 0.021333 0.024000 0.040000
1 0.655250 0.016333 0.012500 0.032667
5 0.039000 0.106667 0.058000 0.082667
4 0.151250 0.092000 0.044500 0.073333
4 0.043500 0.026000 0.077000 0.052000
4 0.133750 0.021667 0.097500 0.043333
5 0.217750 0.070667 0.038500 0.073333
4 0.247250 0.011667 0.081500 0.023333
5 0.273000 0.065667 0.046000 0.112667
1 0.360750 0.126000 0.014500 0.046667
4 0.332000 0.059000 0.048000 0.084667
4 0.432000 0.042000 0.047000 0.080000
5 0.381250 0.044667 0.047500 0.073333
5 0.477000 0.039000 0.043000 0.078000
