4 0.290714 0.031905 0.047143 0.056190
1 0.275357 0.010952 0.007857 0.021905
1 0.281786 0.069524 0.015000 0.043810
1 0.247500 0.053810 0.015000 0.044762
1 0.263214 0.100476 0.013571 0.052381
1 0.182500 0.070952 0.022143 0.048571
1 0.222857 0.087143 0.018571 0.044762
1 0.205714 0.078095 0.014286 0.049524
1 0.200714 0.099048 0.017143 0.045714
1 0.193571 0.129048 0.018571 0.044762
1 0.155714 0.166667 0.018571 0.047619
1 0.213214 0.102857 0.016429 0.043810
1 0.232857 0.117619 0.015714 0.040952
1 0.235714 0.129524 0.018571 0.043810
10 0.218214 0.119524 0.017857 0.035238
2 0.217143 0.151429 0.021429 0.026667
2 0.258929 0.147619 0.019286 0.028571
1 0.292143 0.155714 0.020000 0.042857
1 0.284286 0.140000 0.011429 0.038095
2 0.278214 0.152381 0.013571 0.028571
1 0.284286 0.166667 0.015714 0.036190
1 0.341786 0.191905 0.020714 0.056190
1 0.268929 0.194286 0.019286 0.051429
1 0.275714 0.188095 0.018571 0.048571
1 0.271071 0.170952 0.013571 0.044762
2 0.298571 0.185238 0.014286 0.025714
2 0.311786 0.192381 0.013571 0.028571
1 0.159643 0.211905 0.020714 0.052381
1 0.139643 0.296190 0.023571 0.047619
1 0.046786 0.365238 0.033571 0.058095
1 0.100357 0.349048 0.026429 0.050476
1 0.018571 0.583333 0.037143 0.054286
8 0.036429 0.548571 0.072857 0.182857
8 0.066071 0.582857 0.103571 0.106667
1 0.021786 0.670000 0.036429 0.050476
1 0.091786 0.618095 0.042143 0.047619
1 0.089643 0.595714 0.042143 0.050476
8 0.088214 0.731429 0.175000 0.194286
8 0.362500 0.810952 0.163571 0.229524
1 0.232857 0.885714 0.042857 0.066667
8 0.629286 0.880476 0.160000 0.160952
2 0.677857 0.801429 0.025714 0.052381
1 0.742857 0.970952 0.030000 0.056190
10 0.829643 0.933810 0.089286 0.088571
10 0.511071 0.690476 0.026429 0.095238
1 0.615714 0.551905 0.024286 0.054286
1 0.485357 0.571429 0.022143 0.043810
4 0.662500 0.446190 0.136429 0.090476
10 0.558929 0.168571 0.017857 0.055238
1 0.502500 0.306190 0.023571 0.052381
1 0.881071 0.271905 0.022143 0.052381
1 0.200000 0.457619 0.032857 0.056190
2 0.250000 0.520476 0.024286 0.035238
2 0.181786 0.438095 0.020714 0.036190
8 0.145000 0.423810 0.064286 0.053333
8 0.319286 0.120476 0.040000 0.044762
