10 0.516500 0.955667 0.034000 0.047333
1 0.462000 0.837667 0.020000 0.034000
1 0.555750 0.777000 0.014500 0.035333
1 0.463250 0.930667 0.015500 0.042667
1 0.448500 0.928333 0.016000 0.040667
3 0.438500 0.793667 0.038000 0.032667
1 0.440750 0.789667 0.013500 0.044667
3 0.521250 0.756000 0.018500 0.062667
2 0.520750 0.760667 0.016500 0.028000
3 0.386000 0.824667 0.038000 0.024000
3 0.460750 0.716667 0.023500 0.046667
2 0.461750 0.719667 0.021500 0.030000
10 0.416500 0.726333 0.019000 0.051333
2 0.419000 0.730667 0.023000 0.038667
1 0.557250 0.682667 0.015500 0.034667
1 0.582750 0.682667 0.018500 0.021333
10 0.529000 0.667000 0.021000 0.050000
2 0.529750 0.669333 0.019500 0.025333
10 0.620000 0.842333 0.034000 0.034000
2 0.622500 0.848333 0.020000 0.027333
1 0.648750 0.794667 0.022500 0.034667
10 0.640250 0.754667 0.017500 0.057333
1 0.624750 0.755667 0.016500 0.031333
3 0.610000 0.755000 0.019000 0.046000
2 0.651500 0.699667 0.021000 0.027333
1 0.662000 0.765667 0.019000 0.026000
1 0.659250 0.733000 0.019500 0.028667
1 0.593750 0.601667 0.017500 0.019333
3 0.384500 0.705000 0.036000 0.026000
1 0.384750 0.719333 0.015500 0.025333
10 0.559500 0.565667 0.023000 0.054000
1 0.562750 0.565000 0.017500 0.031333
4 0.441500 0.578000 0.077000 0.165333
1 0.756750 0.969333 0.022500 0.041333
1 0.920000 0.944333 0.040000 0.039333
1 0.950250 0.961333 0.030500 0.038667
1 0.922750 0.908333 0.038500 0.040667
1 0.889750 0.841333 0.034500 0.032000
1 0.889500 0.822667 0.041000 0.034667
10 0.958500 0.916333 0.050000 0.027333
2 0.962750 0.915333 0.034500 0.042667
1 0.949250 0.886333 0.042500 0.036667
1 0.945750 0.856667 0.035500 0.038667
1 0.958500 0.802333 0.043000 0.028667
2 0.963500 0.805000 0.023000 0.018000
1 0.967750 0.760000 0.039500 0.024000
1 0.977250 0.731667 0.036500 0.026000
1 0.984750 0.889667 0.030500 0.039333
1 0.986000 0.857333 0.028000 0.030667
1 0.599250 0.424000 0.013500 0.018667
1 0.600000 0.382000 0.012000 0.021333
1 0.355750 0.384667 0.032500 0.022667
3 0.355750 0.378000 0.040500 0.018667
4 0.423500 0.246333 0.062000 0.146000
1 0.526750 0.279000 0.014500 0.022000
1 0.557750 0.153333 0.013500 0.029333
1 0.524500 0.159000 0.015000 0.031333
1 0.491000 0.109667 0.014000 0.036667
1 0.553000 0.110000 0.012000 0.024000
10 0.538750 0.091000 0.019500 0.055333
1 0.546250 0.089000 0.017500 0.042000
10 0.531750 0.042667 0.035500 0.045333
10 0.549000 0.013667 0.034000 0.027333
1 0.286500 0.115667 0.025000 0.032667
1 0.282000 0.094000 0.021000 0.032000
1 0.361250 0.015000 0.019500 0.030000
3 0.268750 0.021667 0.022500 0.043333
1 0.343000 0.014667 0.014000 0.029333
