4 0.238214 0.912381 0.100714 0.120000
10 0.325357 0.893333 0.030714 0.078095
10 0.212857 0.430000 0.030000 0.065714
10 0.166429 0.455238 0.020000 0.043810
4 0.152500 0.619048 0.062143 0.142857
4 0.135714 0.970000 0.080000 0.060000
6 0.099643 0.918095 0.152143 0.154286
4 0.078571 0.844762 0.111429 0.112381
4 0.066071 0.781905 0.105000 0.100952
5 0.049286 0.711905 0.098571 0.088571
4 0.039286 0.654286 0.075714 0.072381
4 0.043929 0.595238 0.085000 0.085714
4 0.044643 0.531905 0.089286 0.086667
1 0.076786 0.245238 0.019286 0.037143
1 0.040714 0.240000 0.035714 0.041905
1 0.263571 0.179048 0.025714 0.036190
1 0.207143 0.131429 0.027143 0.041905
1 0.241071 0.108571 0.025000 0.047619
4 0.183929 0.042857 0.039286 0.076190
1 0.411786 0.149524 0.015000 0.036190
1 0.439286 0.154762 0.017143 0.037143
4 0.466071 0.282857 0.073571 0.068571
4 0.505714 0.350000 0.078571 0.075238
4 0.525714 0.385714 0.081429 0.074286
4 0.603571 0.544286 0.077143 0.080952
4 0.619286 0.589048 0.067143 0.073333
4 0.645000 0.646190 0.077143 0.086667
4 0.669286 0.700000 0.078571 0.099048
4 0.704643 0.748095 0.085000 0.098095
4 0.745714 0.801905 0.071429 0.104762
4 0.770714 0.863333 0.090000 0.119048
4 0.802500 0.933810 0.096429 0.132381
1 0.843929 0.771905 0.033571 0.021905
1 0.831071 0.744286 0.016429 0.029524
1 0.802857 0.729524 0.017143 0.022857
1 0.765714 0.690952 0.021429 0.029524
1 0.841429 0.725714 0.017143 0.028571
1 0.810714 0.720476 0.014286 0.023810
3 0.896429 0.724762 0.018571 0.038095
10 0.872500 0.698571 0.025000 0.040952
1 0.886071 0.640000 0.017857 0.022857
2 0.835000 0.548571 0.017143 0.020952
7 0.822500 0.665714 0.047857 0.072381
7 0.775000 0.590952 0.037143 0.063810
4 0.766786 0.491429 0.082143 0.066667
10 0.725357 0.414762 0.042143 0.037143
10 0.701429 0.403333 0.034286 0.031429
7 0.682143 0.360000 0.042857 0.030476
1 0.523929 0.235714 0.012143 0.027619
1 0.506786 0.230952 0.013571 0.029524
4 0.450357 0.243333 0.070714 0.063810
1 0.495357 0.168095 0.010714 0.033333
1 0.495357 0.142381 0.007857 0.033333
1 0.482857 0.152857 0.008571 0.033333
4 0.517143 0.121905 0.067143 0.070476
4 0.529643 0.057619 0.057857 0.063810
4 0.555357 0.084286 0.050714 0.061905
4 0.463571 0.023810 0.048571 0.047619
3 0.434286 0.082857 0.024286 0.022857
1 0.429286 0.074286 0.014286 0.030476
1 0.413571 0.064286 0.011429 0.031429
1 0.374286 0.078095 0.011429 0.038095
1 0.369286 0.051905 0.010000 0.035238
1 0.352500 0.044762 0.013571 0.036190
10 0.716786 0.643810 0.025000 0.043810
2 0.718929 0.640000 0.017857 0.034286
10 0.682143 0.576190 0.022857 0.038095
2 0.683929 0.569524 0.013571 0.028571
