1 0.117500 0.755238 0.023571 0.049524
1 0.150357 0.754286 0.026429 0.053333
1 0.166071 0.752857 0.022143 0.050476
1 0.285357 0.760952 0.023571 0.049524
1 0.272500 0.758095 0.025000 0.043810
1 0.198214 0.672857 0.022143 0.046667
1 0.212500 0.567143 0.016429 0.042857
1 0.225714 0.565714 0.017143 0.047619
1 0.237500 0.567143 0.013571 0.042857
4 0.351429 0.580000 0.081429 0.093333
1 0.404643 0.580476 0.015000 0.039048
1 0.415000 0.587143 0.011429 0.039048
1 0.442143 0.521905 0.012857 0.036190
1 0.457143 0.519048 0.011429 0.041905
1 0.468929 0.469524 0.010714 0.038095
1 0.396786 0.427619 0.012143 0.032381
1 0.412857 0.426667 0.010000 0.036190
1 0.353929 0.334762 0.009286 0.031429
1 0.346071 0.334286 0.010714 0.030476
1 0.501429 0.285714 0.008571 0.028571
1 0.510357 0.289524 0.007857 0.028571
1 0.518214 0.290952 0.006429 0.031429
1 0.516071 0.307143 0.006429 0.027619
1 0.523214 0.306667 0.006429 0.026667
1 0.542143 0.251429 0.008571 0.026667
10 0.483929 0.433810 0.019286 0.031429
1 0.501071 0.439524 0.012143 0.037143
1 0.510714 0.441429 0.011429 0.037143
1 0.558214 0.350476 0.010714 0.024762
1 0.568929 0.354286 0.009286 0.032381
4 0.590357 0.328095 0.040714 0.042857
6 0.628571 0.278095 0.041429 0.062857
0 0.597143 0.259524 0.015714 0.027619
0 0.625357 0.205714 0.037857 0.034286
6 0.722143 0.181905 0.048571 0.060952
0 0.970357 0.038095 0.046429 0.057143
