9 0.309499 0.388219 0.153445 0.115955
6 0.274530 0.489332 0.124217 0.121521
4 0.421190 0.275974 0.045929 0.132653
4 0.476775 0.307050 0.046451 0.150278
4 0.532620 0.299165 0.042276 0.141929
5 0.596294 0.278293 0.048539 0.146568
5 0.656837 0.282931 0.045407 0.126160
5 0.461378 0.688776 0.051148 0.184601
4 0.516701 0.693878 0.051148 0.191095
4 0.587422 0.718924 0.054802 0.205937
6 0.652923 0.747217 0.059499 0.223562
10 0.277140 0.725417 0.024008 0.072356
8 0.314979 0.687848 0.045407 0.115955
7 0.769833 0.402597 0.054280 0.064935
8 0.425365 0.077458 0.031315 0.065863
5 0.475209 0.081169 0.041232 0.125232
4 0.520877 0.076531 0.033403 0.093692
4 0.566023 0.086735 0.036013 0.117811
2 0.590031 0.135900 0.008873 0.021336
4 0.605167 0.089054 0.032881 0.076067
2 0.816284 0.117347 0.014614 0.038033
3 0.815501 0.130334 0.013048 0.054731
10 0.925104 0.040816 0.030793 0.042672
10 0.922756 0.083488 0.029228 0.038961
1 0.777662 0.265770 0.009395 0.036178
1 0.784708 0.265770 0.013048 0.045455
10 0.944937 0.142393 0.029749 0.030612
10 0.944154 0.155380 0.029228 0.032468
10 0.919624 0.166048 0.027140 0.044527
10 0.898486 0.164193 0.018267 0.050093
10 0.892745 0.195269 0.024530 0.047310
10 0.938935 0.242115 0.039666 0.042672
10 0.933194 0.257421 0.037578 0.036178
8 0.877349 0.258813 0.043841 0.090909
8 0.951461 0.330705 0.061587 0.073284
10 0.966336 0.370130 0.036013 0.040816
10 0.951722 0.395176 0.036013 0.040816
1 0.917276 0.448980 0.022443 0.044527
10 0.979906 0.452690 0.038100 0.038961
10 0.984342 0.515770 0.030271 0.038961
3 0.955898 0.476345 0.039144 0.043599
10 0.791493 0.345547 0.026618 0.056586
2 0.860386 0.304731 0.021399 0.028757
7 0.863779 0.322820 0.033403 0.074212
3 0.831942 0.656772 0.024008 0.063080
3 0.811065 0.640074 0.019833 0.063080
7 0.826983 0.717532 0.032881 0.101113
7 0.895877 0.815863 0.058977 0.132653
