1 0.326071 0.071429 0.010714 0.026667
1 0.380357 0.065714 0.015000 0.036190
1 0.496429 0.010476 0.008571 0.020952
4 0.411786 0.015238 0.022143 0.030476
4 0.462857 0.015238 0.027143 0.030476
4 0.458571 0.051905 0.022857 0.040952
4 0.457500 0.102857 0.026429 0.059048
4 0.491429 0.070476 0.025714 0.070476
6 0.404643 0.054286 0.030714 0.066667
4 0.403214 0.113333 0.027857 0.055238
4 0.451071 0.174762 0.035000 0.075238
4 0.401071 0.172857 0.036429 0.077143
10 0.308214 0.090000 0.022143 0.020000
1 0.298571 0.108095 0.011429 0.029524
1 0.308929 0.115714 0.013571 0.016190
4 0.314643 0.212857 0.083571 0.042857
4 0.326071 0.251429 0.096429 0.047619
4 0.433214 0.240952 0.083571 0.051429
4 0.262500 0.294762 0.086429 0.058095
4 0.480000 0.341429 0.038571 0.096190
5 0.435000 0.302857 0.040000 0.095238
5 0.363929 0.391429 0.047857 0.133333
4 0.425357 0.420000 0.042143 0.097143
4 0.482500 0.501905 0.043571 0.118095
6 0.417500 0.535238 0.052143 0.171429
4 0.220357 0.522857 0.059286 0.118095
7 0.159286 0.555714 0.030000 0.077143
3 0.134286 0.588095 0.034286 0.040952
3 0.218929 0.662381 0.033571 0.042857
2 0.217857 0.640000 0.017143 0.030476
1 0.275714 0.752857 0.020000 0.037143
1 0.287500 0.736190 0.013571 0.024762
1 0.294643 0.709524 0.015000 0.030476
1 0.160357 0.798571 0.016429 0.037143
3 0.172857 0.816190 0.014286 0.062857
4 0.495357 0.739524 0.063571 0.170476
5 0.403571 0.729048 0.052857 0.147619
4 0.327143 0.732381 0.060000 0.127619
1 0.340357 0.796190 0.022143 0.045714
5 0.302143 0.900000 0.071429 0.167619
4 0.222143 0.827619 0.092857 0.194286
7 0.082857 0.759524 0.055714 0.046667
1 0.059286 0.970952 0.020000 0.023810
5 0.380000 0.898571 0.070000 0.199048
4 0.564286 0.012381 0.024286 0.024762
4 0.724643 0.028095 0.036429 0.042857
4 0.738929 0.076667 0.035000 0.048571
4 0.756429 0.125238 0.037143 0.052381
6 0.780357 0.177143 0.067857 0.102857
1 0.918929 0.303810 0.012143 0.041905
1 0.897143 0.310952 0.022857 0.042857
1 0.880714 0.296190 0.012857 0.038095
7 0.978571 0.349524 0.042857 0.040000
3 0.991429 0.402857 0.017143 0.028571
4 0.868929 0.450952 0.095000 0.136190
4 0.921071 0.585714 0.089286 0.131429
4 0.958929 0.716190 0.079286 0.131429
