5 0.782500 0.899524 0.165000 0.200952
4 0.929643 0.829048 0.140714 0.197143
4 0.225714 0.921429 0.120000 0.157143
4 0.445357 0.906667 0.193571 0.186667
5 0.318571 0.794286 0.145714 0.228571
4 0.295357 0.661905 0.160714 0.121905
5 0.206429 0.494286 0.128571 0.093333
4 0.168929 0.465714 0.135000 0.080000
4 0.162857 0.422857 0.125714 0.072381
4 0.155714 0.390952 0.111429 0.061905
4 0.172143 0.350476 0.048571 0.055238
4 0.268214 0.384762 0.059286 0.070476
9 0.213571 0.275714 0.108571 0.147619
5 0.150000 0.301905 0.052857 0.070476
5 0.103929 0.276190 0.047857 0.049524
5 0.089643 0.238095 0.042143 0.038095
4 0.037500 0.246667 0.036429 0.041905
4 0.036429 0.214286 0.032857 0.038095
4 0.074643 0.212381 0.033571 0.043810
4 0.061429 0.168571 0.030000 0.038095
4 0.054643 0.150000 0.027857 0.031429
5 0.041429 0.135714 0.028571 0.031429
5 0.031429 0.093333 0.025714 0.028571
4 0.022500 0.079048 0.015000 0.017143
4 0.017500 0.071429 0.013571 0.017143
4 0.112500 0.170000 0.026429 0.031429
4 0.100000 0.155714 0.024286 0.029524
4 0.089643 0.138571 0.023571 0.027619
4 0.079643 0.127619 0.020714 0.026667
5 0.060714 0.096667 0.021429 0.023810
5 0.053571 0.086190 0.018571 0.021905
5 0.044286 0.077619 0.017143 0.021905
4 0.038214 0.069048 0.013571 0.018095
5 0.023214 0.040000 0.015000 0.020952
10 0.082500 0.088095 0.016429 0.021905
5 0.605714 0.616667 0.122857 0.155238
4 0.433929 0.449524 0.077857 0.087619
4 0.525714 0.445714 0.087143 0.089524
5 0.670357 0.376190 0.060714 0.049524
5 0.546429 0.352857 0.068571 0.058095
4 0.577500 0.309524 0.056429 0.043810
4 0.499643 0.265714 0.052143 0.036190
4 0.386786 0.326190 0.060714 0.056190
5 0.445357 0.231905 0.043571 0.037143
4 0.398571 0.200476 0.041429 0.031429
4 0.268571 0.173810 0.034286 0.027619
4 0.233214 0.135714 0.019286 0.021905
4 0.345714 0.168095 0.030000 0.027619
4 0.324643 0.154762 0.029286 0.027619
4 0.304643 0.141905 0.023571 0.022857
5 0.287500 0.127619 0.023571 0.026667
5 0.264643 0.116190 0.023571 0.022857
5 0.238929 0.097619 0.022143 0.023810
10 0.140714 0.110476 0.017143 0.019048
1 0.140714 0.109524 0.007143 0.015238
5 0.200000 0.084762 0.028571 0.017143
4 0.166786 0.076667 0.016429 0.018095
4 0.211071 0.066190 0.019286 0.014286
4 0.175357 0.059524 0.017857 0.014286
4 0.154286 0.047619 0.011429 0.013333
10 0.131786 0.047619 0.006429 0.013333
1 0.131071 0.046667 0.003571 0.007619
0 0.140357 0.037619 0.017857 0.020000
1 0.076429 0.038095 0.007143 0.015238
10 0.088571 0.014286 0.005714 0.011429
1 0.087857 0.012857 0.002857 0.008571
1 0.066429 0.476667 0.024286 0.058095
1 0.076429 0.416667 0.021429 0.048571
1 0.034286 0.181905 0.012857 0.030476
1 0.541429 0.252857 0.010000 0.027619
1 0.555714 0.258571 0.008571 0.031429
1 0.654286 0.327143 0.014286 0.035238
4 0.886429 0.454762 0.030000 0.048571
1 0.888214 0.453333 0.016429 0.045714
3 0.916429 0.511429 0.014286 0.043810
10 0.889286 0.495714 0.037143 0.033333
1 0.975000 0.486190 0.022857 0.050476
1 0.991429 0.495714 0.014286 0.050476
4 0.875000 0.540952 0.111429 0.097143
4 0.278929 0.226667 0.037857 0.045714
1 0.654286 0.309524 0.014286 0.032381
1 0.770000 0.391429 0.015714 0.040000
5 0.124286 0.019048 0.020000 0.019048
4 0.162857 0.242857 0.034286 0.051429
