4 0.402500 0.965238 0.123571 0.069524
5 0.201786 0.980000 0.119286 0.040000
4 0.167143 0.652857 0.120000 0.103810
4 0.263571 0.390952 0.068571 0.140000
5 0.386786 0.238571 0.072143 0.136190
4 0.616429 0.321905 0.074286 0.152381
4 0.680357 0.348571 0.072143 0.150476
4 0.738929 0.381905 0.073571 0.142857
4 0.778929 0.161905 0.112143 0.085714
4 0.516786 0.071905 0.097857 0.092381
4 0.940000 0.445714 0.080000 0.158095
1 0.842500 0.440952 0.025000 0.030476
1 0.592857 0.508571 0.021429 0.026667
1 0.693214 0.145714 0.022143 0.040000
1 0.824286 0.094762 0.018571 0.040952
10 0.673929 0.247619 0.037857 0.045714
3 0.733571 0.284286 0.035714 0.035238
3 0.783214 0.309048 0.039286 0.035238
4 0.516786 0.271905 0.059286 0.107619
4 0.461786 0.259048 0.067857 0.133333
1 0.650357 0.555238 0.020714 0.020952
10 0.973214 0.323333 0.040714 0.042857
2 0.146429 0.366667 0.022857 0.026667
1 0.134643 0.298095 0.032143 0.030476
2 0.030357 0.370000 0.042143 0.025714
3 0.155357 0.368571 0.042143 0.028571
3 0.031071 0.377619 0.037857 0.046667
