9 0.170000 0.155457 0.008571 0.016497
1 0.203929 0.219543 0.002143 0.007614
4 0.197500 0.224619 0.006429 0.007614
1 0.234643 0.254442 0.003571 0.008883
4 0.235357 0.277284 0.007857 0.011421
4 0.183214 0.272843 0.012143 0.017766
1 0.180714 0.314721 0.004286 0.012690
1 0.197143 0.347081 0.002857 0.011421
1 0.198214 0.347716 0.002143 0.010152
1 0.201071 0.352157 0.002143 0.011421
1 0.203214 0.351523 0.002143 0.010152
1 0.203929 0.363579 0.002143 0.011421
1 0.252500 0.357868 0.002143 0.012690
1 0.206786 0.430203 0.002143 0.012690
4 0.244286 0.390863 0.021429 0.015228
4 0.283929 0.380076 0.017857 0.013959
5 0.332500 0.421320 0.015000 0.022843
5 0.292143 0.433376 0.012857 0.019036
5 0.268571 0.465102 0.012857 0.024112
5 0.302857 0.451142 0.012857 0.021574
4 0.244286 0.451777 0.012857 0.020305
4 0.261786 0.444797 0.012143 0.019036
1 0.363929 0.420051 0.002143 0.015228
1 0.365714 0.419416 0.002857 0.013959
1 0.424643 0.524746 0.003571 0.016497
4 0.363214 0.484772 0.015000 0.025381
4 0.392500 0.564721 0.016429 0.030457
5 0.422857 0.728426 0.018571 0.045685
6 0.539643 0.948604 0.045000 0.100254
1 0.550000 0.891497 0.005714 0.024112
4 0.476429 0.967640 0.025714 0.062183
1 0.259286 0.976523 0.005714 0.026650
3 0.240357 0.977792 0.005000 0.026650
1 0.248214 0.829949 0.005000 0.022843
1 0.253571 0.819162 0.004286 0.021574
1 0.211786 0.766497 0.005000 0.020305
1 0.243929 0.813452 0.005000 0.022843
1 0.253214 0.743655 0.005000 0.022843
2 0.105714 0.842005 0.007143 0.021574
2 0.116429 0.839467 0.007143 0.024112
2 0.082857 0.851523 0.007143 0.020305
2 0.095714 0.846447 0.008571 0.017766
2 0.068214 0.821701 0.007857 0.021574
1 0.159286 0.523477 0.005714 0.016497
1 0.162143 0.511421 0.005714 0.020305
1 0.147857 0.517132 0.004286 0.019036
1 0.143214 0.538071 0.006429 0.017766
1 0.130357 0.539975 0.006429 0.021574
1 0.116786 0.552030 0.006429 0.017766
1 0.110000 0.553934 0.004286 0.013959
1 0.114286 0.546954 0.005714 0.017766
1 0.104643 0.532995 0.003571 0.017766
1 0.105357 0.546320 0.005000 0.021574
1 0.097857 0.536168 0.005714 0.016497
1 0.053214 0.840736 0.009286 0.024112
1 0.021071 0.851523 0.009286 0.027919
1 0.031786 0.961294 0.009286 0.026650
1 0.052143 0.920685 0.007143 0.024112
2 0.074643 0.975254 0.007857 0.024112
2 0.081071 0.896574 0.007857 0.016497
