4 0.146786 0.794762 0.065000 0.042857
4 0.171786 0.749524 0.066429 0.043810
4 0.192500 0.715238 0.063571 0.045714
4 0.731071 0.818571 0.040714 0.086667
4 0.684286 0.477143 0.017143 0.028571
4 0.701786 0.531429 0.023571 0.036190
4 0.672143 0.422381 0.015714 0.025714
6 0.358929 0.575238 0.032143 0.051429
6 0.396786 0.508571 0.036429 0.062857
4 0.379286 0.630000 0.028571 0.042857
4 0.398571 0.587619 0.020000 0.034286
4 0.437857 0.509048 0.020000 0.031429
10 0.523571 0.631429 0.007143 0.020952
2 0.524286 0.623810 0.005714 0.017143
1 0.562857 0.440952 0.004286 0.013333
1 0.556429 0.420952 0.002857 0.013333
1 0.577500 0.369524 0.002143 0.011429
1 0.588214 0.340476 0.003571 0.010476
2 0.635714 0.370952 0.004286 0.010476
10 0.634286 0.372857 0.004286 0.014286
0 0.652857 0.158571 0.032857 0.033333
6 0.618571 0.245714 0.010000 0.019048
6 0.665714 0.246667 0.012857 0.022857
6 0.639286 0.185238 0.005714 0.010476
6 0.630357 0.182381 0.013571 0.010476
6 0.636071 0.194286 0.005000 0.011429
6 0.736071 0.246190 0.012143 0.021905
6 0.746786 0.270476 0.010714 0.015238
6 0.760714 0.291429 0.008571 0.013333
6 0.725000 0.214762 0.010000 0.021905
4 0.729286 0.227619 0.004286 0.005714
1 0.616786 0.220000 0.002143 0.005714
1 0.621071 0.212857 0.002143 0.006667
1 0.622857 0.205238 0.001429 0.006667
4 0.650000 0.185238 0.004286 0.004762
4 0.646786 0.183333 0.003571 0.004762
6 0.719643 0.612381 0.036429 0.083810
0 0.847143 0.463810 0.014286 0.020952
0 0.801786 0.391429 0.016429 0.026667
