4 0.183214 0.230964 0.015000 0.048223
4 0.221786 0.056472 0.020714 0.041878
4 0.741071 0.857234 0.025000 0.085025
6 0.785000 0.953680 0.044286 0.090102
4 0.765357 0.812817 0.025000 0.082487
4 0.731786 0.712563 0.022143 0.069797
4 0.723214 0.583122 0.020714 0.057107
6 0.750000 0.531726 0.034286 0.159898
4 0.714643 0.467640 0.022143 0.077411
4 0.666071 0.453680 0.020714 0.077411
4 0.711429 0.359137 0.017143 0.058376
9 0.731071 0.271574 0.036429 0.159898
4 0.697857 0.210025 0.018571 0.057107
4 0.714643 0.112944 0.017857 0.053299
5 0.691429 0.100254 0.017143 0.058376
