10 0.150000 0.734762 0.015714 0.018095
5 0.287143 0.760952 0.037143 0.051429
6 0.293571 0.871905 0.047143 0.065714
4 0.437143 0.697143 0.030000 0.034286
5 0.472143 0.659048 0.022857 0.030476
5 0.380714 0.548571 0.027143 0.026667
4 0.413929 0.520000 0.022143 0.020952
5 0.438571 0.502381 0.022857 0.023810
4 0.462143 0.481429 0.024286 0.025714
4 0.435000 0.348571 0.018571 0.017143
4 0.645714 0.256667 0.011429 0.012381
5 0.596071 0.179048 0.009286 0.011429
4 0.654643 0.114762 0.007857 0.008571
8 0.496429 0.466190 0.015714 0.018095
10 0.479286 0.463333 0.010000 0.012381
10 0.526429 0.447143 0.005714 0.010476
1 0.490000 0.430000 0.004286 0.012381
2 0.526071 0.445714 0.003571 0.007619
2 0.149643 0.730476 0.006429 0.009524
1 0.133214 0.683333 0.007857 0.010476
1 0.142857 0.675238 0.007143 0.013333
1 0.135714 0.673810 0.004286 0.012381
0 0.120000 0.697143 0.015714 0.015238
1 0.638571 0.286190 0.002857 0.008571
5 0.543929 0.051905 0.009286 0.006667
4 0.576071 0.053333 0.007857 0.005714
4 0.619643 0.038571 0.007857 0.006667
4 0.677500 0.084286 0.005000 0.006667
