1 0.409447 0.807978 0.005741 0.018553
4 0.426409 0.432746 0.040710 0.039889
4 0.421973 0.404917 0.040188 0.039889
4 0.405010 0.163729 0.031315 0.028757
4 0.405271 0.083952 0.026618 0.028757
2 0.370042 0.040353 0.005219 0.013915
10 0.370564 0.048237 0.005219 0.012987
4 0.329854 0.044991 0.026096 0.023191
1 0.307672 0.013915 0.004697 0.016698
2 0.302975 0.015306 0.002610 0.006494
1 0.285752 0.173469 0.005741 0.020408
1 0.289927 0.170223 0.005741 0.019481
6 0.248956 0.010668 0.060543 0.021336
8 0.744259 0.049629 0.024008 0.025046
8 0.766962 0.026438 0.018267 0.023191
4 0.774791 0.021336 0.027662 0.024119
4 0.774008 0.003711 0.026096 0.007421
