9 0.636429 0.477792 0.152857 0.138325
9 0.801071 0.418782 0.105000 0.088832
9 0.936071 0.364848 0.096429 0.079949
9 0.458214 0.549492 0.123571 0.109137
4 0.602143 0.228426 0.017143 0.045685
4 0.573571 0.092005 0.018571 0.031726
4 0.552857 0.046320 0.027143 0.029188
5 0.601071 0.147208 0.013571 0.050761
5 0.592857 0.114848 0.015714 0.036802
6 0.533571 0.019670 0.018571 0.031726
10 0.363214 0.592640 0.013571 0.063452
10 0.347143 0.595812 0.011429 0.062183
10 0.335000 0.600888 0.017143 0.067259
10 0.308929 0.618020 0.015000 0.058376
10 0.293214 0.616117 0.016429 0.067259
10 0.282143 0.626904 0.014286 0.060914
10 0.268214 0.626904 0.012143 0.060914
10 0.232500 0.647843 0.013571 0.059645
10 0.217500 0.647208 0.013571 0.071066
10 0.191429 0.663706 0.011429 0.045685
10 0.176786 0.669416 0.013571 0.052030
10 0.162143 0.666878 0.017143 0.072335
10 0.132143 0.690990 0.011429 0.054569
10 0.120000 0.689086 0.017143 0.065990
10 0.095000 0.711294 0.012857 0.059645
10 0.257143 0.633249 0.018571 0.058376
10 0.245357 0.643401 0.020714 0.058376
10 0.204286 0.653553 0.014286 0.060914
10 0.145714 0.674492 0.017143 0.072335
5 0.037500 0.727792 0.075000 0.090102
1 0.378214 0.518401 0.015000 0.039340
1 0.414286 0.498731 0.010000 0.038071
1 0.244643 0.576777 0.012143 0.041878
1 0.195000 0.609772 0.011429 0.026650
1 0.135714 0.622462 0.022857 0.049492
1 0.312143 0.883249 0.012857 0.045685
1 0.441786 0.803299 0.009286 0.045685
1 0.443571 0.796954 0.005714 0.022843
1 0.480714 0.807107 0.012857 0.043147
5 0.456071 0.956853 0.033571 0.083756
4 0.604643 0.832487 0.032143 0.106599
4 0.647143 0.814086 0.028571 0.100254
1 0.528214 0.987944 0.009286 0.021574
1 0.614643 0.731599 0.010714 0.044416
1 0.742500 0.942259 0.010714 0.041878
1 0.759643 0.908629 0.012143 0.045685
1 0.747143 0.919416 0.005714 0.029188
1 0.753571 0.918782 0.008571 0.038071
10 0.758571 0.789340 0.017143 0.060914
1 0.903214 0.578680 0.013571 0.043147
1 0.813214 0.361675 0.012143 0.032995
1 0.763214 0.369924 0.007857 0.031726
1 0.635000 0.397208 0.010000 0.025381
1 0.635714 0.398477 0.008571 0.015228
4 0.040714 0.299492 0.025714 0.048223
4 0.018214 0.236041 0.025000 0.048223
4 0.070357 0.220812 0.019286 0.043147
4 0.009643 0.349619 0.019286 0.064721
4 0.011071 0.311548 0.022143 0.052030
10 0.102143 0.219543 0.011429 0.027919
10 0.090000 0.222716 0.012857 0.034264
10 0.225357 0.188452 0.007857 0.031726
10 0.232500 0.180203 0.005000 0.030457
10 0.216429 0.191624 0.005714 0.030457
10 0.207143 0.192893 0.011429 0.032995
10 0.196786 0.196066 0.009286 0.031726
10 0.248929 0.019036 0.006429 0.020305
10 0.242500 0.020939 0.006429 0.019036
4 0.283571 0.055203 0.014286 0.029188
4 0.287143 0.037437 0.027143 0.021574
4 0.228929 0.077411 0.035000 0.020305
4 0.227857 0.062183 0.034286 0.015228
5 0.286429 0.029188 0.030000 0.025381
5 0.281071 0.020305 0.029286 0.027919
1 0.385714 0.406726 0.005714 0.021574
1 0.393571 0.348985 0.005714 0.027919
1 0.407143 0.320431 0.005714 0.029188
1 0.407143 0.302665 0.005714 0.024112
1 0.406786 0.149746 0.003571 0.017766
1 0.408214 0.123096 0.005000 0.015228
1 0.366429 0.019670 0.004286 0.016497
1 0.374286 0.050127 0.004286 0.019036
1 0.405714 0.114848 0.004286 0.016497
1 0.601429 0.069797 0.005714 0.020305
