4 0.325357 0.660476 0.125000 0.126667
4 0.202500 0.522857 0.100714 0.083810
4 0.630357 0.381905 0.045000 0.036190
4 0.688214 0.322857 0.032143 0.028571
4 0.741786 0.292857 0.026429 0.021905
6 0.371786 0.412857 0.100714 0.082857
4 0.546429 0.326190 0.032857 0.031429
4 0.755357 0.260000 0.023571 0.020952
4 0.732143 0.260000 0.025714 0.020952
4 0.806786 0.242381 0.026429 0.021905
4 0.840357 0.228571 0.016429 0.020952
4 0.042857 0.645714 0.085714 0.099048
1 0.788929 0.371429 0.009286 0.024762
1 0.865357 0.298095 0.009286 0.026667
1 0.986429 0.451905 0.012857 0.046667
1 0.987500 0.443810 0.009286 0.040000
