4 0.494643 0.652919 0.049286 0.095178
4 0.543571 0.647843 0.025714 0.110406
4 0.642857 0.675761 0.047143 0.115482
4 0.722143 0.676396 0.058571 0.119289
4 0.791071 0.665609 0.030714 0.105330
4 0.928571 0.772843 0.067143 0.055838
4 0.755357 0.865482 0.063571 0.048223
4 0.393571 0.642132 0.025714 0.109137
4 0.287500 0.653553 0.030714 0.109137
4 0.378571 0.527919 0.061429 0.053299
4 0.316429 0.464467 0.064286 0.048223
4 0.100357 0.631980 0.033571 0.109137
4 0.106429 0.354061 0.030000 0.101523
4 0.059643 0.328680 0.029286 0.081218
4 0.256429 0.353426 0.028571 0.105330
4 0.317143 0.356599 0.028571 0.116751
4 0.395714 0.226523 0.061429 0.049492
4 0.517500 0.183376 0.026429 0.118020
4 0.690000 0.182741 0.027143 0.104061
5 0.575000 0.428299 0.025714 0.100254
4 0.505000 0.427665 0.027143 0.101523
4 0.613214 0.419416 0.029286 0.110406
4 0.642143 0.424492 0.021429 0.090102
4 0.690714 0.425127 0.025714 0.098985
4 0.725000 0.411802 0.031429 0.112944
4 0.757857 0.414340 0.025714 0.107868
4 0.791071 0.420685 0.027857 0.107868
4 0.890357 0.404822 0.026429 0.106599
4 0.921429 0.444797 0.025714 0.112944
5 0.827500 0.416244 0.029286 0.096447
5 0.516786 0.553934 0.055000 0.039340
4 0.118214 0.135787 0.062143 0.045685
8 0.028214 0.143401 0.056429 0.058376
6 0.238214 0.657995 0.030714 0.135787
1 0.272500 0.737944 0.013571 0.019036
1 0.268929 0.724619 0.013571 0.017766
4 0.008929 0.347081 0.017857 0.105330
2 0.195000 0.114213 0.011429 0.022843
10 0.243571 0.126904 0.022857 0.022843
10 0.247857 0.085025 0.030000 0.022843
1 0.305000 0.265863 0.015714 0.013959
1 0.270714 0.565990 0.017143 0.015228
1 0.502143 0.098985 0.010000 0.017766
10 0.561786 0.201777 0.009286 0.035533
1 0.637500 0.276650 0.010714 0.017766
1 0.687143 0.331853 0.014286 0.016497
1 0.852500 0.170051 0.013571 0.025381
1 0.817857 0.293147 0.014286 0.017766
1 0.822143 0.274746 0.012857 0.016497
10 0.890714 0.233503 0.028571 0.015228
1 0.963571 0.472716 0.014286 0.019036
1 0.963571 0.403553 0.014286 0.017766
1 0.966429 0.384518 0.017143 0.017766
1 0.977143 0.362944 0.017143 0.017766
1 0.991429 0.379442 0.017143 0.017766
4 0.982857 0.423223 0.028571 0.069797
1 0.960357 0.532360 0.017857 0.019036
1 0.967143 0.506980 0.015714 0.024112
10 0.970000 0.232868 0.028571 0.019036
1 0.705714 0.223985 0.011429 0.016497
1 0.401429 0.708122 0.014286 0.017766
1 0.513571 0.347081 0.010000 0.013959
1 0.497500 0.331218 0.010714 0.017766
5 0.361071 0.633883 0.029286 0.102792
