4 0.299286 0.656667 0.068571 0.048571
4 0.123929 0.610952 0.067857 0.052381
4 0.917143 0.683810 0.071429 0.083810
4 0.765000 0.484762 0.021429 0.038095
4 0.769643 0.397143 0.019286 0.034286
4 0.047500 0.589048 0.067857 0.044762
4 0.211071 0.630476 0.066429 0.047619
1 0.277857 0.900000 0.010000 0.034286
1 0.257143 0.904762 0.010000 0.040000
1 0.086429 0.859048 0.011429 0.040000
2 0.281429 0.890952 0.008571 0.021905
2 0.261429 0.892857 0.010000 0.018095
2 0.245357 0.762857 0.009286 0.019048
10 0.246786 0.783333 0.020714 0.029524
10 0.596429 0.498571 0.010000 0.016190
1 0.449643 0.484286 0.006429 0.021905
2 0.596429 0.489524 0.004286 0.009524
2 0.776786 0.678095 0.012143 0.022857
10 0.776071 0.692381 0.025000 0.022857
10 0.641786 0.492857 0.010714 0.020000
10 0.697500 0.308095 0.006429 0.012381
10 0.710714 0.236190 0.005714 0.011429
10 0.724643 0.198095 0.003571 0.009524
10 0.740714 0.167143 0.004286 0.010476
1 0.669643 0.208571 0.003571 0.009524
4 0.743929 0.146190 0.005000 0.006667
4 0.750714 0.138095 0.005714 0.007619
4 0.805000 0.192381 0.007143 0.009524
4 0.790714 0.180476 0.007143 0.010476
4 0.804286 0.238571 0.011429 0.016190
4 0.811429 0.205238 0.008571 0.010476
4 0.807143 0.151429 0.007143 0.007619
4 0.788571 0.150476 0.007143 0.007619
4 0.797143 0.150000 0.004286 0.006667
4 0.798571 0.141429 0.005714 0.004762
4 0.803214 0.132857 0.005000 0.004762
4 0.804286 0.124762 0.005714 0.007619
4 0.803214 0.103333 0.005000 0.004762
4 0.801071 0.113810 0.005000 0.006667
4 0.794643 0.110476 0.003571 0.003810
4 0.793929 0.104762 0.003571 0.003810
4 0.793214 0.098095 0.005000 0.003810
4 0.795714 0.088571 0.004286 0.005714
0 0.790000 0.072381 0.012857 0.022857
9 0.780000 0.165714 0.010000 0.015238
2 0.740714 0.165238 0.002857 0.004762
2 0.725000 0.196667 0.004286 0.006667
2 0.711071 0.232857 0.003571 0.004762
2 0.698571 0.304286 0.004286 0.006667
2 0.642500 0.482857 0.006429 0.009524
1 0.670000 0.517143 0.008571 0.024762
1 0.677143 0.512381 0.005714 0.026667
1 0.951429 0.554286 0.008571 0.026667
1 0.954643 0.567619 0.007857 0.028571
9 0.897857 0.243810 0.018571 0.030476
4 0.831786 0.214762 0.009286 0.010476
4 0.881786 0.226190 0.006429 0.008571
4 0.856429 0.174762 0.007143 0.006667
4 0.845000 0.152381 0.007143 0.007619
4 0.837857 0.139524 0.004286 0.006667
4 0.831429 0.125714 0.004286 0.007619
1 0.848214 0.174286 0.002143 0.007619
