1 0.138214 0.362310 0.009286 0.036802
1 0.073571 0.975254 0.020000 0.046954
1 0.072857 0.967640 0.017143 0.034264
1 0.104286 0.967005 0.012857 0.045685
1 0.122143 0.854061 0.017143 0.040609
1 0.143571 0.862310 0.015714 0.039340
1 0.162500 0.853426 0.015000 0.036802
9 0.626429 0.873731 0.045714 0.219543
1 0.731786 0.631980 0.012143 0.045685
1 0.715000 0.538071 0.010000 0.035533
1 0.720357 0.541878 0.009286 0.035533
10 0.682143 0.564721 0.010000 0.030457
1 0.659286 0.255711 0.007143 0.026650
1 0.673214 0.276015 0.006429 0.029188
4 0.781429 0.223350 0.027143 0.078680
2 0.697143 0.256345 0.012857 0.027919
2 0.392857 0.056472 0.002857 0.011421
1 0.394286 0.047589 0.007143 0.024112
1 0.885000 0.753807 0.020000 0.048223
