4 0.408571 0.897208 0.042857 0.116751
4 0.312143 0.458756 0.027143 0.069797
4 0.251071 0.106599 0.016429 0.030457
4 0.240357 0.021574 0.015000 0.025381
4 0.687857 0.583756 0.045714 0.045685
4 0.646071 0.484772 0.029286 0.055838
6 0.527857 0.575508 0.051429 0.128173
4 0.682143 0.029822 0.024286 0.021574
4 0.723929 0.019670 0.020714 0.019036
9 0.339643 0.202411 0.043571 0.090102
5 0.901786 0.761421 0.053571 0.096447
5 0.981429 0.026650 0.021429 0.022843
4 0.991786 0.041878 0.015000 0.025381
4 0.996071 0.054569 0.007857 0.017766
4 0.963929 0.014594 0.023571 0.019036
4 0.955714 0.008249 0.017143 0.013959
