5 0.209286 0.984137 0.028571 0.029188
2 0.047857 0.777284 0.011429 0.013959
2 0.066429 0.760787 0.014286 0.019036
2 0.071786 0.751904 0.007857 0.011421
2 0.086071 0.741117 0.006429 0.015228
1 0.043929 0.690990 0.009286 0.013959
2 0.197143 0.627538 0.005714 0.019036
4 0.380714 0.027284 0.008571 0.008883
4 0.334286 0.128173 0.005714 0.012690
5 0.313214 0.163706 0.006429 0.015228
4 0.313571 0.215102 0.007143 0.016497
1 0.310714 0.115482 0.002857 0.010152
1 0.307500 0.135787 0.002143 0.010152
1 0.311071 0.147208 0.002143 0.010152
1 0.306071 0.109772 0.002143 0.011421
1 0.296071 0.430838 0.003571 0.013959
1 0.298214 0.423858 0.002143 0.012690
5 0.318929 0.405457 0.019286 0.026650
4 0.323929 0.435914 0.010714 0.024112
2 0.329286 0.812183 0.005714 0.012690
1 0.305714 0.788706 0.004286 0.019036
1 0.305000 0.774112 0.004286 0.020305
1 0.285000 0.731599 0.004286 0.021574
4 0.316786 0.875000 0.017857 0.054569
4 0.315357 0.821701 0.015000 0.041878
4 0.319643 0.770305 0.013571 0.040609
4 0.323571 0.708756 0.012857 0.036802
5 0.322143 0.666878 0.012857 0.034264
4 0.426786 0.208122 0.009286 0.015228
4 0.432143 0.222081 0.007143 0.012690
5 0.421429 0.236675 0.008571 0.019036
5 0.429643 0.276015 0.007857 0.016497
4 0.436786 0.322335 0.007857 0.017766
4 0.470714 0.493020 0.012857 0.024112
5 0.438571 0.536802 0.024286 0.027919
5 0.511429 0.480964 0.017143 0.025381
4 0.546786 0.496827 0.015000 0.029188
6 0.604286 0.436548 0.020000 0.035533
9 0.556786 0.442259 0.016429 0.077411
1 0.545714 0.649746 0.002857 0.015228
9 0.985000 0.829315 0.030000 0.046954
