4 0.030714 0.344286 0.030000 0.037143
4 0.419643 0.109524 0.013571 0.036190
7 0.403929 0.250952 0.017857 0.023810
6 0.431429 0.311429 0.012857 0.040000
4 0.020714 0.736667 0.025714 0.039048
6 0.418571 0.942381 0.012857 0.040952
10 0.452857 0.872381 0.004286 0.019048
10 0.912500 0.081429 0.007857 0.012381
3 0.726429 0.268095 0.005714 0.014286
10 0.724643 0.332381 0.006429 0.017143
1 0.967857 0.386667 0.011429 0.007619
1 0.973571 0.393810 0.011429 0.006667
1 0.967143 0.400952 0.011429 0.007619
1 0.967857 0.410476 0.010000 0.007619
1 0.945357 0.406667 0.010714 0.007619
1 0.920357 0.507143 0.007857 0.006667
1 0.919643 0.515238 0.006429 0.005714
1 0.917857 0.521905 0.008571 0.007619
1 0.917500 0.576667 0.009286 0.008571
1 0.910357 0.611429 0.007857 0.009524
1 0.930714 0.654286 0.008571 0.007619
1 0.927500 0.660952 0.006429 0.007619
1 0.921071 0.663333 0.006429 0.004762
1 0.929643 0.670000 0.009286 0.008571
1 0.943929 0.677619 0.010714 0.008571
1 0.936071 0.695238 0.012143 0.011429
1 0.939286 0.702381 0.008571 0.006667
1 0.947857 0.754286 0.011429 0.011429
1 0.923571 0.760000 0.010000 0.009524
1 0.918929 0.765714 0.006429 0.007619
1 0.942500 0.799524 0.006429 0.004762
1 0.943929 0.796667 0.009286 0.006667
1 0.945000 0.812381 0.010000 0.009524
1 0.965714 0.836190 0.014286 0.013333
1 0.919643 0.889524 0.007857 0.007619
1 0.950714 0.984286 0.011429 0.012381
