4 0.097143 0.645238 0.090000 0.048571
4 0.158214 0.567143 0.077857 0.044762
4 0.194643 0.526667 0.079286 0.043810
4 0.203571 0.514762 0.071429 0.042857
4 0.230714 0.480000 0.065714 0.040000
4 0.271786 0.454762 0.059286 0.037143
4 0.276429 0.444286 0.054286 0.039048
4 0.292857 0.427619 0.054286 0.043810
4 0.918571 0.935238 0.115714 0.112381
4 0.879643 0.604286 0.075000 0.048571
4 0.853571 0.583810 0.078571 0.041905
4 0.965714 0.707619 0.065714 0.051429
5 0.818571 0.522381 0.068571 0.052381
4 0.789286 0.467143 0.055714 0.035238
10 0.025357 0.578095 0.039286 0.028571
1 0.023929 0.593810 0.010714 0.042857
4 0.304286 0.405714 0.054286 0.043810
4 0.366786 0.304286 0.013571 0.016190
0 0.326071 0.361905 0.022143 0.030476
0 0.352500 0.339048 0.026429 0.011429
0 0.365000 0.323333 0.021429 0.014286
0 0.395714 0.294762 0.031429 0.031429
0 0.421429 0.270000 0.015714 0.023810
4 0.356071 0.288571 0.013571 0.013333
4 0.371786 0.279048 0.013571 0.013333
4 0.394286 0.263810 0.011429 0.013333
4 0.380714 0.270952 0.012857 0.010476
4 0.333571 0.289048 0.018571 0.014286
4 0.338929 0.283333 0.016429 0.016190
4 0.272857 0.360952 0.028571 0.022857
1 0.345714 0.321905 0.007143 0.017143
1 0.347500 0.300476 0.005000 0.012381
1 0.360714 0.289524 0.005714 0.015238
2 0.339643 0.516667 0.013571 0.020000
10 0.339643 0.526667 0.015000 0.024762
10 0.488571 0.273810 0.004286 0.008571
2 0.488929 0.270952 0.003571 0.008571
4 0.553214 0.311905 0.013571 0.016190
4 0.499643 0.290476 0.013571 0.015238
4 0.464643 0.296667 0.013571 0.014286
4 0.501429 0.270952 0.010000 0.014286
4 0.502857 0.235714 0.007143 0.010476
4 0.552500 0.235238 0.006429 0.009524
4 0.546429 0.231905 0.005714 0.008571
4 0.536071 0.217619 0.005000 0.006667
4 0.513571 0.220000 0.005714 0.009524
2 0.586786 0.320952 0.005000 0.013333
3 0.587143 0.324762 0.004286 0.013333
4 0.508929 0.204762 0.005000 0.005714
4 0.503571 0.201905 0.004286 0.005714
4 0.543214 0.210476 0.005000 0.005714
4 0.537143 0.204762 0.004286 0.005714
4 0.561786 0.229524 0.007857 0.007619
5 0.552143 0.222857 0.007143 0.009524
5 0.505000 0.215714 0.005714 0.008571
4 0.551786 0.218095 0.005000 0.007619
4 0.545357 0.206667 0.005000 0.007619
4 0.541786 0.202381 0.005000 0.006667
6 0.515000 0.196190 0.007143 0.009524
6 0.536071 0.197619 0.006429 0.012381
4 0.521071 0.196667 0.005000 0.006667
4 0.550714 0.204762 0.004286 0.005714
9 0.528571 0.184762 0.007143 0.009524
9 0.537857 0.184762 0.005714 0.009524
0 0.547143 0.182381 0.010000 0.023810
4 0.521429 0.186190 0.002857 0.002857
4 0.518571 0.182381 0.002857 0.004762
4 0.508571 0.190476 0.002857 0.005714
4 0.523571 0.177143 0.002857 0.003810
0 0.530000 0.161905 0.005714 0.022857
4 0.561786 0.214286 0.006429 0.005714
4 0.558214 0.204286 0.005000 0.006667
4 0.480714 0.258571 0.008571 0.012381
4 0.477857 0.263810 0.008571 0.013333
4 0.472857 0.270000 0.011429 0.012381
4 0.468214 0.280952 0.012143 0.015238
