5 0.868214 0.545238 0.049286 0.040952
4 0.845000 0.570476 0.052857 0.036190
8 0.805714 0.543333 0.021429 0.037143
8 0.781786 0.572857 0.037857 0.046667
8 0.743214 0.604286 0.023571 0.040952
1 0.796786 0.538095 0.006429 0.017143
1 0.793571 0.546667 0.007143 0.019048
1 0.723571 0.562381 0.007143 0.021905
1 0.729643 0.563333 0.006429 0.021905
1 0.764643 0.569048 0.007857 0.020000
3 0.761429 0.574286 0.011429 0.009524
2 0.755000 0.615714 0.008571 0.020000
4 0.825714 0.603810 0.051429 0.038095
4 0.812857 0.613333 0.058571 0.043810
6 0.799643 0.637619 0.090714 0.075238
3 0.746786 0.653810 0.019286 0.025714
10 0.666429 0.581429 0.008571 0.021905
3 0.680714 0.651429 0.017143 0.013333
8 0.689643 0.701905 0.049286 0.060952
1 0.663214 0.755238 0.009286 0.030476
10 0.597857 0.756667 0.012857 0.033333
1 0.622143 0.621905 0.010000 0.024762
4 0.107143 0.570476 0.031429 0.049524
1 0.130714 0.553810 0.010000 0.023810
4 0.265000 0.644286 0.064286 0.040952
4 0.277500 0.608571 0.063571 0.038095
1 0.303929 0.429524 0.006429 0.019048
0 0.474643 0.422381 0.035000 0.048571
5 0.479643 0.465714 0.023571 0.034286
4 0.498214 0.500952 0.029286 0.034286
4 0.503929 0.606190 0.032143 0.050476
2 0.679286 0.870952 0.012857 0.031429
10 0.461071 0.747619 0.007857 0.024762
1 0.458929 0.737143 0.005000 0.019048
5 0.352143 0.763333 0.057143 0.109524
6 0.246786 0.733333 0.092143 0.070476
1 0.298929 0.884286 0.015000 0.031429
1 0.287857 0.837619 0.010000 0.037143
7 0.343571 0.843810 0.032857 0.032381
1 0.285714 0.707143 0.008571 0.029524
1 0.282500 0.689048 0.007857 0.020000
