6 0.283571 0.677143 0.037143 0.106667
6 0.309643 0.493333 0.026429 0.040000
6 0.425357 0.375714 0.036429 0.021905
6 0.426786 0.354286 0.035000 0.019048
6 0.593571 0.156667 0.008571 0.021905
6 0.584286 0.151905 0.010000 0.018095
6 0.607500 0.092857 0.006429 0.012381
0 0.589643 0.050000 0.049286 0.023810
0 0.628929 0.075714 0.012143 0.018095
2 0.398571 0.691905 0.007143 0.014286
2 0.413929 0.660000 0.007857 0.013333
10 0.414286 0.666190 0.005714 0.023810
10 0.398929 0.695714 0.005000 0.021905
10 0.856071 0.853333 0.012143 0.030476
0 0.966786 0.926190 0.043571 0.060000
9 0.465000 0.538095 0.044286 0.095238
4 0.176786 0.692381 0.033571 0.051429
4 0.273214 0.551905 0.036429 0.027619
4 0.243929 0.600952 0.033571 0.030476
4 0.205000 0.524762 0.035714 0.024762
4 0.221429 0.640476 0.038571 0.029524
4 0.291071 0.593810 0.030714 0.033333
6 0.310000 0.550952 0.024286 0.025714
6 0.302857 0.568571 0.025714 0.034286
6 0.276071 0.608571 0.026429 0.030476
1 0.237500 0.674762 0.007857 0.014286
4 0.340357 0.442857 0.016429 0.024762
4 0.330357 0.470000 0.019286 0.025714
4 0.296786 0.515714 0.023571 0.031429
4 0.420714 0.241905 0.015714 0.009524
4 0.458929 0.250952 0.013571 0.010476
4 0.444643 0.270952 0.020714 0.010476
4 0.484643 0.202857 0.015000 0.009524
4 0.492143 0.199048 0.015714 0.009524
4 0.495000 0.197143 0.012857 0.009524
4 0.456786 0.190000 0.006429 0.008571
4 0.466071 0.215714 0.017857 0.008571
4 0.464286 0.220952 0.014286 0.007619
4 0.478929 0.211429 0.015000 0.009524
4 0.468214 0.189048 0.006429 0.008571
4 0.450714 0.260000 0.015714 0.009524
7 0.428571 0.309524 0.007143 0.011429
4 0.505000 0.420000 0.014286 0.024762
5 0.480000 0.481905 0.014286 0.026667
1 0.665000 0.387143 0.005714 0.014286
1 0.674643 0.368095 0.005000 0.012381
1 0.623214 0.372857 0.003571 0.012381
1 0.623571 0.354286 0.004286 0.013333
1 0.657143 0.362857 0.004286 0.013333
1 0.670357 0.357619 0.003571 0.014286
1 0.695000 0.363810 0.004286 0.015238
1 0.686071 0.364286 0.003571 0.014286
1 0.702500 0.413333 0.006429 0.013333
1 0.689286 0.362857 0.004286 0.009524
1 0.640000 0.350476 0.004286 0.011429
1 0.649286 0.359048 0.005714 0.013333
4 0.711071 0.311429 0.012143 0.011429
4 0.128571 0.957143 0.062857 0.085714
5 0.163214 0.955238 0.045000 0.076190
4 0.177143 0.867619 0.044286 0.074286
1 0.628929 0.640952 0.009286 0.022857
2 0.718214 0.537619 0.007857 0.014286
1 0.679286 0.514762 0.005714 0.023810
1 0.735357 0.505714 0.005000 0.019048
10 0.777857 0.498095 0.005714 0.015238
4 0.777857 0.577143 0.025714 0.036190
4 0.962500 0.493810 0.032143 0.029524
4 0.918214 0.522381 0.027857 0.025714
4 0.904643 0.502381 0.026429 0.023810
2 0.778214 0.494762 0.006429 0.008571
6 0.822857 0.709048 0.040000 0.079048
5 0.087143 0.657619 0.050000 0.033333
4 0.011429 0.631429 0.022857 0.030476
8 0.230357 0.537619 0.016429 0.025714
4 0.364643 0.302381 0.017857 0.014286
