4 0.573214 0.766667 0.082143 0.080000
4 0.670714 0.912857 0.062857 0.151429
4 0.472857 0.673810 0.060000 0.080952
4 0.417143 0.615238 0.058571 0.070476
4 0.362500 0.537143 0.042143 0.047619
4 0.330357 0.499048 0.039286 0.043810
4 0.297500 0.459048 0.035000 0.045714
4 0.275357 0.422857 0.036429 0.041905
4 0.246429 0.392381 0.028571 0.032381
4 0.741786 0.813810 0.090714 0.065714
4 0.725000 0.611905 0.075714 0.065714
4 0.722857 0.550000 0.058571 0.048571
4 0.576429 0.486190 0.055714 0.042857
4 0.534643 0.447143 0.052143 0.046667
4 0.451786 0.382381 0.046429 0.033333
4 0.423571 0.362381 0.042857 0.029524
4 0.400714 0.342381 0.041429 0.031429
4 0.359286 0.309524 0.035714 0.024762
4 0.255000 0.235714 0.031429 0.018095
4 0.235000 0.209048 0.028571 0.018095
4 0.099286 0.225714 0.015714 0.022857
4 0.082143 0.219524 0.014286 0.018095
4 0.100000 0.196190 0.010000 0.017143
4 0.083214 0.195714 0.013571 0.018095
4 0.122143 0.192381 0.015714 0.020952
4 0.315000 0.294286 0.024286 0.028571
4 0.931429 0.641429 0.081429 0.061905
4 0.768214 0.568571 0.055000 0.053333
4 0.232500 0.367619 0.029286 0.032381
4 0.210714 0.346190 0.024286 0.027619
4 0.192500 0.326667 0.026429 0.026667
4 0.123571 0.230952 0.021429 0.020000
4 0.877500 0.891429 0.122143 0.074286
4 0.925357 0.954286 0.117857 0.076190
4 0.857857 0.710000 0.101429 0.086667
4 0.892500 0.687619 0.092143 0.081905
4 0.675000 0.757619 0.090000 0.058095
4 0.640714 0.708571 0.082857 0.045714
4 0.582500 0.669524 0.073571 0.055238
4 0.537500 0.637619 0.079286 0.050476
4 0.497143 0.597143 0.071429 0.051429
4 0.466071 0.540000 0.069286 0.043810
4 0.441071 0.513333 0.065000 0.043810
4 0.574286 0.539524 0.058571 0.052381
4 0.409286 0.492381 0.057143 0.034286
4 0.394643 0.467143 0.049286 0.027619
4 0.353571 0.442381 0.048571 0.033333
4 0.337500 0.422381 0.053571 0.027619
4 0.325357 0.400476 0.047857 0.031429
4 0.312500 0.383810 0.052143 0.034286
4 0.286429 0.371429 0.055714 0.026667
4 0.291786 0.360476 0.052143 0.027619
4 0.265000 0.348571 0.041429 0.032381
4 0.252143 0.330952 0.034286 0.031429
4 0.245000 0.316190 0.031429 0.030476
4 0.227857 0.308571 0.031429 0.032381
4 0.213571 0.295714 0.030000 0.029524
4 0.203929 0.281905 0.029286 0.026667
4 0.190357 0.270476 0.025000 0.026667
4 0.188571 0.259524 0.034286 0.020000
4 0.187143 0.250000 0.030000 0.021905
4 0.171071 0.250000 0.026429 0.021905
4 0.177857 0.240952 0.030000 0.019048
4 0.164643 0.238571 0.029286 0.020000
4 0.160000 0.231905 0.032857 0.020000
4 0.155357 0.220952 0.030714 0.019048
4 0.154643 0.210476 0.016429 0.020952
4 0.139286 0.215238 0.015714 0.017143
4 0.136071 0.190000 0.015000 0.018095
4 0.168571 0.193810 0.011429 0.016190
4 0.151429 0.190476 0.011429 0.015238
4 0.197857 0.193333 0.020000 0.013333
4 0.207500 0.195238 0.026429 0.013333
4 0.212143 0.199524 0.025714 0.014286
4 0.119286 0.220000 0.015714 0.015238
4 0.136786 0.245238 0.017857 0.018095
4 0.145357 0.257619 0.015000 0.018095
4 0.158571 0.269524 0.018571 0.022857
4 0.168571 0.285714 0.020000 0.022857
4 0.177143 0.305714 0.020000 0.022857
4 0.333571 0.287143 0.024286 0.027619
4 0.353571 0.277619 0.027143 0.025714
5 0.352857 0.297143 0.032857 0.026667
4 0.489286 0.404286 0.050000 0.033333
4 0.502143 0.418095 0.041429 0.034286
4 0.517143 0.428095 0.048571 0.040952
7 0.512143 0.498095 0.027143 0.032381
3 0.629286 0.484286 0.008571 0.023810
1 0.311071 0.268571 0.006429 0.019048
1 0.311071 0.264286 0.006429 0.020000
2 0.261786 0.284286 0.007857 0.014286
10 0.262143 0.290476 0.008571 0.017143
0 0.292857 0.238571 0.022857 0.023810
3 0.262857 0.214286 0.012857 0.011429
3 0.273929 0.222857 0.010714 0.011429
1 0.200000 0.227619 0.005714 0.017143
4 0.248571 0.230476 0.028571 0.015238
4 0.067500 0.186190 0.029286 0.014286
4 0.092857 0.186190 0.014286 0.012381
4 0.048214 0.155238 0.026429 0.013333
4 0.007857 0.157619 0.014286 0.016190
4 0.027500 0.137619 0.010714 0.012381
4 0.036429 0.148095 0.012857 0.014286
4 0.008929 0.125238 0.017857 0.012381
4 0.020357 0.118095 0.009286 0.009524
4 0.029286 0.133333 0.010000 0.011429
4 0.025000 0.128571 0.010000 0.011429
5 0.078571 0.170000 0.024286 0.012381
6 0.079286 0.175714 0.022857 0.018095
1 0.108214 0.190952 0.005000 0.012381
5 0.123929 0.145238 0.019286 0.014286
2 0.098929 0.153810 0.005000 0.010476
2 0.095000 0.154762 0.005714 0.010476
0 0.041429 0.103810 0.031429 0.034286
0 0.013214 0.076667 0.023571 0.031429
0 0.048571 0.073333 0.012857 0.017143
0 0.028214 0.048095 0.022143 0.018095
0 0.063571 0.096667 0.011429 0.012381
4 0.759286 0.950476 0.065714 0.099048
4 0.038929 0.943333 0.065000 0.113333
4 0.013214 0.687143 0.026429 0.080952
4 0.013571 0.613333 0.027143 0.074286
1 0.322857 0.541905 0.012857 0.026667
4 0.980357 0.738571 0.039286 0.084762
