2 0.155000 0.839524 0.024286 0.027619
2 0.246429 0.009048 0.007143 0.008571
10 0.157857 0.850952 0.045714 0.073333
10 0.247500 0.012857 0.007857 0.023810
4 0.194643 0.015238 0.026429 0.030476
4 0.095000 0.388095 0.050000 0.090476
4 0.165357 0.318571 0.043571 0.075238
4 0.799643 0.558095 0.109286 0.085714
5 0.732857 0.493810 0.120000 0.100000
6 0.647857 0.377143 0.117143 0.097143
1 0.602143 0.416667 0.015714 0.042857
1 0.526071 0.480000 0.016429 0.043810
1 0.542857 0.486667 0.011429 0.049524
5 0.778214 0.186667 0.049286 0.045714
5 0.598571 0.194286 0.057143 0.043810
5 0.447500 0.337143 0.046429 0.072381
6 0.433214 0.260000 0.050714 0.104762
5 0.390714 0.169048 0.040000 0.060000
4 0.695714 0.207619 0.050000 0.049524
4 0.737143 0.200952 0.045714 0.047619
4 0.595357 0.355714 0.079286 0.060000
4 0.852857 0.125714 0.051429 0.038095
4 0.009286 0.183810 0.018571 0.024762
4 0.010000 0.160476 0.020000 0.033333
4 0.017143 0.149048 0.034286 0.027619
4 0.019643 0.122381 0.039286 0.031429
4 0.022857 0.102857 0.045714 0.028571
4 0.026786 0.087619 0.053571 0.038095
4 0.046071 0.062381 0.056429 0.040952
4 0.050714 0.039524 0.050000 0.016190
4 0.058929 0.026190 0.047857 0.023810
4 0.066071 0.014286 0.049286 0.026667
1 0.017500 0.010000 0.009286 0.020000
1 0.280357 0.076190 0.009286 0.028571
0 0.280714 0.007619 0.007143 0.015238
4 0.306786 0.023333 0.037857 0.023810
5 0.311071 0.030476 0.043571 0.028571
4 0.307857 0.049524 0.045714 0.028571
4 0.304286 0.095238 0.022857 0.032381
10 0.303929 0.074762 0.020714 0.018095
0 0.347500 0.047143 0.016429 0.020000
1 0.420357 0.133333 0.009286 0.028571
1 0.436786 0.151429 0.007857 0.030476
1 0.447500 0.137143 0.010714 0.026667
8 0.419643 0.179524 0.019286 0.035238
1 0.401429 0.132857 0.007143 0.029524
1 0.389286 0.100476 0.008571 0.027619
1 0.396071 0.074286 0.007857 0.028571
1 0.390714 0.087143 0.005714 0.025714
1 0.367143 0.029524 0.005714 0.022857
1 0.381786 0.040952 0.005000 0.020952
5 0.363214 0.121905 0.023571 0.043810
0 0.434286 0.087143 0.032857 0.029524
3 0.458214 0.110952 0.020714 0.023810
3 0.463214 0.115714 0.017857 0.018095
1 0.468929 0.325238 0.010714 0.031429
1 0.525000 0.241429 0.008571 0.031429
1 0.496429 0.202857 0.014286 0.026667
1 0.541786 0.333810 0.010714 0.033333
1 0.501071 0.279048 0.013571 0.043810
1 0.515714 0.180952 0.012857 0.034286
1 0.492143 0.169048 0.008571 0.029524
1 0.493929 0.140476 0.007857 0.021905
2 0.551071 0.296190 0.013571 0.024762
1 0.803214 0.285238 0.012143 0.023810
0 0.733571 0.136667 0.022857 0.021905
1 0.752143 0.158571 0.008571 0.029524
10 0.693214 0.138095 0.020714 0.019048
0 0.771786 0.129048 0.020714 0.021905
1 0.943214 0.248095 0.013571 0.029524
