4 0.313571 0.147619 0.034286 0.099048
4 0.456429 0.034762 0.030000 0.067619
4 0.451071 0.130000 0.033571 0.096190
4 0.535000 0.096667 0.032857 0.101905
4 0.456429 0.357619 0.032857 0.094286
4 0.312857 0.373810 0.038571 0.103810
4 0.309643 0.512381 0.035000 0.104762
4 0.303214 0.765238 0.037857 0.119048
4 0.310000 0.902381 0.038571 0.115238
5 0.445357 0.830000 0.036429 0.119048
4 0.398214 0.652857 0.035000 0.120952
4 0.517857 0.600000 0.034286 0.102857
4 0.457857 0.617143 0.035714 0.106667
5 0.456786 0.492381 0.032143 0.099048
4 0.524286 0.721905 0.038571 0.108571
10 0.502143 0.800952 0.034286 0.020952
1 0.505714 0.775714 0.011429 0.023810
4 0.620357 0.761429 0.020714 0.042857
1 0.555714 0.573810 0.012857 0.023810
1 0.573929 0.570952 0.012143 0.014286
3 0.612500 0.586190 0.023571 0.014286
10 0.607143 0.430952 0.031429 0.016190
10 0.596071 0.414286 0.022143 0.017143
10 0.604286 0.400000 0.025714 0.015238
10 0.576429 0.398095 0.021429 0.019048
1 0.554286 0.270000 0.008571 0.021905
1 0.559286 0.270476 0.010000 0.022857
10 0.599643 0.207143 0.025000 0.021905
3 0.602857 0.196667 0.018571 0.014286
10 0.598571 0.140476 0.022857 0.031429
10 0.596071 0.123333 0.025000 0.012381
10 0.597500 0.107143 0.022143 0.018095
10 0.595000 0.091905 0.022857 0.020000
