1 0.013750 0.192000 0.016500 0.022667
10 0.153250 0.349667 0.020500 0.014000
10 0.167000 0.421000 0.018000 0.026000
4 0.131250 0.439333 0.062500 0.045333
5 0.043250 0.622667 0.036500 0.066667
4 0.033250 0.849333 0.065500 0.082667
4 0.082250 0.839000 0.062500 0.084667
4 0.025000 0.971333 0.050000 0.057333
4 0.205000 0.976000 0.066000 0.046667
4 0.280250 0.972333 0.067500 0.055333
4 0.155250 0.805333 0.066500 0.070667
1 0.180250 0.765000 0.015500 0.008667
4 0.253500 0.761000 0.056000 0.055333
5 0.302750 0.748333 0.049500 0.059333
4 0.397250 0.916000 0.061500 0.061333
4 0.456500 0.893667 0.064000 0.048667
4 0.510500 0.867667 0.059000 0.060667
4 0.585500 0.835333 0.065000 0.053333
4 0.654750 0.804000 0.059500 0.066667
4 0.708750 0.778333 0.058500 0.072667
5 0.750000 0.759667 0.049000 0.058000
4 0.787500 0.733667 0.061000 0.064667
1 0.898000 0.895667 0.018000 0.014000
4 0.849000 0.719000 0.060000 0.054000
4 0.897250 0.694333 0.062500 0.054000
4 0.957250 0.670667 0.062500 0.048000
4 0.980000 0.635667 0.039000 0.050000
5 0.267500 0.615000 0.050000 0.044667
1 0.529750 0.566333 0.006500 0.010000
4 0.323000 0.632333 0.010000 0.007333
4 0.394250 0.338000 0.056500 0.044000
4 0.559250 0.276333 0.053500 0.042000
10 0.627500 0.201000 0.016000 0.024667
7 0.662250 0.183333 0.016500 0.042667
7 0.642000 0.179000 0.032000 0.034000
3 0.681750 0.136000 0.018500 0.017333
10 0.750000 0.133667 0.021000 0.016667
3 0.881500 0.018000 0.013000 0.025333
10 0.889250 0.020667 0.015500 0.028000
10 0.926750 0.029000 0.013500 0.024667
4 0.496250 0.647333 0.056500 0.046667
4 0.712750 0.569000 0.066500 0.044667
6 0.792250 0.521000 0.064500 0.050000
4 0.859000 0.510333 0.060000 0.056667
4 0.983000 0.479000 0.033000 0.038000
10 0.890750 0.556667 0.027500 0.013333
2 0.893000 0.556000 0.016000 0.013333
2 0.897000 0.554667 0.018000 0.012000
1 0.893250 0.447333 0.017500 0.014667
2 0.944000 0.383667 0.017000 0.012667
3 0.933000 0.348000 0.022000 0.021333
1 0.879500 0.350333 0.015000 0.015333
3 0.977000 0.353667 0.027000 0.019333
