4 0.175714 0.007143 0.031429 0.014286
1 0.042857 0.208095 0.008571 0.008571
1 0.082143 0.210476 0.008571 0.009524
6 0.008571 0.265714 0.017143 0.053333
4 0.008929 0.325714 0.016429 0.045714
4 0.031429 0.258095 0.017143 0.040000
6 0.010714 0.445714 0.020000 0.049524
6 0.031429 0.434762 0.021429 0.058095
6 0.110357 0.416667 0.023571 0.056190
4 0.196786 0.391429 0.016429 0.038095
4 0.344643 0.008571 0.032143 0.017143
6 0.226071 0.219048 0.016429 0.053333
4 0.269643 0.274762 0.016429 0.040952
1 0.425714 0.151429 0.004286 0.009524
3 0.463929 0.184762 0.010714 0.005714
4 0.550357 0.156190 0.013571 0.038095
5 0.260714 0.378095 0.017143 0.040000
4 0.278571 0.370476 0.015714 0.038095
4 0.308571 0.365238 0.015714 0.040952
1 0.334286 0.398095 0.005714 0.007619
1 0.338214 0.393810 0.005000 0.006667
6 0.372857 0.248095 0.021429 0.061905
4 0.410357 0.242857 0.015000 0.043810
5 0.585000 0.143333 0.017143 0.040952
5 0.376071 0.917143 0.030714 0.030476
4 0.458929 0.815714 0.016429 0.042857
4 0.535357 0.797619 0.015000 0.040952
5 0.589286 0.785238 0.017143 0.042857
4 0.433929 0.708095 0.013571 0.037143
1 0.864286 0.028095 0.007143 0.010476
1 0.825000 0.053810 0.005714 0.010476
1 0.870000 0.042857 0.007143 0.007619
1 0.852500 0.050000 0.006429 0.008571
1 0.856429 0.045238 0.007143 0.008571
1 0.858214 0.049048 0.003571 0.006667
10 0.883929 0.032857 0.007857 0.016190
10 0.876786 0.043333 0.006429 0.006667
8 0.924643 0.139048 0.015000 0.032381
8 0.878929 0.189048 0.026429 0.012381
8 0.915357 0.056667 0.016429 0.031429
1 0.917857 0.073333 0.005714 0.009524
1 0.902857 0.065714 0.008571 0.013333
1 0.887500 0.057143 0.005000 0.009524
1 0.885357 0.052381 0.006429 0.015238
1 0.952857 0.053810 0.005714 0.012381
10 0.927500 0.026190 0.012143 0.008571
0 0.915000 0.095714 0.005714 0.016190
1 0.982500 0.213333 0.009286 0.007619
1 0.973571 0.243333 0.008571 0.006667
4 0.991071 0.788095 0.017857 0.042857
5 0.951786 0.765714 0.026429 0.041905
5 0.878929 0.719524 0.025000 0.042857
4 0.858929 0.707143 0.023571 0.042857
5 0.813214 0.679524 0.020714 0.035238
4 0.742500 0.660476 0.016429 0.040952
4 0.688929 0.761429 0.016429 0.042857
4 0.671429 0.765238 0.014286 0.039048
4 0.653214 0.770000 0.015000 0.042857
10 0.485714 0.776667 0.005714 0.014286
1 0.562500 0.771905 0.003571 0.004762
0 0.560000 0.764286 0.004286 0.008571
5 0.613929 0.672857 0.015000 0.039048
4 0.576786 0.679048 0.015000 0.043810
6 0.774286 0.040000 0.047143 0.036190
6 0.765000 0.100476 0.041429 0.025714
6 0.775000 0.165714 0.022857 0.062857
5 0.721429 0.060952 0.034286 0.022857
4 0.738571 0.177619 0.012857 0.040952
5 0.688571 0.187619 0.015714 0.040000
5 0.671071 0.190952 0.016429 0.040952
5 0.849643 0.271905 0.015000 0.037143
5 0.720000 0.286667 0.017143 0.045714
5 0.685357 0.294762 0.015000 0.037143
4 0.702857 0.290952 0.015714 0.040952
4 0.656071 0.294286 0.016429 0.043810
5 0.622143 0.305238 0.015714 0.037143
5 0.594286 0.207143 0.014286 0.039048
4 0.626071 0.202857 0.015000 0.043810
4 0.574286 0.209524 0.015714 0.041905
4 0.541429 0.219524 0.015714 0.042857
4 0.524286 0.224286 0.014286 0.040952
5 0.554286 0.320476 0.015714 0.040952
6 0.536071 0.325238 0.013571 0.039048
1 0.438214 0.423810 0.003571 0.005714
5 0.495357 0.228095 0.016429 0.040952
5 0.461786 0.233333 0.016429 0.049524
5 0.478214 0.230952 0.015000 0.039048
5 0.508214 0.330952 0.013571 0.039048
5 0.491786 0.335238 0.013571 0.034286
5 0.424286 0.348571 0.011429 0.034286
5 0.408214 0.350952 0.012143 0.035238
4 0.474643 0.336190 0.016429 0.041905
4 0.456429 0.341429 0.014286 0.040952
4 0.439286 0.345714 0.014286 0.040000
10 0.639643 0.588095 0.009286 0.008571
1 0.639286 0.590952 0.002857 0.006667
5 0.616786 0.775714 0.015000 0.039048
