5 0.116786 0.610952 0.086429 0.052381
6 0.072143 0.816190 0.144286 0.076190
4 0.062857 0.908571 0.120000 0.066667
4 0.239643 0.849048 0.112143 0.065714
4 0.238929 0.928095 0.119286 0.075238
4 0.392857 0.851905 0.098571 0.061905
4 0.400357 0.952381 0.107857 0.068571
1 0.273571 0.394286 0.020000 0.024762
1 0.298929 0.396190 0.013571 0.026667
1 0.657857 0.518571 0.010000 0.029524
1 0.636786 0.799524 0.019286 0.020000
1 0.637857 0.864762 0.011429 0.020952
1 0.636786 0.682381 0.017857 0.025714
1 0.649286 0.655714 0.017143 0.021905
1 0.732143 0.863810 0.018571 0.020952
1 0.561429 0.917143 0.014286 0.022857
1 0.549643 0.913810 0.015000 0.029524
1 0.799643 0.530476 0.013571 0.026667
1 0.841429 0.584286 0.015714 0.027619
1 0.746429 0.575238 0.014286 0.024762
1 0.733571 0.603810 0.014286 0.032381
1 0.795714 0.464762 0.012857 0.024762
1 0.676786 0.422857 0.012143 0.030476
1 0.767500 0.379048 0.009286 0.030476
1 0.803214 0.349048 0.015000 0.029524
1 0.793214 0.329524 0.016429 0.026667
1 0.778929 0.369524 0.012143 0.032381
1 0.768571 0.342857 0.012857 0.030476
1 0.710357 0.394286 0.013571 0.026667
1 0.742857 0.602381 0.008571 0.020000
10 0.491429 0.353810 0.025714 0.027619
3 0.378571 0.348571 0.017143 0.026667
2 0.359643 0.354762 0.013571 0.025714
2 0.451429 0.440952 0.012857 0.015238
10 0.453929 0.446667 0.032143 0.019048
0 0.108571 0.414286 0.030000 0.022857
8 0.256786 0.425238 0.035000 0.021905
0 0.802143 0.906667 0.028571 0.026667
1 0.647500 0.869524 0.012143 0.019048
2 0.836786 0.789524 0.016429 0.022857
3 0.834286 0.791429 0.021429 0.047619
0 0.427857 0.354286 0.015714 0.032381
1 0.590000 0.490952 0.010000 0.020000
2 0.784286 0.413810 0.014286 0.020000
3 0.782143 0.421429 0.020000 0.031429
8 0.718571 0.414286 0.071429 0.034286
2 0.882857 0.501429 0.017143 0.021905
2 0.914286 0.590000 0.018571 0.021905
2 0.705000 0.034762 0.005714 0.023810
4 0.703571 0.205238 0.025714 0.071429
1 0.742857 0.048095 0.011429 0.033333
1 0.757143 0.070952 0.011429 0.033333
1 0.756429 0.038095 0.010000 0.026667
1 0.714643 0.044762 0.007857 0.034286
7 0.709643 0.040476 0.036429 0.018095
3 0.878214 0.508571 0.010714 0.041905
3 0.911429 0.599048 0.018571 0.045714
