4 0.408214 0.660476 0.047857 0.071429
4 0.381071 0.624762 0.040714 0.060952
4 0.443214 0.576667 0.039286 0.065714
4 0.425357 0.548571 0.039286 0.059048
4 0.478214 0.514762 0.032143 0.048571
4 0.460000 0.480000 0.034286 0.047619
4 0.506429 0.455714 0.028571 0.046667
4 0.485357 0.440476 0.026429 0.040952
4 0.469286 0.411429 0.024286 0.043810
4 0.613571 0.181905 0.015714 0.020952
4 0.651071 0.120952 0.009286 0.013333
4 0.686786 0.127143 0.012143 0.014286
4 0.688571 0.105714 0.008571 0.011429
4 0.673214 0.093333 0.013571 0.011429
0 0.633571 0.048571 0.054286 0.051429
1 0.751071 0.920476 0.017857 0.039048
1 0.505714 0.946667 0.012857 0.030476
1 0.474286 0.938095 0.012857 0.026667
2 0.180000 0.686667 0.015714 0.026667
2 0.254286 0.623333 0.011429 0.018095
10 0.182143 0.693810 0.017143 0.031429
10 0.255714 0.631429 0.017143 0.022857
4 0.446429 0.227143 0.028571 0.014286
