4 0.244643 0.986667 0.047857 0.026667
4 0.653571 0.907619 0.038571 0.024762
4 0.627143 0.837143 0.031429 0.019048
4 0.667500 0.827143 0.030714 0.018095
4 0.648214 0.814286 0.029286 0.017143
4 0.471786 0.800952 0.029286 0.017143
4 0.323214 0.819524 0.029286 0.021905
4 0.357143 0.737143 0.014286 0.017143
4 0.376071 0.732857 0.012143 0.018095
4 0.882500 0.804762 0.030714 0.015238
4 0.936429 0.816190 0.031429 0.017143
4 0.992143 0.838095 0.015714 0.015238
1 0.948929 0.701905 0.003571 0.009524
4 0.793214 0.633333 0.010714 0.009524
4 0.416071 0.577619 0.007857 0.006667
4 0.413214 0.576667 0.009286 0.006667
0 0.420000 0.565238 0.080000 0.016190
4 0.767857 0.594286 0.010000 0.005714
4 0.730000 0.593333 0.008571 0.005714
4 0.736786 0.592381 0.009286 0.007619
9 0.740714 0.589524 0.012857 0.009524
0 0.719286 0.573810 0.071429 0.020000
0 0.777500 0.583810 0.027857 0.015238
