0 0.457857 0.341905 0.037143 0.020952
0 0.397143 0.352381 0.007143 0.013333
0 0.392857 0.338095 0.004286 0.009524
0 0.427500 0.375238 0.015000 0.015238
0 0.428214 0.309048 0.005000 0.006667
0 0.351429 0.305238 0.024286 0.021905
6 0.466429 0.590952 0.024286 0.048571
6 0.574643 0.887619 0.052143 0.120000
6 0.512857 0.794762 0.034286 0.067619
6 0.497500 0.624762 0.022143 0.057143
6 0.471429 0.537143 0.020000 0.040000
6 0.446429 0.517619 0.011429 0.023810
6 0.437143 0.472381 0.017143 0.038095
6 0.444643 0.439524 0.013571 0.033333
6 0.400000 0.406667 0.024286 0.030476
6 0.442857 0.387143 0.015714 0.014286
6 0.503571 0.371429 0.054286 0.020952
6 0.515000 0.363810 0.037143 0.013333
6 0.459643 0.377619 0.026429 0.014286
6 0.230357 0.407143 0.043571 0.018095
6 0.236071 0.420952 0.035000 0.020952
6 0.278214 0.406667 0.040714 0.019048
6 0.285714 0.410952 0.041429 0.020000
0 0.426429 0.658571 0.014286 0.050476
0 0.405357 0.549524 0.010714 0.026667
0 0.533214 0.523333 0.015000 0.023810
0 0.417857 0.481905 0.007143 0.011429
0 0.451071 0.400476 0.005000 0.008571
1 0.478214 0.397143 0.002143 0.007619
4 0.454643 0.437143 0.006429 0.009524
4 0.452143 0.463810 0.007143 0.011429
4 0.517143 0.495714 0.011429 0.016190
4 0.461786 0.504286 0.009286 0.014286
4 0.456071 0.489048 0.009286 0.014286
4 0.451429 0.539524 0.011429 0.016190
4 0.516071 0.564286 0.013571 0.021905
4 0.455714 0.559048 0.011429 0.017143
4 0.447857 0.499048 0.008571 0.015238
4 0.443214 0.621429 0.013571 0.029524
5 0.486786 0.682857 0.017857 0.032381
5 0.565357 0.679048 0.015000 0.032381
4 0.472500 0.634762 0.015000 0.025714
4 0.515357 0.705238 0.016429 0.031429
4 0.523929 0.750000 0.019286 0.035238
4 0.493929 0.727619 0.017857 0.036190
4 0.541071 0.804286 0.020714 0.044762
4 0.526429 0.873333 0.024286 0.053333
4 0.497500 0.934286 0.023571 0.062857
4 0.463571 0.967143 0.024286 0.063810
9 0.557143 0.962381 0.055714 0.075238
10 0.698214 0.914762 0.020714 0.018095
7 0.589286 0.783810 0.015714 0.034286
7 0.597500 0.816190 0.015000 0.028571
7 0.635000 0.779524 0.015714 0.029524
7 0.607857 0.814762 0.014286 0.029524
7 0.600357 0.785238 0.010714 0.023810
7 0.661786 0.820000 0.032143 0.020952
7 0.658214 0.807143 0.035000 0.023810
7 0.652857 0.794286 0.032857 0.022857
0 0.613571 0.710000 0.018571 0.025714
0 0.585357 0.664762 0.009286 0.020952
1 0.570000 0.637619 0.004286 0.012381
1 0.567143 0.627143 0.002857 0.010476
1 0.569286 0.613333 0.004286 0.011429
0 0.559286 0.578095 0.007143 0.017143
0 0.495357 0.448571 0.016429 0.022857
0 0.510714 0.524762 0.010000 0.013333
4 0.511786 0.543810 0.013571 0.019048
10 0.492143 0.512381 0.005714 0.007619
5 0.456071 0.475238 0.007857 0.013333
9 0.482857 0.573333 0.018571 0.036190
10 0.461071 0.871429 0.007857 0.028571
10 0.442857 0.849524 0.004286 0.026667
10 0.439286 0.771429 0.004286 0.024762
10 0.432143 0.704762 0.004286 0.019048
7 0.418929 0.719524 0.013571 0.031429
2 0.431429 0.702381 0.005714 0.010476
2 0.439286 0.767143 0.005714 0.012381
2 0.443214 0.843810 0.005000 0.015238
2 0.461071 0.867619 0.007857 0.015238
5 0.394643 0.366667 0.006429 0.015238
4 0.410714 0.360952 0.004286 0.007619
9 0.405357 0.364286 0.007857 0.020000
0 0.315000 0.418095 0.008571 0.009524
0 0.268214 0.424762 0.010714 0.007619
1 0.318929 0.440000 0.002143 0.007619
1 0.295000 0.388571 0.001429 0.005714
6 0.170000 0.316667 0.020000 0.008571
0 0.223571 0.307143 0.060000 0.020000
4 0.470357 0.356190 0.006429 0.005714
