6 0.293929 0.803934 0.057857 0.201777
6 0.322500 0.857868 0.057857 0.187817
6 0.354286 0.878173 0.038571 0.149746
6 0.350000 0.685914 0.037143 0.135787
4 0.418214 0.981599 0.019286 0.034264
6 0.570357 0.875635 0.027857 0.124365
4 0.371429 0.599619 0.028571 0.074873
4 0.377857 0.527919 0.020000 0.071066
5 0.458929 0.769670 0.022143 0.079949
9 0.523571 0.778553 0.015714 0.090102
4 0.461786 0.565355 0.017857 0.067259
4 0.575714 0.451777 0.017143 0.065990
5 0.178571 0.248096 0.032857 0.049492
1 0.938214 0.864848 0.013571 0.021574
1 0.905000 0.729695 0.010000 0.015228
1 0.888214 0.664340 0.010714 0.013959
1 0.895714 0.675127 0.008571 0.015228
1 0.883929 0.677030 0.010714 0.011421
1 0.876786 0.708756 0.009286 0.016497
1 0.886429 0.706218 0.008571 0.013959
4 0.771786 0.193528 0.016429 0.057107
6 0.544286 0.041244 0.051429 0.069797
1 0.088929 0.175761 0.010714 0.024112
1 0.113929 0.103426 0.007857 0.026650
5 0.451071 0.180203 0.015000 0.043147
4 0.474643 0.210025 0.015000 0.044416
5 0.446786 0.288071 0.015000 0.050761
4 0.467857 0.394670 0.015714 0.050761
4 0.523571 0.359137 0.015714 0.060914
10 0.522500 0.178934 0.006429 0.027919
