10 0.335073 0.269944 0.030271 0.053803
10 0.447025 0.275974 0.017223 0.064007
10 0.570720 0.262987 0.021399 0.052876
10 0.616910 0.268553 0.021921 0.062152
10 0.662056 0.281540 0.023486 0.073284
10 0.692850 0.255102 0.033925 0.053803
1 0.851514 0.225881 0.019311 0.065863
2 0.131785 0.498145 0.030793 0.068646
1 0.136221 0.679963 0.030271 0.081633
1 0.361952 0.607143 0.028706 0.076994
1 0.346033 0.548701 0.017745 0.088126
1 0.363518 0.530612 0.021399 0.087199
1 0.401618 0.543135 0.016180 0.056586
1 0.416232 0.498145 0.014092 0.068646
1 0.447025 0.550557 0.019311 0.084416
1 0.469468 0.566327 0.024530 0.082560
1 0.569937 0.579777 0.026096 0.077922
1 0.526879 0.538961 0.020355 0.089054
1 0.498173 0.539425 0.019311 0.080705
1 0.509916 0.534323 0.024008 0.083488
1 0.481211 0.533395 0.027140 0.083488
1 0.473382 0.514378 0.019833 0.071429
1 0.458246 0.508349 0.019833 0.079777
2 0.544102 0.560761 0.015136 0.058442
1 0.549061 0.567718 0.020877 0.085343
2 0.609342 0.580241 0.024530 0.089981
1 0.614823 0.639147 0.025052 0.068646
3 0.603601 0.576994 0.054802 0.050093
1 0.891701 0.510204 0.033925 0.072356
10 0.902140 0.549629 0.057933 0.049165
8 0.062370 0.766234 0.084029 0.209647
7 0.132829 0.792208 0.065240 0.146568
7 0.229645 0.766698 0.064718 0.180891
8 0.296712 0.769944 0.061065 0.185529
8 0.405010 0.756494 0.061587 0.188312
8 0.503132 0.749072 0.051148 0.167904
4 0.652662 0.781076 0.115344 0.270872
8 0.852296 0.720315 0.091858 0.212430
8 0.653967 0.238868 0.044885 0.049165
1 0.837422 0.211503 0.022443 0.064935
8 0.851775 0.719388 0.091858 0.212430
10 0.983559 0.886364 0.031837 0.073284
