0 0.710000 0.156190 0.025714 0.028571
0 0.753929 0.218571 0.023571 0.042857
0 0.668571 0.200476 0.007143 0.020000
4 0.849286 0.761429 0.030000 0.058095
4 0.878571 0.760000 0.030000 0.047619
5 0.748571 0.499048 0.027143 0.022857
6 0.595000 0.321429 0.007143 0.016190
6 0.708929 0.235238 0.005000 0.009524
4 0.675714 0.294286 0.005714 0.007619
4 0.683571 0.275238 0.005714 0.005714
4 0.633571 0.248571 0.004286 0.005714
6 0.715357 0.205238 0.005000 0.010476
6 0.662857 0.204286 0.005714 0.012381
6 0.636071 0.201429 0.016429 0.010476
4 0.650714 0.208571 0.004286 0.003810
0 0.721786 0.182857 0.016429 0.019048
6 0.721786 0.216190 0.006429 0.011429
4 0.716071 0.225238 0.003571 0.004762
4 0.700000 0.267143 0.017143 0.039048
4 0.684643 0.301429 0.003571 0.010476
4 0.658929 0.359048 0.003571 0.009524
0 0.824643 0.370476 0.022143 0.036190
4 0.793571 0.384286 0.017143 0.014286
4 0.790714 0.379524 0.017143 0.014286
4 0.907500 0.417619 0.017857 0.021905
4 0.894286 0.418095 0.012857 0.022857
4 0.861071 0.412857 0.013571 0.021905
4 0.924286 0.418571 0.015714 0.025714
4 0.965714 0.423333 0.017143 0.020000
4 0.926786 0.446667 0.023571 0.015238
5 0.517857 0.280952 0.010000 0.009524
4 0.521786 0.279524 0.010714 0.006667
4 0.525357 0.277619 0.007857 0.008571
4 0.538214 0.279048 0.006429 0.007619
4 0.516429 0.284762 0.010000 0.005714
0 0.558214 0.361429 0.006429 0.012381
0 0.970714 0.623810 0.052857 0.055238
4 0.142143 0.542857 0.030000 0.032381
