6 0.164666 0.689703 0.165449 0.154917
4 0.479384 0.510668 0.040188 0.043599
4 0.405793 0.872449 0.055846 0.091837
4 0.736430 0.615955 0.024008 0.051948
4 0.790449 0.624304 0.023486 0.053803
4 0.859081 0.793135 0.054280 0.072356
4 0.870303 0.761132 0.055846 0.071429
4 0.953288 0.445733 0.028706 0.032468
4 0.973382 0.427180 0.025052 0.038033
4 0.959290 0.311688 0.036534 0.027829
4 0.976514 0.308442 0.028184 0.028757
4 0.978340 0.292672 0.032881 0.026902
4 0.989040 0.286178 0.020877 0.021336
4 0.992432 0.271800 0.014092 0.020408
0 0.622129 0.397032 0.016701 0.014842
6 0.458246 0.203618 0.037578 0.045455
6 0.474165 0.198052 0.028706 0.039889
