4 0.294643 0.373810 0.006429 0.010476
4 0.323214 0.320476 0.003571 0.006667
6 0.320000 0.326190 0.005714 0.014286
9 0.311071 0.348571 0.009286 0.020952
9 0.290000 0.390476 0.017143 0.028571
5 0.248214 0.500952 0.012143 0.022857
0 0.411071 0.446190 0.003571 0.012381
0 0.393571 0.271905 0.017143 0.025714
0 0.370000 0.247619 0.021429 0.019048
4 0.397500 0.324286 0.003571 0.006667
4 0.396429 0.320476 0.004286 0.004762
6 0.397143 0.312857 0.005714 0.010476
5 0.088929 0.394286 0.017857 0.011429
5 0.302143 0.308571 0.007143 0.007619
5 0.315714 0.304286 0.004286 0.004762
6 0.412143 0.294762 0.005714 0.014286
6 0.435714 0.309048 0.007143 0.014286
6 0.451429 0.331429 0.014286 0.009524
5 0.441429 0.296190 0.010000 0.007619
5 0.525714 0.369048 0.011429 0.008571
5 0.500714 0.388571 0.014286 0.007619
4 0.502143 0.404286 0.017143 0.008571
4 0.502143 0.397143 0.018571 0.009524
4 0.506071 0.383333 0.013571 0.008571
4 0.503214 0.379524 0.015000 0.006667
4 0.520000 0.362857 0.014286 0.009524
4 0.526071 0.367143 0.017857 0.008571
4 0.478929 0.312857 0.007857 0.004762
0 0.452857 0.315238 0.018571 0.020952
