4 0.386429 0.680000 0.140000 0.129524
4 0.049643 0.738095 0.097857 0.148571
4 0.557143 0.577143 0.084286 0.080000
4 0.678571 0.552857 0.058571 0.071429
4 0.629286 0.489524 0.054286 0.051429
4 0.744286 0.459524 0.058571 0.039048
4 0.625714 0.439524 0.040000 0.040952
4 0.706429 0.397619 0.028571 0.027619
4 0.724643 0.368095 0.023571 0.023810
4 0.712857 0.352381 0.018571 0.019048
4 0.786429 0.357143 0.018571 0.019048
4 0.763571 0.323810 0.010000 0.011429
4 0.753214 0.314762 0.010714 0.010476
0 0.791429 0.269524 0.044286 0.026667
0 0.770714 0.305714 0.021429 0.020952
4 0.751786 0.294762 0.010714 0.008571
0 0.759286 0.281429 0.008571 0.016190
0 0.762857 0.265714 0.007143 0.011429
0 0.712500 0.291429 0.016429 0.009524
1 0.685714 0.296190 0.004286 0.015238
0 0.738214 0.285714 0.009286 0.017143
2 0.792500 0.417619 0.009286 0.025714
2 0.797500 0.443333 0.012143 0.021905
10 0.789643 0.425238 0.006429 0.016190
10 0.793571 0.452857 0.011429 0.021905
0 0.807143 0.358095 0.014286 0.032381
0 0.801429 0.314286 0.010000 0.030476
1 0.862500 0.413333 0.009286 0.032381
1 0.870714 0.414762 0.008571 0.035238
2 0.520357 0.366190 0.005000 0.020000
10 0.521786 0.371905 0.006429 0.008571
2 0.792500 0.335714 0.005000 0.012381
10 0.791786 0.338571 0.003571 0.012381
0 0.821071 0.384762 0.007857 0.020952
0 0.786786 0.314762 0.005000 0.012381
