4 0.358214 0.812857 0.125000 0.218095
4 0.676786 0.490000 0.069286 0.183810
4 0.790357 0.392857 0.132143 0.092381
4 0.638571 0.292857 0.127143 0.088571
4 0.599643 0.465238 0.066429 0.185714
4 0.526429 0.455238 0.084286 0.182857
4 0.450000 0.435238 0.084286 0.169524
4 0.376429 0.418095 0.080000 0.169524
4 0.308214 0.400952 0.090714 0.177143
4 0.239643 0.378095 0.095000 0.169524
4 0.167857 0.362381 0.100000 0.162857
4 0.100000 0.351905 0.112857 0.155238
4 0.039286 0.335714 0.078571 0.149524
4 0.795357 0.314762 0.129286 0.088571
4 0.792500 0.238095 0.140714 0.078095
4 0.798214 0.164286 0.126429 0.079048
4 0.795000 0.114762 0.124286 0.084762
4 0.544286 0.135714 0.120000 0.086667
4 0.559286 0.089524 0.121429 0.085714
5 0.532500 0.201429 0.115000 0.086667
5 0.572857 0.032381 0.090000 0.064762
4 0.473929 0.020000 0.055000 0.040000
4 0.804286 0.051905 0.102857 0.077143
5 0.651429 0.677619 0.138571 0.140000
1 0.586429 0.810000 0.024286 0.039048
3 0.581786 0.799048 0.052143 0.041905
1 0.670000 0.874286 0.031429 0.034286
1 0.701071 0.885238 0.023571 0.033333
1 0.936786 0.600000 0.035000 0.047619
1 0.864643 0.699048 0.025000 0.034286
1 0.951071 0.720476 0.043571 0.033333
3 0.947500 0.734286 0.036429 0.049524
1 0.895357 0.507619 0.036429 0.041905
1 0.886786 0.520476 0.033571 0.033333
1 0.847857 0.485714 0.030000 0.038095
2 0.757500 0.684762 0.022143 0.038095
1 0.656429 0.619048 0.015714 0.045714
1 0.538571 0.329048 0.015714 0.044762
3 0.422500 0.056667 0.015000 0.042857
3 0.320357 0.167143 0.022143 0.054286
10 0.248929 0.147143 0.025000 0.048571
10 0.348571 0.165714 0.024286 0.041905
3 0.076429 0.139524 0.025714 0.048571
3 0.049643 0.145714 0.030714 0.064762
0 0.193214 0.146667 0.043571 0.062857
8 0.463214 0.752857 0.096429 0.069524
8 0.684286 0.830476 0.115714 0.080000
2 0.737500 0.526190 0.019286 0.035238
8 0.868929 0.750952 0.080714 0.107619
5 0.898571 0.463810 0.040000 0.108571
