4 0.613929 0.969048 0.072143 0.061905
4 0.461786 0.980000 0.069286 0.040000
4 0.463214 0.931905 0.069286 0.052381
1 0.579643 0.867143 0.010714 0.029524
4 0.437143 0.704286 0.065714 0.044762
1 0.549286 0.696667 0.007143 0.020000
4 0.435357 0.666667 0.067857 0.045714
4 0.440714 0.624286 0.062857 0.040952
1 0.560000 0.648095 0.007143 0.020000
1 0.536786 0.603810 0.009286 0.020952
10 0.550000 0.615238 0.008571 0.028571
0 0.448929 0.517619 0.036429 0.128571
1 0.550714 0.511905 0.007143 0.023810
1 0.541071 0.492381 0.006429 0.024762
1 0.536786 0.400476 0.007857 0.021905
2 0.470000 0.390952 0.010000 0.014286
2 0.469286 0.382857 0.010000 0.011429
4 0.443571 0.359048 0.048571 0.034286
4 0.450357 0.334762 0.042143 0.031429
4 0.450357 0.312381 0.037857 0.026667
4 0.450357 0.294286 0.043571 0.026667
4 0.451786 0.273810 0.040714 0.025714
4 0.448929 0.254762 0.039286 0.033333
4 0.451786 0.233333 0.040714 0.026667
4 0.452500 0.212857 0.036429 0.029524
4 0.456429 0.198095 0.040000 0.026667
4 0.505357 0.275714 0.020714 0.040952
1 0.537857 0.320952 0.005714 0.020952
3 0.510357 0.215238 0.005000 0.022857
2 0.509643 0.211905 0.005000 0.014286
1 0.516071 0.197619 0.006429 0.018095
4 0.495357 0.040952 0.015000 0.022857
1 0.513571 0.794286 0.014286 0.049524
