0 0.492500 0.230952 0.009286 0.018095
0 0.491429 0.197143 0.008571 0.009524
0 0.493929 0.081905 0.013571 0.022857
0 0.472500 0.158095 0.003571 0.007619
0 0.485000 0.147143 0.002857 0.006667
0 0.465000 0.224286 0.005714 0.010476
0 0.452143 0.262381 0.004286 0.012381
5 0.787857 0.857619 0.045714 0.039048
4 0.533929 0.471429 0.013571 0.020952
4 0.526071 0.412381 0.012143 0.015238
0 0.497143 0.332381 0.007143 0.013333
1 0.493214 0.249048 0.002143 0.006667
1 0.495357 0.250000 0.002143 0.006667
1 0.487143 0.276190 0.001429 0.007619
1 0.283929 0.718095 0.005000 0.017143
4 0.560714 0.929524 0.040000 0.070476
10 0.673214 0.744762 0.015000 0.015238
2 0.675357 0.738571 0.009286 0.016190
1 0.613214 0.699048 0.005000 0.013333
7 0.511429 0.658571 0.012857 0.031429
0 0.585714 0.599048 0.005714 0.017143
0 0.572143 0.625238 0.008571 0.012381
8 0.610714 0.748571 0.014286 0.032381
10 0.859286 0.910476 0.022857 0.020952
10 0.827500 0.840952 0.016429 0.015238
10 0.846429 0.881429 0.022857 0.021905
2 0.829286 0.834286 0.008571 0.015238
1 0.379643 0.428571 0.002143 0.011429
1 0.421071 0.472857 0.003571 0.012381
1 0.402500 0.412381 0.002143 0.011429
1 0.406071 0.393810 0.002143 0.012381
1 0.404643 0.401429 0.002143 0.010476
1 0.410714 0.385238 0.002857 0.010476
2 0.303929 0.437143 0.003571 0.007619
2 0.301071 0.440476 0.003571 0.008571
6 0.401071 0.203810 0.007857 0.015238
6 0.427500 0.167619 0.007857 0.017143
6 0.485357 0.120476 0.003571 0.008571
6 0.488929 0.109048 0.002143 0.006667
4 0.466071 0.111905 0.002143 0.002857
4 0.468929 0.109048 0.002143 0.002857
4 0.485357 0.103810 0.002143 0.001905
4 0.805357 0.912381 0.053571 0.040000
4 0.673571 0.551429 0.031429 0.024762
4 0.663929 0.375714 0.007857 0.012381
1 0.602143 0.578571 0.004286 0.016190
