5 0.813674 0.930427 0.169102 0.137291
4 0.213987 0.916048 0.123173 0.166048
8 0.495825 0.782931 0.086639 0.207792
8 0.398747 0.474026 0.037578 0.064935
5 0.406576 0.423006 0.035491 0.055659
4 0.540188 0.441558 0.036534 0.055659
4 0.712161 0.670223 0.090292 0.115955
4 0.626827 0.638219 0.093946 0.087199
4 0.744520 0.598330 0.108038 0.079777
4 0.667015 0.565863 0.089770 0.063080
5 0.702505 0.516234 0.069937 0.067718
4 0.599165 0.469388 0.052192 0.059369
4 0.669624 0.443414 0.072025 0.050093
4 0.620564 0.418831 0.061587 0.039889
4 0.453810 0.320501 0.017223 0.038033
5 0.480950 0.340909 0.030793 0.052876
10 0.827244 0.634045 0.025052 0.052876
1 0.770094 0.537570 0.012004 0.058442
2 0.719729 0.547774 0.017745 0.032468
4 0.700678 0.504174 0.084029 0.052876
1 0.630741 0.479128 0.010960 0.052876
1 0.598643 0.483302 0.011482 0.048237
1 0.626044 0.402134 0.010960 0.038033
1 0.616910 0.400278 0.010438 0.038033
2 0.724165 0.432282 0.015136 0.038961
10 0.724165 0.445733 0.018267 0.032468
1 0.806106 0.585343 0.015136 0.068646
1 0.790710 0.573284 0.016701 0.057514
2 0.802714 0.598794 0.018789 0.049165
4 0.043841 0.541280 0.080376 0.093692
6 0.469729 0.281540 0.031315 0.065863
6 0.502610 0.198052 0.015658 0.030612
8 0.568111 0.246753 0.024530 0.025974
8 0.589770 0.272263 0.013570 0.030612
8 0.616388 0.278293 0.032359 0.025974
8 0.635177 0.276902 0.014614 0.034323
8 0.614823 0.277829 0.032359 0.025046
8 0.614562 0.275046 0.033925 0.028757
8 0.604906 0.263915 0.013570 0.019481
1 0.590031 0.261596 0.007829 0.022263
10 0.599687 0.255566 0.010438 0.013915
8 0.615084 0.246753 0.009916 0.018553
4 0.538622 0.188312 0.007307 0.011132
4 0.572547 0.200835 0.020877 0.013915
4 0.570720 0.197124 0.016180 0.013915
5 0.571764 0.194341 0.015136 0.013915
5 0.572025 0.185993 0.016701 0.013915
4 0.554280 0.192022 0.015658 0.014842
5 0.556889 0.183210 0.013570 0.013915
5 0.564718 0.177180 0.011482 0.012987
10 0.519572 0.178571 0.003653 0.006494
10 0.532620 0.186920 0.002610 0.008349
2 0.532359 0.184601 0.002088 0.007421
2 0.519833 0.177180 0.002088 0.007421
4 0.509916 0.182746 0.006263 0.011132
4 0.509656 0.180427 0.006785 0.012059
4 0.517223 0.161874 0.005219 0.010204
0 0.557411 0.161410 0.011482 0.014842
4 0.551148 0.160946 0.008351 0.006494
6 0.540188 0.159555 0.012526 0.020408
0 0.528445 0.140074 0.025574 0.031540
0 0.549582 0.143785 0.007307 0.012987
4 0.531054 0.146104 0.003653 0.006494
