4 0.633500 0.788000 0.071000 0.170667
1 0.519500 0.794000 0.016000 0.029333
10 0.448000 0.867333 0.025000 0.056000
1 0.452000 0.820667 0.017000 0.025333
2 0.395500 0.797667 0.010000 0.019333
1 0.409250 0.810000 0.025500 0.029333
1 0.445000 0.799667 0.015000 0.027333
1 0.447000 0.775000 0.014000 0.023333
6 0.313250 0.846000 0.095500 0.308000
3 0.502250 0.685667 0.015500 0.058000
2 0.502500 0.676000 0.017000 0.025333
1 0.466250 0.590000 0.009500 0.037333
1 0.459500 0.530667 0.018000 0.028000
6 0.437250 0.536667 0.052500 0.161333
10 0.543750 0.491000 0.014500 0.047333
2 0.543750 0.484000 0.015500 0.021333
6 0.441000 0.382000 0.040000 0.114667
1 0.468250 0.320333 0.011500 0.038000
10 0.424250 0.257000 0.016500 0.034000
2 0.424750 0.222667 0.010500 0.021333
1 0.460000 0.182667 0.011000 0.036000
1 0.469000 0.183000 0.010000 0.036667
5 0.390250 0.133333 0.073500 0.061333
4 0.435250 0.069667 0.030500 0.062000
1 0.459000 0.132333 0.011000 0.035333
10 0.447500 0.138667 0.012000 0.026667
2 0.447250 0.131000 0.012500 0.031333
4 0.471250 0.024000 0.028500 0.048000
10 0.443500 0.020000 0.009000 0.024000
2 0.441750 0.013000 0.014500 0.026000
1 0.424500 0.023000 0.010000 0.028667
1 0.420750 0.015000 0.005500 0.030000
6 0.407500 0.015000 0.062000 0.030000
2 0.546750 0.151000 0.015500 0.034000
2 0.506500 0.142333 0.011000 0.019333
2 0.505750 0.136333 0.011500 0.030000
10 0.506250 0.142333 0.011500 0.031333
6 0.534500 0.110000 0.034000 0.078667
5 0.569500 0.322667 0.036000 0.086667
6 0.614500 0.403333 0.083000 0.089333
