4 0.062370 0.380334 0.072547 0.048237
4 0.325678 0.381262 0.090814 0.061224
4 0.440762 0.388683 0.086117 0.051948
1 0.285230 0.522263 0.017223 0.079777
1 0.269050 0.539889 0.010960 0.046382
1 0.373956 0.507421 0.016180 0.076067
1 0.382046 0.504638 0.010438 0.029685
2 0.394311 0.524583 0.008873 0.030612
1 0.438413 0.512987 0.015658 0.059369
1 0.598382 0.466605 0.023486 0.038961
1 0.653706 0.474490 0.025574 0.064007
1 0.728079 0.429963 0.010438 0.047310
1 0.748434 0.413265 0.013570 0.064007
1 0.705376 0.402134 0.020355 0.039889
8 0.871608 0.395176 0.058455 0.094620
1 0.956681 0.403525 0.014614 0.074212
10 0.956420 0.420223 0.041232 0.048237
10 0.771921 0.415584 0.028184 0.055659
4 0.569676 0.391002 0.095511 0.052876
