10 0.178214 0.692857 0.036429 0.027619
10 0.442857 0.962381 0.030000 0.025714
10 0.331786 0.522857 0.026429 0.022857
10 0.410714 0.538571 0.028571 0.020000
10 0.453571 0.520000 0.015714 0.032381
10 0.558929 0.520476 0.027857 0.027619
10 0.519643 0.520000 0.010714 0.038095
10 0.568571 0.467143 0.008571 0.031429
1 0.298929 0.523333 0.013571 0.016190
3 0.305000 0.520476 0.017143 0.023810
3 0.372500 0.524286 0.010714 0.029524
3 0.477143 0.510476 0.011429 0.032381
3 0.483214 0.412381 0.013571 0.030476
1 0.590357 0.982381 0.015000 0.014286
1 0.508929 0.798095 0.010714 0.019048
1 0.521071 0.794286 0.012143 0.022857
4 0.578214 0.893333 0.093571 0.055238
5 0.575357 0.820000 0.082143 0.059048
5 0.566786 0.659048 0.082143 0.049524
4 0.538571 0.593333 0.074286 0.087619
1 0.616429 0.525714 0.012857 0.019048
1 0.612143 0.711905 0.010000 0.018095
1 0.627500 0.767619 0.009286 0.015238
8 0.672500 0.961905 0.022143 0.074286
4 0.668929 0.789524 0.037857 0.118095
4 0.665357 0.671905 0.040714 0.107619
5 0.643571 0.410476 0.034286 0.100952
1 0.872143 0.917143 0.024286 0.028571
1 0.900000 0.935238 0.018571 0.015238
1 0.916786 0.961905 0.020714 0.020952
2 0.903214 0.905714 0.019286 0.020952
10 0.906429 0.812381 0.028571 0.020952
2 0.924643 0.734286 0.022143 0.026667
2 0.909286 0.674286 0.022857 0.015238
1 0.875357 0.712857 0.020714 0.010476
10 0.896786 0.576190 0.013571 0.040000
3 0.907500 0.564762 0.013571 0.030476
10 0.782143 0.465714 0.011429 0.038095
10 0.800357 0.465238 0.019286 0.033333
8 0.825714 0.469048 0.025714 0.065714
8 0.844643 0.452381 0.029286 0.053333
10 0.675714 0.320476 0.011429 0.039048
2 0.673929 0.315238 0.012143 0.017143
3 0.751071 0.182857 0.007857 0.030476
10 0.795000 0.139048 0.024286 0.017143
10 0.804286 0.119524 0.028571 0.016190
10 0.824286 0.136190 0.025714 0.013333
3 0.793929 0.096190 0.022143 0.017143
1 0.745714 0.179048 0.012857 0.026667
1 0.732857 0.178095 0.014286 0.022857
3 0.617143 0.218571 0.018571 0.033333
3 0.618214 0.190952 0.010714 0.037143
4 0.628214 0.120476 0.030714 0.082857
5 0.617500 0.029048 0.032143 0.058095
1 0.618571 0.066190 0.012857 0.023810
3 0.585357 0.120000 0.009286 0.028571
1 0.574286 0.021905 0.007143 0.030476
1 0.555357 0.080952 0.007857 0.026667
1 0.486071 0.406667 0.009286 0.015238
1 0.492500 0.390952 0.010714 0.020000
1 0.493214 0.318095 0.009286 0.030476
1 0.477143 0.307143 0.008571 0.020000
2 0.477857 0.300476 0.004286 0.012381
1 0.501786 0.188571 0.006429 0.026667
1 0.563214 0.205238 0.012143 0.023810
1 0.557500 0.187143 0.006429 0.021905
1 0.559286 0.170952 0.007143 0.023810
1 0.573571 0.156190 0.007143 0.022857
1 0.546071 0.149048 0.006429 0.027619
1 0.504286 0.024762 0.010000 0.030476
1 0.482857 0.092857 0.008571 0.025714
10 0.497143 0.034762 0.010000 0.037143
10 0.528214 0.037619 0.015000 0.040952
10 0.486071 0.042381 0.006429 0.035238
10 0.470714 0.035714 0.011429 0.033333
10 0.446071 0.043810 0.022143 0.022857
2 0.548929 0.052857 0.010714 0.018095
