4 0.300000 0.983000 0.045000 0.031333
4 0.257500 0.946667 0.027000 0.036000
10 0.237500 0.991000 0.014000 0.016667
10 0.238250 0.965000 0.012500 0.019333
7 0.206750 0.904667 0.023500 0.026667
2 0.237250 0.960333 0.009500 0.016667
5 0.200000 0.873333 0.035000 0.038667
10 0.158750 0.867333 0.008500 0.017333
2 0.159000 0.863333 0.007000 0.012000
5 0.170500 0.835333 0.028000 0.036000
1 0.182500 0.796667 0.008000 0.018667
2 0.134000 0.830667 0.007000 0.016000
3 0.134750 0.834667 0.008500 0.013333
4 0.142750 0.805667 0.030500 0.034000
4 0.116750 0.774000 0.033500 0.034667
4 0.092000 0.742667 0.026000 0.028000
3 0.083000 0.770333 0.010000 0.015333
2 0.082000 0.768000 0.006000 0.014667
4 0.064500 0.711000 0.027000 0.028667
1 0.051000 0.716667 0.007000 0.018667
3 0.026250 0.705333 0.007500 0.014667
2 0.026250 0.701000 0.006500 0.014000
4 0.047250 0.687000 0.026500 0.027333
4 0.027500 0.665333 0.024000 0.026667
3 0.426750 0.589000 0.008500 0.010000
0 0.493500 0.618333 0.082000 0.054000
3 0.443500 0.602333 0.009000 0.010000
4 0.173750 0.404667 0.021500 0.012000
4 0.162000 0.402333 0.020000 0.012667
4 0.153500 0.397667 0.020000 0.011333
4 0.115500 0.384333 0.021000 0.010000
