3 0.898500 0.586000 0.047000 0.040000
3 0.780250 0.495667 0.037500 0.044667
3 0.722750 0.369667 0.014500 0.040667
3 0.711500 0.364000 0.014000 0.040000
1 0.345750 0.519333 0.007500 0.022667
1 0.351000 0.503667 0.015000 0.036667
1 0.386500 0.435667 0.008000 0.022000
2 0.395750 0.437667 0.015500 0.026000
1 0.454500 0.369000 0.010000 0.043333
2 0.466000 0.374333 0.009000 0.020667
2 0.416250 0.455000 0.017500 0.024667
1 0.448750 0.448333 0.010500 0.040667
1 0.442750 0.433667 0.020500 0.036667
1 0.437000 0.484333 0.015000 0.052667
1 0.457750 0.473333 0.015500 0.034667
1 0.475500 0.493333 0.008000 0.026667
1 0.487750 0.493333 0.013500 0.033333
2 0.489750 0.510000 0.012500 0.029333
1 0.493250 0.549667 0.009500 0.023333
1 0.493500 0.559000 0.014000 0.044667
1 0.505500 0.574000 0.012000 0.037333
1 0.509750 0.564333 0.007500 0.019333
1 0.515250 0.548667 0.011500 0.041333
1 0.517500 0.543333 0.009000 0.020000
1 0.110750 0.205667 0.012500 0.035333
