2 0.624286 0.806667 0.025714 0.057143
3 0.625357 0.809524 0.053571 0.049524
4 0.786786 0.832857 0.160714 0.122857
5 0.922143 0.508571 0.121429 0.112381
4 0.135714 0.750952 0.174286 0.145714
4 0.304286 0.672857 0.140000 0.105714
4 0.446429 0.607619 0.130000 0.104762
4 0.577857 0.539048 0.115714 0.087619
4 0.691429 0.499048 0.094286 0.093333
4 0.797857 0.446190 0.097143 0.080952
5 0.899286 0.398095 0.112857 0.083810
4 0.309643 0.440476 0.110714 0.084762
4 0.121071 0.644286 0.126429 0.153333
4 0.210714 0.613810 0.095714 0.134286
4 0.312857 0.555238 0.105714 0.131429
4 0.392857 0.540952 0.082857 0.129524
4 0.458929 0.517143 0.057857 0.108571
4 0.531071 0.479524 0.057857 0.100000
4 0.588214 0.454286 0.052143 0.106667
4 0.647500 0.420000 0.046429 0.104762
4 0.707143 0.406190 0.044286 0.090476
4 0.756071 0.379524 0.045000 0.082857
4 0.813571 0.366190 0.047143 0.079048
4 0.654286 0.323810 0.071429 0.060952
4 0.759643 0.287619 0.077857 0.057143
4 0.822857 0.259048 0.071429 0.057143
4 0.859286 0.342381 0.048571 0.079048
4 0.905000 0.326190 0.042857 0.067619
4 0.951429 0.311429 0.055714 0.070476
4 0.984643 0.287143 0.030714 0.067619
4 0.970000 0.358571 0.060000 0.077143
4 0.972857 0.222857 0.054286 0.038095
1 0.979643 0.402381 0.019286 0.046667
