4 0.359643 0.807143 0.035000 0.058095
4 0.304643 0.827143 0.045000 0.063810
4 0.330000 0.763810 0.032857 0.047619
4 0.367143 0.761905 0.030000 0.038095
4 0.342857 0.729048 0.028571 0.035238
4 0.385000 0.703333 0.022857 0.037143
4 0.354643 0.698095 0.023571 0.032381
4 0.363929 0.678095 0.022143 0.020952
4 0.369643 0.655714 0.017857 0.021905
4 0.408214 0.599048 0.009286 0.013333
4 0.451071 0.590476 0.009286 0.011429
4 0.444643 0.567619 0.009286 0.009524
4 0.399643 0.581905 0.009286 0.011429
4 0.405357 0.570476 0.007857 0.007619
4 0.416429 0.556667 0.005714 0.008571
4 0.396429 0.563333 0.008571 0.010476
5 0.400714 0.547143 0.005714 0.008571
4 0.408571 0.546190 0.005714 0.006667
0 0.425357 0.534762 0.060714 0.023810
4 0.017857 0.650476 0.031429 0.024762
1 0.340357 0.599048 0.005000 0.015238
