1 0.606071 0.913810 0.009286 0.018095
1 0.578571 0.860476 0.007143 0.012381
2 0.686786 0.558095 0.012143 0.017143
1 0.798571 0.450000 0.011429 0.023810
1 0.771786 0.395714 0.010714 0.020000
2 0.593214 0.195238 0.012143 0.019048
2 0.588571 0.187143 0.012857 0.016190
1 0.613571 0.115714 0.012857 0.025714
2 0.244286 0.038095 0.017143 0.030476
1 0.186429 0.091429 0.015714 0.026667
2 0.237500 0.194762 0.013571 0.021905
1 0.091071 0.289048 0.013571 0.020000
1 0.098571 0.312381 0.015714 0.019048
10 0.221071 0.043810 0.022143 0.041905
10 0.245714 0.040476 0.021429 0.035238
10 0.239643 0.195238 0.022143 0.036190
10 0.026429 0.450476 0.030000 0.032381
2 0.022500 0.452381 0.019286 0.019048
2 0.030357 0.446667 0.015000 0.017143
2 0.051429 0.661905 0.015714 0.019048
10 0.052500 0.661905 0.030714 0.022857
10 0.260714 0.575238 0.031429 0.019048
10 0.285357 0.624762 0.019286 0.043810
10 0.266786 0.632381 0.020714 0.036190
10 0.258214 0.644286 0.017857 0.035238
10 0.240714 0.656667 0.022857 0.035238
10 0.230357 0.703333 0.027857 0.031429
10 0.553929 0.869524 0.027857 0.020952
10 0.686071 0.558571 0.017857 0.040952
10 0.750714 0.609048 0.034286 0.018095
10 0.861429 0.534286 0.017143 0.040000
10 0.768214 0.497619 0.036429 0.023810
10 0.720714 0.312381 0.034286 0.022857
10 0.825000 0.384762 0.015714 0.036190
10 0.805714 0.318095 0.018571 0.038095
4 0.850000 0.947143 0.070000 0.105714
5 0.725000 0.852857 0.052857 0.096190
4 0.593929 0.948095 0.062143 0.103810
4 0.543929 0.686667 0.059286 0.106667
4 0.586071 0.592381 0.056429 0.083810
4 0.777500 0.691429 0.047857 0.102857
4 0.736786 0.547143 0.052143 0.098095
4 0.706786 0.446667 0.049286 0.087619
4 0.625357 0.418571 0.040714 0.100000
5 0.687857 0.342857 0.041429 0.091429
10 0.588571 0.194762 0.020000 0.037143
8 0.564286 0.195714 0.028571 0.052381
4 0.551786 0.316667 0.067857 0.080952
6 0.442143 0.378571 0.075714 0.090476
6 0.301786 0.285714 0.075000 0.043810
4 0.414643 0.649048 0.060714 0.092381
6 0.041071 0.320000 0.082143 0.116190
