1 0.209500 0.312000 0.048000 0.045333
2 0.200250 0.364333 0.038500 0.046000
2 0.290000 0.309667 0.028000 0.036667
2 0.283750 0.272000 0.023500 0.033333
2 0.249250 0.244333 0.035500 0.038000
2 0.279250 0.222667 0.031500 0.048000
6 0.555500 0.106333 0.199000 0.190000
5 0.034500 0.640333 0.068000 0.162000
2 0.031250 0.947000 0.047500 0.078000
1 0.099250 0.889000 0.059500 0.062000
1 0.099500 0.916000 0.037000 0.041333
1 0.476000 0.825667 0.028000 0.056667
1 0.552000 0.822000 0.026000 0.046667
2 0.548000 0.837667 0.019000 0.034000
10 0.407750 0.758667 0.058500 0.076000
10 0.450000 0.746667 0.058000 0.040000
10 0.306250 0.665000 0.071500 0.038000
1 0.470000 0.738000 0.031000 0.048000
1 0.487500 0.711667 0.034000 0.038000
1 0.510750 0.723333 0.022500 0.048000
1 0.541500 0.706000 0.025000 0.053333
1 0.596500 0.679333 0.026000 0.037333
1 0.599750 0.705667 0.021500 0.046000
1 0.666750 0.692333 0.028500 0.038000
1 0.675500 0.734667 0.030000 0.046667
1 0.461000 0.656333 0.027000 0.040667
1 0.546750 0.655333 0.017500 0.028000
1 0.531750 0.635667 0.022500 0.032667
5 0.408250 0.573333 0.093500 0.197333
1 0.701500 0.972000 0.041000 0.056000
1 0.706250 0.915000 0.044500 0.063333
1 0.681000 0.842333 0.042000 0.063333
1 0.627750 0.682000 0.040500 0.050667
1 0.660250 0.654667 0.024500 0.029333
1 0.647000 0.607667 0.029000 0.036667
1 0.672500 0.629000 0.037000 0.044667
1 0.713500 0.644667 0.041000 0.033333
1 0.733250 0.656333 0.033500 0.036667
1 0.751000 0.654333 0.030000 0.030000
2 0.796500 0.671667 0.023000 0.030000
2 0.780500 0.666333 0.024000 0.028667
2 0.769500 0.641333 0.029000 0.033333
2 0.785750 0.622333 0.029500 0.030000
1 0.675250 0.554333 0.040500 0.031333
1 0.697250 0.575333 0.038500 0.025333
1 0.983500 0.820333 0.033000 0.032667
1 0.803000 0.549000 0.057000 0.028667
2 0.982250 0.531667 0.035500 0.052667
5 0.718250 0.489000 0.134500 0.286000
5 0.661250 0.233333 0.112500 0.246667
7 0.802000 0.134000 0.116000 0.090667
7 0.895000 0.088000 0.077000 0.073333
10 0.886000 0.027000 0.072000 0.054000
