4 0.401786 0.736675 0.017857 0.044416
6 0.356071 0.420685 0.022143 0.077411
4 0.378214 0.440355 0.010714 0.027919
4 0.350714 0.306472 0.008571 0.013959
4 0.312857 0.211929 0.007143 0.012690
4 0.295714 0.159898 0.007143 0.010152
4 0.280714 0.152284 0.007143 0.012690
4 0.293571 0.134518 0.007143 0.010152
4 0.263214 0.093909 0.007857 0.010152
4 0.274286 0.081218 0.005714 0.010152
4 0.256429 0.042513 0.005714 0.008883
4 0.260714 0.031091 0.005714 0.008883
6 0.255000 0.251269 0.024286 0.030457
4 0.922500 0.411168 0.019286 0.015228
4 0.846071 0.331218 0.009286 0.015228
5 0.914643 0.341371 0.009286 0.022843
4 0.922857 0.342005 0.008571 0.024112
0 0.877857 0.270939 0.231429 0.107868
4 0.783929 0.184645 0.016429 0.016497
