4 0.717143 0.488571 0.048571 0.036190
4 0.537857 0.548095 0.060000 0.046667
4 0.425714 0.640476 0.062857 0.063810
4 0.318929 0.626190 0.075000 0.060000
4 0.205000 0.736190 0.098571 0.074286
4 0.300357 0.466667 0.030714 0.038095
4 0.260357 0.469524 0.029286 0.040000
4 0.280357 0.430000 0.026429 0.033333
4 0.339286 0.354286 0.021429 0.019048
4 0.052857 0.543810 0.037143 0.038095
4 0.031429 0.377143 0.018571 0.024762
4 0.052143 0.324762 0.015714 0.019048
4 0.068929 0.320000 0.013571 0.017143
4 0.041786 0.308095 0.012143 0.014286
4 0.188929 0.302857 0.012143 0.017143
4 0.556071 0.389524 0.032143 0.028571
4 0.556429 0.513333 0.054286 0.038095
4 0.270357 0.412857 0.023571 0.027619
4 0.253571 0.395238 0.021429 0.024762
4 0.245000 0.377619 0.018571 0.021905
4 0.235357 0.437619 0.027857 0.031429
4 0.223571 0.410952 0.025714 0.027619
4 0.214286 0.390476 0.020000 0.024762
4 0.162857 0.382857 0.022857 0.026667
4 0.137143 0.291905 0.012857 0.018095
4 0.122143 0.263810 0.011429 0.015238
4 0.127500 0.280952 0.010714 0.013333
4 0.139643 0.306190 0.013571 0.014286
4 0.155357 0.368571 0.015000 0.019048
4 0.201071 0.316190 0.015000 0.020952
4 0.232500 0.360952 0.017857 0.022857
6 0.220357 0.338095 0.029286 0.040000
4 0.115714 0.537619 0.070000 0.035238
4 0.109643 0.497143 0.056429 0.040000
4 0.116071 0.473333 0.062143 0.038095
4 0.101786 0.468571 0.059286 0.034286
4 0.101429 0.448571 0.052857 0.028571
4 0.110714 0.428095 0.048571 0.023810
4 0.110714 0.418095 0.051429 0.020952
4 0.103571 0.405714 0.045714 0.026667
4 0.097500 0.393333 0.049286 0.022857
0 0.100000 0.353810 0.038571 0.048571
0 0.088214 0.295238 0.017857 0.060952
4 0.052500 0.298571 0.012143 0.014286
4 0.052143 0.292857 0.011429 0.016190
4 0.054643 0.282381 0.010714 0.012381
0 0.071429 0.229048 0.017143 0.023810
0 0.152143 0.198095 0.027143 0.019048
0 0.112500 0.178095 0.016429 0.026667
1 0.067143 0.258571 0.004286 0.010476
1 0.061786 0.277619 0.005000 0.012381
1 0.049643 0.362381 0.006429 0.018095
1 0.072857 0.345238 0.005714 0.016190
2 0.051786 0.353333 0.007857 0.015238
1 0.382857 0.349048 0.005714 0.018095
4 0.200357 0.227143 0.006429 0.008571
1 0.208929 0.228571 0.003571 0.009524
2 0.184643 0.281429 0.005000 0.008571
2 0.167500 0.276190 0.006429 0.007619
10 0.184286 0.282857 0.007143 0.011429
10 0.168214 0.278571 0.005000 0.008571
10 0.007857 0.531429 0.015714 0.020952
3 0.005000 0.540952 0.010000 0.015238
2 0.254643 0.520000 0.013571 0.020952
10 0.253929 0.526667 0.012143 0.026667
0 0.214286 0.228095 0.004286 0.010476
1 0.617143 0.861429 0.017143 0.054286
4 0.969643 0.959524 0.060714 0.079048
6 0.687143 0.442857 0.022857 0.020952
2 0.667143 0.438571 0.008571 0.021905
3 0.666071 0.444286 0.016429 0.014286
1 0.659643 0.434762 0.005000 0.021905
4 0.605714 0.410476 0.030000 0.026667
5 0.515357 0.366190 0.035000 0.035238
4 0.794643 0.375238 0.035000 0.024762
4 0.817500 0.368095 0.043571 0.025714
4 0.839286 0.360000 0.037143 0.026667
