5 0.670357 0.805203 0.056429 0.130711
5 0.641071 0.675761 0.046429 0.118020
5 0.591786 0.496827 0.039286 0.085025
5 0.711071 0.939721 0.057857 0.118020
4 0.616071 0.586929 0.043571 0.087563
5 0.574643 0.423223 0.032143 0.082487
5 0.551786 0.357868 0.030714 0.073604
5 0.534643 0.295685 0.025000 0.060914
5 0.522857 0.250000 0.025714 0.068528
5 0.508929 0.208122 0.020714 0.055838
4 0.450714 0.076142 0.021429 0.035533
4 0.493214 0.237944 0.022143 0.052030
1 0.497857 0.869289 0.011429 0.032995
1 0.496429 0.966371 0.015714 0.039340
1 0.625000 0.473985 0.008571 0.036802
1 0.612857 0.472081 0.008571 0.027919
1 0.534286 0.159898 0.004286 0.025381
1 0.531071 0.159264 0.005000 0.029188
1 0.540357 0.130711 0.005000 0.025381
4 0.501071 0.176396 0.015000 0.035533
5 0.436429 0.013959 0.014286 0.027919
1 0.390000 0.086929 0.005714 0.019036
0 0.484643 0.115482 0.039286 0.101523
1 0.477500 0.053934 0.009286 0.021574
4 0.465714 0.060914 0.017143 0.030457
