5 0.427143 0.531726 0.010000 0.032995
5 0.389286 0.586929 0.027143 0.024112
5 0.486786 0.508883 0.010714 0.030457
5 0.490357 0.364848 0.006429 0.016497
5 0.452857 0.340736 0.008571 0.016497
0 0.427857 0.350254 0.012857 0.043147
5 0.490357 0.329315 0.006429 0.013959
0 0.489286 0.116117 0.038571 0.118020
9 0.476429 0.190355 0.007143 0.020305
9 0.513571 0.195431 0.007143 0.032995
9 0.477857 0.344543 0.010000 0.041878
9 0.551429 0.441624 0.014286 0.063452
9 0.411786 0.874365 0.030714 0.152284
5 0.473571 0.919416 0.017143 0.054569
4 0.475357 0.404822 0.007857 0.020305
4 0.488929 0.397208 0.009286 0.020305
4 0.514643 0.295051 0.006429 0.013959
4 0.506071 0.206218 0.005000 0.011421
4 0.483214 0.300127 0.005000 0.013959
4 0.456429 0.307107 0.007143 0.010152
4 0.462143 0.271574 0.004286 0.012690
4 0.471071 0.253173 0.006429 0.011421
9 0.541429 0.306472 0.010000 0.041878
