1 0.413214 0.979048 0.010714 0.019048
2 0.425714 0.983333 0.011429 0.014286
10 0.556071 0.953333 0.015000 0.038095
2 0.556071 0.956190 0.012143 0.022857
1 0.563214 0.974286 0.009286 0.020952
1 0.454643 0.896667 0.009286 0.021905
1 0.430357 0.902857 0.010714 0.013333
1 0.402143 0.902381 0.010000 0.020000
10 0.415714 0.948095 0.028571 0.016190
10 0.376071 0.982857 0.010714 0.034286
2 0.431429 0.839048 0.020000 0.015238
1 0.412143 0.827619 0.011429 0.017143
1 0.411786 0.804762 0.012143 0.015238
1 0.463214 0.769048 0.010714 0.018095
4 0.545000 0.791429 0.031429 0.081905
1 0.578929 0.827143 0.013571 0.014286
10 0.384286 0.742381 0.018571 0.016190
10 0.386429 0.725238 0.018571 0.012381
10 0.388929 0.708571 0.020714 0.015238
1 0.478929 0.540952 0.007857 0.011429
10 0.586429 0.711429 0.030000 0.017143
10 0.590000 0.682857 0.021429 0.015238
3 0.586429 0.620000 0.014286 0.026667
3 0.603214 0.601905 0.019286 0.017143
10 0.591071 0.598095 0.023571 0.024762
3 0.587500 0.587143 0.022143 0.018095
1 0.594286 0.560000 0.014286 0.013333
1 0.609286 0.570476 0.008571 0.011429
1 0.466071 0.486667 0.007857 0.015238
1 0.521786 0.479048 0.012143 0.013333
1 0.554643 0.497143 0.010714 0.015238
1 0.547143 0.490476 0.011429 0.015238
1 0.603214 0.539524 0.010714 0.012381
1 0.477500 0.440476 0.010714 0.010476
5 0.431786 0.457619 0.053571 0.031429
4 0.437143 0.413810 0.065714 0.035238
4 0.432857 0.355714 0.064286 0.061905
4 0.583929 0.406667 0.030714 0.091429
3 0.616071 0.392857 0.012143 0.029524
3 0.623214 0.399524 0.010714 0.025714
1 0.332500 0.409524 0.012143 0.009524
10 0.506786 0.335238 0.010714 0.040000
2 0.505714 0.334762 0.010000 0.018095
1 0.546071 0.313333 0.010714 0.015238
1 0.524286 0.270952 0.010000 0.025714
1 0.579643 0.304762 0.007857 0.015238
1 0.587143 0.304762 0.007143 0.017143
7 0.657857 0.280000 0.027143 0.024762
4 0.666786 0.192381 0.059286 0.040000
4 0.406429 0.237619 0.041429 0.090476
4 0.430714 0.172857 0.042857 0.082857
1 0.465000 0.191905 0.005714 0.016190
1 0.472143 0.189524 0.007143 0.011429
1 0.472143 0.177619 0.008571 0.012381
1 0.517500 0.175714 0.010714 0.020000
1 0.489286 0.114286 0.010000 0.022857
1 0.542857 0.151429 0.010000 0.019048
1 0.545357 0.129524 0.009286 0.015238
2 0.568571 0.130000 0.008571 0.010476
4 0.384643 0.139048 0.033571 0.091429
5 0.285357 0.369524 0.060714 0.038095
4 0.303571 0.440952 0.051429 0.047619
4 0.244643 0.267619 0.067857 0.038095
4 0.316071 0.270000 0.060714 0.040952
4 0.046429 0.431429 0.035714 0.078095
0 0.134643 0.312857 0.129286 0.208571
4 0.025714 0.259048 0.051429 0.041905
