1 0.157143 0.919416 0.015714 0.044416
1 0.198214 0.651015 0.017857 0.043147
1 0.236429 0.341371 0.011429 0.038071
2 0.508929 0.849619 0.017857 0.036802
2 0.410714 0.764594 0.011429 0.029188
2 0.410000 0.745558 0.014286 0.019036
2 0.424643 0.735406 0.016429 0.019036
2 0.427500 0.753173 0.009286 0.021574
2 0.499286 0.424492 0.018571 0.029188
2 0.501071 0.414340 0.017857 0.024112
2 0.491429 0.348350 0.011429 0.029188
2 0.445000 0.380711 0.010000 0.020305
1 0.436071 0.277919 0.009286 0.043147
2 0.449643 0.336929 0.010714 0.024112
1 0.502857 0.140863 0.008571 0.025381
1 0.500714 0.171954 0.007143 0.031726
1 0.504643 0.175761 0.005000 0.016497
1 0.551786 0.206853 0.009286 0.035533
2 0.487857 0.064721 0.010000 0.022843
2 0.488571 0.059010 0.008571 0.026650
2 0.426786 0.041878 0.007857 0.015228
2 0.424286 0.037437 0.007143 0.016497
2 0.325357 0.177030 0.010714 0.024112
5 0.111786 0.300127 0.065000 0.151015
5 0.053571 0.080584 0.060000 0.115482
9 0.031071 0.405457 0.062143 0.321066
1 0.551429 0.199239 0.005714 0.035533
1 0.546786 0.189721 0.006429 0.031726
