4 0.039927 0.385900 0.045407 0.050093
4 0.055063 0.460111 0.054802 0.057514
4 0.065501 0.509276 0.052714 0.059369
4 0.072286 0.541280 0.054802 0.058442
4 0.080898 0.660946 0.060543 0.071429
4 0.098121 0.690167 0.058455 0.068646
4 0.107516 0.743506 0.063674 0.076994
4 0.112735 0.787570 0.064718 0.081633
4 0.116910 0.836735 0.066806 0.092764
4 0.127610 0.885436 0.072547 0.093692
5 0.278706 0.082560 0.032359 0.027829
8 0.553758 0.824675 0.036534 0.053803
4 0.604645 0.678108 0.047495 0.066790
8 0.602035 0.569573 0.043319 0.063080
4 0.627610 0.345547 0.034969 0.043599
4 0.641962 0.370130 0.035491 0.051948
4 0.661013 0.387755 0.038100 0.046382
4 0.514875 0.368275 0.044363 0.046382
6 0.600470 0.056586 0.036013 0.048237
4 0.588727 0.029685 0.028184 0.024119
5 0.660230 0.104360 0.028184 0.036178
