4 0.396429 0.687817 0.065714 0.050761
4 0.448929 0.610406 0.062143 0.043147
4 0.673929 0.621193 0.063571 0.046954
5 0.606429 0.695431 0.068571 0.053299
5 0.372857 0.350254 0.065714 0.060914
4 0.129286 0.342640 0.062857 0.045685
4 0.079286 0.531091 0.062857 0.044416
4 0.087857 0.598350 0.062857 0.049492
5 0.060000 0.746193 0.061429 0.043147
4 0.516429 0.138325 0.030000 0.081218
4 0.800357 0.755076 0.062143 0.045685
4 0.835714 0.509518 0.065714 0.044416
4 0.919286 0.512056 0.064286 0.049492
4 0.938571 0.650381 0.068571 0.044416
4 0.973214 0.586294 0.053571 0.053299
4 0.984286 0.512056 0.031429 0.049492
1 0.678929 0.229061 0.009286 0.024112
1 0.355357 0.951777 0.010714 0.020305
1 0.585357 0.119289 0.006429 0.022843
6 0.263214 0.086929 0.067857 0.097716
4 0.456071 0.032995 0.022143 0.065990
4 0.018571 0.664975 0.037143 0.053299
6 0.034286 0.137056 0.068571 0.068528
2 0.381786 0.211294 0.013571 0.021574
2 0.481429 0.158629 0.008571 0.022843
2 0.581786 0.211929 0.007857 0.022843
10 0.581429 0.218274 0.015714 0.025381
10 0.381071 0.213198 0.010714 0.038071
10 0.481071 0.161802 0.009286 0.036802
6 0.340000 0.029822 0.034286 0.059645
9 0.415714 0.021574 0.028571 0.043147
1 0.724286 0.240482 0.007143 0.024112
