0 0.180357 0.011429 0.016429 0.020952
4 0.204286 0.072857 0.005714 0.006667
4 0.262857 0.140476 0.007143 0.008571
1 0.251071 0.111429 0.002143 0.007619
4 0.263571 0.114762 0.010000 0.008571
4 0.250000 0.070952 0.007143 0.008571
4 0.261071 0.086190 0.005000 0.006667
4 0.153214 0.383810 0.030714 0.019048
4 0.155357 0.399048 0.032143 0.017143
10 0.287857 0.990000 0.010000 0.020000
1 0.222857 0.733333 0.010000 0.026667
1 0.226786 0.636190 0.007857 0.020952
4 0.260357 0.400476 0.020714 0.029524
4 0.253571 0.367619 0.017143 0.030476
10 0.276429 0.384286 0.004286 0.014286
2 0.276429 0.380952 0.004286 0.007619
4 0.183214 0.344762 0.040714 0.020952
4 0.177500 0.322857 0.032143 0.020952
4 0.177857 0.313333 0.032857 0.019048
0 0.220000 0.233333 0.018571 0.043810
1 0.203929 0.154286 0.002143 0.005714
4 0.264643 0.091905 0.003571 0.006667
4 0.267500 0.096190 0.003571 0.005714
4 0.270714 0.102381 0.005714 0.006667
4 0.274643 0.108095 0.003571 0.004762
4 0.278214 0.113810 0.005000 0.006667
4 0.286429 0.119048 0.008571 0.007619
4 0.296071 0.132857 0.009286 0.008571
1 0.276786 0.100000 0.002143 0.003810
1 0.328929 0.566667 0.007857 0.026667
4 0.310357 0.156190 0.009286 0.009524
4 0.315357 0.161905 0.005000 0.007619
4 0.322143 0.173333 0.010000 0.009524
4 0.327143 0.180000 0.008571 0.009524
4 0.331786 0.186667 0.007857 0.009524
1 0.337857 0.169524 0.001429 0.009524
4 0.360714 0.224286 0.012857 0.016190
4 0.324643 0.315238 0.019286 0.026667
4 0.370357 0.323333 0.017857 0.020000
4 0.351071 0.390000 0.020714 0.029524
4 0.363929 0.415238 0.017857 0.026667
4 0.375000 0.386190 0.021429 0.027619
4 0.375357 0.441905 0.023571 0.034286
10 0.443571 0.917143 0.017143 0.047619
10 0.401786 0.868095 0.016429 0.046667
4 0.382500 0.219048 0.019286 0.011429
4 0.414286 0.299048 0.020000 0.020952
4 0.425357 0.316667 0.017857 0.018095
5 0.462857 0.366190 0.020000 0.023810
5 0.452143 0.473810 0.027143 0.033333
4 0.390357 0.475714 0.025000 0.039048
4 0.412143 0.527143 0.030000 0.044762
4 0.434286 0.573810 0.032857 0.050476
4 0.458929 0.629048 0.036429 0.054286
4 0.536786 0.804762 0.049286 0.081905
4 0.486786 0.702381 0.043571 0.069524
10 0.513571 0.591905 0.010000 0.016190
4 0.565357 0.763810 0.046429 0.066667
2 0.512857 0.586667 0.010000 0.011429
2 0.402500 0.855714 0.012143 0.023810
2 0.443571 0.909048 0.015714 0.023810
