4 0.571429 0.970178 0.038571 0.057107
4 0.552143 0.883249 0.034286 0.134518
4 0.600714 0.804569 0.057143 0.050761
4 0.599643 0.763325 0.062143 0.054569
5 0.603571 0.713832 0.064286 0.054569
4 0.605357 0.678934 0.059286 0.050761
5 0.561071 0.613579 0.022143 0.095178
4 0.535714 0.607868 0.024286 0.073604
6 0.510000 0.594543 0.032857 0.110406
4 0.457500 0.628173 0.042143 0.076142
4 0.436071 0.647843 0.045000 0.087563
4 0.413929 0.668147 0.040714 0.079949
4 0.390357 0.694797 0.039286 0.074873
5 0.180000 0.230964 0.032857 0.027919
