4 0.164286 0.203333 0.038571 0.020000
4 0.175714 0.260000 0.031429 0.028571
4 0.137143 0.283333 0.032857 0.031429
4 0.101071 0.310952 0.037857 0.033333
5 0.159643 0.382381 0.042143 0.042857
4 0.188929 0.356667 0.036429 0.039048
4 0.119643 0.425714 0.050714 0.049524
4 0.066786 0.489048 0.065000 0.056190
4 0.021786 0.548571 0.043571 0.062857
4 0.024643 0.434762 0.049286 0.060000
5 0.040714 0.383333 0.051429 0.052381
4 0.032500 0.370952 0.056429 0.060000
10 0.009643 0.294286 0.016429 0.034286
1 0.033214 0.249524 0.010714 0.024762
3 0.278929 0.458095 0.026429 0.020952
10 0.353929 0.431429 0.022143 0.026667
10 0.285000 0.431429 0.022857 0.026667
10 0.321429 0.445714 0.030000 0.020952
3 0.328929 0.458095 0.026429 0.020952
3 0.303214 0.457143 0.026429 0.020952
10 0.426429 0.470000 0.008571 0.029524
1 0.428571 0.442381 0.010000 0.031429
1 0.452857 0.441905 0.008571 0.036190
1 0.468214 0.435238 0.010714 0.030476
4 0.322143 0.625714 0.108571 0.062857
4 0.525000 0.631905 0.108571 0.061905
4 0.677143 0.634762 0.108571 0.061905
1 0.579286 0.435238 0.010000 0.030476
3 0.573571 0.455238 0.021429 0.015238
10 0.662143 0.447619 0.030000 0.020952
1 0.625000 0.446190 0.010000 0.025714
3 0.457857 0.486667 0.017143 0.030476
1 0.208929 0.687143 0.022143 0.042857
1 0.108214 0.601905 0.016429 0.038095
1 0.127500 0.610476 0.019286 0.040000
4 0.893214 0.628571 0.110714 0.059048
10 0.928929 0.467619 0.023571 0.032381
