4 0.655714 0.426190 0.057143 0.128571
4 0.703929 0.245714 0.065000 0.146667
6 0.801071 0.137143 0.086429 0.190476
5 0.428929 0.105238 0.043571 0.101905
4 0.390714 0.573333 0.091429 0.051429
4 0.354643 0.671905 0.092143 0.061905
4 0.334643 0.747619 0.096429 0.049524
4 0.290000 0.846190 0.084286 0.080952
4 0.259643 0.913810 0.086429 0.073333
4 0.868571 0.656667 0.091429 0.071429
4 0.855000 0.719524 0.095714 0.073333
4 0.838214 0.780476 0.095000 0.075238
4 0.825357 0.847143 0.089286 0.079048
4 0.792857 0.956190 0.084286 0.076190
4 0.808214 0.901429 0.100714 0.080952
4 0.979643 0.824762 0.040714 0.129524
4 0.891429 0.586667 0.097143 0.076190
5 0.911071 0.520952 0.096429 0.080000
4 0.941071 0.384762 0.099286 0.059048
5 0.954643 0.329524 0.090714 0.066667
4 0.960714 0.275238 0.078571 0.080000
4 0.970000 0.206190 0.060000 0.079048
1 0.333929 0.094762 0.015000 0.033333
1 0.328214 0.197143 0.013571 0.020952
1 0.393571 0.202381 0.012857 0.018095
1 0.401071 0.120000 0.015000 0.013333
10 0.280357 0.076190 0.020714 0.047619
1 0.264643 0.058095 0.023571 0.026667
3 0.271071 0.031905 0.032143 0.025714
3 0.262857 0.225238 0.028571 0.027619
0 0.303214 0.206190 0.022143 0.039048
0 0.257500 0.178095 0.045000 0.053333
3 0.277500 0.362857 0.022143 0.011429
3 0.248214 0.417143 0.032143 0.020952
3 0.250000 0.390952 0.027143 0.010476
3 0.245357 0.439048 0.027857 0.015238
10 0.346786 0.410000 0.033571 0.029524
10 0.349286 0.486190 0.037143 0.020000
10 0.354643 0.512381 0.035000 0.028571
10 0.436786 0.439048 0.035000 0.019048
3 0.411071 0.449524 0.026429 0.020952
3 0.381429 0.451429 0.024286 0.030476
7 0.333571 0.432857 0.045714 0.027619
1 0.339286 0.450476 0.018571 0.013333
1 0.286786 0.517143 0.016429 0.020952
1 0.267857 0.626667 0.017143 0.015238
1 0.213929 0.765238 0.019286 0.027619
1 0.231429 0.676190 0.024286 0.020952
1 0.232857 0.642381 0.020000 0.021905
1 0.266786 0.566190 0.015000 0.018095
1 0.253571 0.619524 0.015714 0.016190
1 0.231786 0.531429 0.016429 0.017143
1 0.234643 0.507143 0.023571 0.014286
1 0.235000 0.474762 0.015714 0.014286
1 0.237500 0.456667 0.017857 0.014286
0 0.230714 0.587143 0.034286 0.027619
1 0.220000 0.633333 0.020000 0.013333
1 0.221071 0.618571 0.022143 0.012381
0 0.258929 0.763333 0.047857 0.039048
0 0.260000 0.715714 0.030000 0.039048
0 0.193214 0.855714 0.090714 0.136190
2 0.180714 0.951429 0.015714 0.017143
3 0.187143 0.947619 0.014286 0.032381
0 0.653929 0.911429 0.020714 0.040000
2 0.562857 0.596190 0.014286 0.017143
4 0.750714 0.023810 0.044286 0.047619
