4 0.045500 0.770000 0.053000 0.034667
4 0.035500 0.812667 0.071000 0.058667
8 0.035750 0.680000 0.035500 0.040000
4 0.065000 0.562333 0.036000 0.024667
5 0.533500 0.957000 0.047000 0.080667
5 0.552500 0.793000 0.033000 0.059333
4 0.560000 0.732000 0.029000 0.048000
4 0.512500 0.731333 0.030000 0.044000
2 0.798250 0.541333 0.006500 0.013333
10 0.796000 0.548667 0.016000 0.010667
3 0.632750 0.488000 0.021500 0.025333
2 0.529750 0.500667 0.005500 0.008000
10 0.530500 0.509333 0.005000 0.009333
2 0.387000 0.530333 0.006000 0.012667
10 0.387000 0.536667 0.013000 0.012000
4 0.575000 0.474667 0.015000 0.018667
2 0.475500 0.482000 0.003000 0.005333
10 0.475500 0.488000 0.004000 0.010667
6 0.484500 0.482333 0.017000 0.035333
6 0.506000 0.481333 0.026000 0.061333
4 0.495500 0.461667 0.013000 0.016667
4 0.515500 0.463667 0.012000 0.015333
4 0.522750 0.449667 0.012500 0.016667
5 0.523250 0.438000 0.011500 0.014667
4 0.506000 0.449000 0.013000 0.014000
5 0.509000 0.436667 0.011000 0.016000
4 0.515000 0.430000 0.009000 0.013333
6 0.514250 0.419667 0.011500 0.016667
5 0.516250 0.411667 0.008500 0.014000
4 0.522000 0.408333 0.010000 0.012667
4 0.536000 0.408333 0.011000 0.012667
4 0.537500 0.396667 0.009000 0.010667
4 0.541500 0.384667 0.007000 0.010667
6 0.523000 0.397667 0.011000 0.014000
6 0.528750 0.384667 0.014500 0.021333
6 0.532500 0.369000 0.014000 0.020667
9 0.545250 0.371333 0.012500 0.025333
6 0.535250 0.357333 0.009500 0.013333
6 0.539000 0.350667 0.009000 0.014667
6 0.539750 0.343333 0.009500 0.017333
6 0.546500 0.330667 0.009000 0.017333
5 0.567500 0.339000 0.006000 0.008667
8 0.578000 0.341000 0.004000 0.008667
4 0.594500 0.359333 0.017000 0.009333
4 0.613000 0.360667 0.013000 0.008000
2 0.576500 0.446667 0.005000 0.006667
10 0.576250 0.452667 0.004500 0.009333
2 0.515750 0.365333 0.003500 0.005333
3 0.516250 0.370000 0.002500 0.005333
10 0.550500 0.331000 0.005000 0.007333
4 0.558250 0.331667 0.005500 0.007333
1 0.592250 0.335333 0.001500 0.006667
4 0.613000 0.320333 0.010000 0.006000
9 0.575000 0.306000 0.006000 0.012000
4 0.567500 0.301000 0.004000 0.004667
4 0.571000 0.296000 0.004000 0.004000
5 0.588750 0.294333 0.004500 0.006000
4 0.583500 0.293667 0.003000 0.004667
4 0.582500 0.290000 0.007000 0.004000
4 0.575000 0.287333 0.003000 0.004000
4 0.590250 0.284667 0.003500 0.004000
4 0.587250 0.282667 0.002500 0.004000
6 0.587250 0.275667 0.005500 0.008667
6 0.578750 0.282000 0.004500 0.005333
4 0.577000 0.279000 0.003000 0.003333
4 0.576750 0.278667 0.004500 0.005333
4 0.576000 0.274000 0.002000 0.002667
6 0.580750 0.272667 0.003500 0.005333
4 0.582000 0.268667 0.003000 0.002667
4 0.580500 0.262000 0.002000 0.002667
4 0.583750 0.261000 0.001500 0.002000
6 0.584750 0.259000 0.003500 0.004667
6 0.587250 0.260000 0.002500 0.005333
7 0.588250 0.264000 0.001500 0.002667
9 0.847750 0.343000 0.018500 0.019333
9 0.862500 0.344000 0.015000 0.018667
9 0.864750 0.335000 0.020500 0.012667
9 0.855250 0.331333 0.028500 0.012000
9 0.847500 0.334000 0.037000 0.022667
4 0.083250 0.517333 0.043500 0.018667
