1 0.248214 0.319797 0.007857 0.025381
1 0.355714 0.384518 0.005714 0.022843
1 0.260000 0.230330 0.007143 0.024112
1 0.278929 0.153553 0.007857 0.022843
1 0.284286 0.159898 0.004286 0.015228
1 0.288571 0.126904 0.005714 0.022843
1 0.362143 0.042513 0.004286 0.016497
1 0.390714 0.072335 0.005714 0.022843
1 0.402857 0.148477 0.005714 0.022843
4 0.356429 0.510152 0.031429 0.063452
4 0.410714 0.444797 0.027143 0.057107
5 0.410714 0.314721 0.025714 0.055838
4 0.451786 0.265228 0.020714 0.043147
9 0.435714 0.159898 0.040000 0.126904
5 0.447857 0.086929 0.018571 0.031726
5 0.457857 0.041878 0.015714 0.038071
4 0.482143 0.027284 0.014286 0.034264
4 0.738571 0.133249 0.018571 0.043147
5 0.862143 0.115482 0.018571 0.048223
4 0.923929 0.048858 0.019286 0.039340
5 0.911429 0.228426 0.025714 0.055838
4 0.872143 0.284264 0.021429 0.053299
4 0.895357 0.286802 0.019286 0.045685
4 0.872857 0.352157 0.021429 0.059645
4 0.812500 0.395305 0.020714 0.059645
4 0.792857 0.491751 0.021429 0.067259
4 0.816071 0.532995 0.023571 0.071066
5 0.865000 0.536802 0.028571 0.083756
9 0.897500 0.409264 0.062143 0.181472
5 0.785714 0.610406 0.025714 0.068528
5 0.852500 0.682741 0.026429 0.078680
4 0.787143 0.730964 0.030000 0.091371
5 0.772500 0.905457 0.029286 0.112944
5 0.678571 0.892132 0.031429 0.101523
5 0.834286 0.812817 0.028571 0.123096
4 0.921429 0.984772 0.038571 0.027919
5 0.945714 0.913706 0.058571 0.076142
4 0.943571 0.867386 0.058571 0.064721
4 0.950000 0.821701 0.050000 0.059645
10 0.965714 0.717005 0.008571 0.030457
10 0.969286 0.696701 0.032857 0.035533
5 0.983571 0.647843 0.032857 0.079949
4 0.989286 0.600254 0.021429 0.076142
4 0.733571 0.548858 0.022857 0.057107
