1 0.079643 0.564721 0.013571 0.038071
1 0.345714 0.814721 0.011429 0.040609
1 0.341429 0.813452 0.008571 0.038071
1 0.305357 0.932741 0.015000 0.030457
1 0.416786 0.444797 0.007857 0.031726
1 0.209286 0.734772 0.012857 0.035533
1 0.237143 0.653553 0.008571 0.027919
4 0.106786 0.735406 0.052143 0.090102
9 0.175000 0.450508 0.078571 0.162437
9 0.250357 0.244289 0.052143 0.115482
4 0.256429 0.390863 0.030000 0.055838
4 0.138929 0.261421 0.026429 0.040609
4 0.241786 0.193528 0.025000 0.029188
4 0.272857 0.180203 0.034286 0.030457
1 0.310000 0.222716 0.004286 0.019036
1 0.312857 0.217640 0.005714 0.026650
1 0.405714 0.234772 0.005714 0.025381
1 0.409286 0.276650 0.007143 0.020305
2 0.403571 0.308376 0.007143 0.017766
2 0.405714 0.304569 0.005714 0.020305
1 0.328929 0.241751 0.007857 0.026650
1 0.177500 0.164340 0.005000 0.016497
9 0.084286 0.190355 0.080000 0.055838
5 0.123571 0.072970 0.037143 0.031726
5 0.117857 0.062817 0.034286 0.029188
5 0.146429 0.015228 0.024286 0.030457
5 0.077143 0.046320 0.024286 0.034264
5 0.358929 0.084391 0.016429 0.031726
5 0.387143 0.063452 0.028571 0.025381
5 0.389286 0.050761 0.027143 0.020305
5 0.392857 0.033629 0.027143 0.021574
5 0.397500 0.024112 0.026429 0.022843
5 0.399643 0.013959 0.025000 0.017766
5 0.512143 0.272208 0.028571 0.085025
5 0.687143 0.049492 0.025714 0.053299
6 0.840714 0.622462 0.150000 0.336294
4 0.728571 0.551396 0.050000 0.115482
4 0.620357 0.425761 0.037857 0.090102
4 0.560000 0.313452 0.032857 0.065990
4 0.580714 0.057741 0.018571 0.034264
6 0.519643 0.033629 0.022143 0.059645
