4 0.362143 0.056190 0.047143 0.089524
4 0.480357 0.037619 0.030714 0.073333
4 0.343929 0.150952 0.033571 0.100000
4 0.343571 0.273333 0.032857 0.104762
4 0.335357 0.409048 0.037857 0.100000
5 0.335357 0.543333 0.037857 0.109524
4 0.326429 0.765238 0.040000 0.113333
4 0.479643 0.743810 0.036429 0.112381
4 0.573571 0.708095 0.035714 0.109524
10 0.642143 0.843333 0.024286 0.016190
10 0.648214 0.829524 0.023571 0.019048
10 0.642143 0.762857 0.021429 0.022857
10 0.640000 0.743333 0.028571 0.016190
10 0.643571 0.724762 0.025714 0.013333
10 0.639643 0.706190 0.026429 0.020000
4 0.483571 0.616667 0.034286 0.105714
5 0.480000 0.494286 0.035714 0.104762
5 0.575000 0.460000 0.030000 0.093333
5 0.552857 0.357143 0.065714 0.085714
5 0.553571 0.253810 0.034286 0.092381
10 0.638214 0.257143 0.013571 0.043810
10 0.682857 0.025714 0.027143 0.022857
1 0.612500 0.110952 0.010714 0.025714
4 0.428571 0.350952 0.031429 0.117143
4 0.482500 0.271429 0.033571 0.102857
4 0.536429 0.180000 0.071429 0.074286
4 0.482143 0.156190 0.034286 0.091429
4 0.540357 0.072857 0.070714 0.056190
3 0.517143 0.043810 0.024286 0.013333
3 0.518214 0.033810 0.025000 0.018095
5 0.572143 0.016667 0.050000 0.033333
4 0.481071 0.982381 0.032143 0.033333
