1 0.839286 0.846190 0.051429 0.119048
1 0.773571 0.826667 0.057143 0.120000
1 0.254286 0.719524 0.031429 0.098095
1 0.441071 0.480000 0.029286 0.053333
1 0.456429 0.403810 0.015714 0.076190
1 0.525000 0.323810 0.018571 0.066667
1 0.545357 0.327619 0.017857 0.055238
1 0.549286 0.275714 0.014286 0.048571
10 0.516071 0.699524 0.049286 0.105714
10 0.631071 0.241905 0.009286 0.034286
10 0.623214 0.239524 0.009286 0.035238
10 0.614643 0.210952 0.009286 0.035238
4 0.646786 0.157619 0.026429 0.027619
2 0.469643 0.260000 0.016429 0.038095
3 0.468214 0.270476 0.019286 0.032381
5 0.119286 0.239524 0.114286 0.086667
4 0.237500 0.213333 0.079286 0.053333
4 0.333571 0.198571 0.058571 0.040952
4 0.386429 0.178095 0.054286 0.043810
4 0.433571 0.174762 0.050000 0.044762
4 0.483571 0.155714 0.041429 0.029524
4 0.546786 0.143810 0.055000 0.026667
4 0.058214 0.139524 0.055000 0.037143
4 0.098929 0.137143 0.052143 0.041905
4 0.150357 0.131905 0.050714 0.042857
4 0.182143 0.121905 0.047143 0.030476
4 0.283929 0.115714 0.060714 0.025714
4 0.248929 0.093810 0.042143 0.035238
1 0.249643 0.101905 0.013571 0.030476
4 0.349643 0.107619 0.047857 0.043810
4 0.209286 0.103333 0.037143 0.035238
4 0.481071 0.098095 0.027857 0.020952
4 0.466071 0.097619 0.026429 0.025714
4 0.446429 0.098571 0.028571 0.025714
4 0.435000 0.100476 0.032857 0.021905
4 0.415000 0.102381 0.035714 0.033333
4 0.528571 0.095714 0.032857 0.025714
4 0.443571 0.138095 0.048571 0.038095
4 0.511429 0.088095 0.015714 0.014286
4 0.646786 0.114286 0.027857 0.024762
4 0.620357 0.111429 0.029286 0.020952
1 0.636786 0.093333 0.005000 0.009524
1 0.642500 0.092381 0.006429 0.015238
1 0.627857 0.091429 0.005714 0.013333
1 0.620000 0.090952 0.004286 0.012381
0 0.603571 0.076190 0.057143 0.022857
0 0.651071 0.070476 0.025000 0.017143
1 0.649643 0.210952 0.010714 0.031429
