4 0.048250 0.566667 0.096500 0.069333
4 0.039250 0.535667 0.078500 0.051333
4 0.201000 0.622000 0.116000 0.070667
4 0.449000 0.498667 0.080000 0.049333
4 0.470500 0.468333 0.073000 0.038000
4 0.486500 0.431667 0.059000 0.030000
4 0.508500 0.390667 0.051000 0.024000
4 0.516000 0.377000 0.043000 0.020667
4 0.517750 0.363000 0.040500 0.018000
4 0.523750 0.347667 0.034500 0.015333
4 0.529250 0.338333 0.032500 0.015333
4 0.538750 0.324333 0.013500 0.016667
5 0.569750 0.309667 0.012500 0.016667
4 0.546000 0.301333 0.017000 0.009333
0 0.546250 0.270667 0.052500 0.017333
0 0.585750 0.285333 0.026500 0.020000
0 0.599250 0.305667 0.028500 0.018000
4 0.601000 0.319333 0.027000 0.010667
0 0.552750 0.287000 0.021500 0.012667
4 0.605000 0.336667 0.035000 0.016000
4 0.608750 0.350333 0.035500 0.016667
4 0.612500 0.362333 0.042000 0.014000
4 0.614250 0.370333 0.045500 0.023333
4 0.622500 0.403000 0.052000 0.020667
4 0.626750 0.412333 0.058500 0.030000
1 0.618500 0.389333 0.005000 0.009333
1 0.620750 0.424000 0.005500 0.009333
4 0.625000 0.442667 0.071000 0.030667
4 0.640000 0.468667 0.073000 0.036000
10 0.653750 0.355333 0.015500 0.014667
4 0.657000 0.520333 0.092000 0.047333
0 0.392250 0.298000 0.026500 0.020000
4 0.816250 0.593667 0.079500 0.071333
4 0.609500 0.289667 0.011000 0.008667
4 0.894500 0.633667 0.086000 0.087333
0 0.447500 0.260667 0.123000 0.053333
