4 0.285714 0.729695 0.024286 0.063452
9 0.224286 0.626269 0.030000 0.161168
4 0.276071 0.449873 0.020714 0.044416
10 0.336786 0.298858 0.009286 0.019036
4 0.441071 0.193528 0.023571 0.026650
4 0.465000 0.170685 0.022857 0.029188
1 0.323214 0.137690 0.005000 0.019036
1 0.329286 0.128807 0.004286 0.016497
1 0.340714 0.143401 0.004286 0.017766
1 0.342857 0.123731 0.004286 0.019036
9 0.469643 0.019036 0.026429 0.032995
4 0.857857 0.076142 0.011429 0.025381
4 0.842857 0.086294 0.011429 0.027919
4 0.858214 0.117386 0.012143 0.029188
1 0.948571 0.217005 0.007143 0.017766
4 0.737500 0.526650 0.017857 0.050761
4 0.687143 0.868655 0.024286 0.059645
