1 0.453571 0.853333 0.027143 0.080000
1 0.500000 0.716190 0.034286 0.093333
2 0.585714 0.653810 0.031429 0.084762
2 0.110357 0.653810 0.037857 0.094286
10 0.121429 0.661429 0.074286 0.094286
3 0.588214 0.673810 0.072143 0.063810
4 0.794286 0.579048 0.184286 0.144762
4 0.799286 0.469524 0.154286 0.120000
4 0.563571 0.381905 0.132857 0.116190
4 0.414643 0.334762 0.117857 0.080952
4 0.852857 0.424762 0.142857 0.106667
4 0.931786 0.393333 0.136429 0.095238
4 0.941429 0.349524 0.108571 0.080000
4 0.786429 0.311429 0.121429 0.080000
4 0.733929 0.338095 0.092143 0.080000
4 0.675357 0.361429 0.126429 0.100000
4 0.655714 0.269524 0.098571 0.072381
4 0.515714 0.300000 0.087143 0.076190
4 0.371786 0.265714 0.103571 0.072381
4 0.422500 0.213810 0.092143 0.075238
4 0.533929 0.231429 0.105000 0.078095
5 0.594643 0.288095 0.116429 0.098095
5 0.474643 0.248571 0.106429 0.068571
4 0.238571 0.221429 0.082857 0.069524
4 0.252143 0.174762 0.080000 0.060000
5 0.136429 0.141429 0.070000 0.058095
4 0.070714 0.130952 0.065714 0.046667
4 0.510714 0.166190 0.078571 0.046667
1 0.019286 0.024286 0.005714 0.014286
1 0.023214 0.020000 0.010714 0.020952
1 0.244286 0.050476 0.008571 0.024762
3 0.199286 0.050952 0.020000 0.020000
1 0.586429 0.031905 0.007143 0.020000
1 0.593929 0.044762 0.006429 0.020952
1 0.673571 0.071429 0.007143 0.022857
1 0.677143 0.072857 0.005714 0.020000
1 0.663929 0.135714 0.015000 0.035238
10 0.841071 0.091905 0.020714 0.016190
1 0.956786 0.202857 0.015000 0.036190
1 0.952143 0.195238 0.011429 0.034286
4 0.962857 0.106190 0.030000 0.033333
4 0.931071 0.090000 0.033571 0.033333
1 0.673929 0.053810 0.006429 0.018095
0 0.689286 0.054286 0.022857 0.020952
4 0.962500 0.550000 0.075000 0.096190
