4 0.104643 0.232868 0.027857 0.019036
4 0.176786 0.256345 0.029286 0.020305
1 0.018214 0.374365 0.005000 0.017766
1 0.028929 0.411802 0.005000 0.021574
1 0.032500 0.407995 0.005000 0.019036
9 0.320357 0.239848 0.075000 0.058376
9 0.388214 0.243655 0.026429 0.043147
9 0.570000 0.117386 0.030000 0.039340
9 0.607143 0.102792 0.035714 0.038071
1 0.445714 0.183376 0.002857 0.011421
1 0.484643 0.161168 0.002143 0.012690
1 0.480357 0.162437 0.002143 0.012690
0 0.497143 0.154822 0.010000 0.017766
0 0.513571 0.145939 0.010000 0.017766
0 0.502143 0.152284 0.007143 0.020305
0 0.526429 0.141497 0.012857 0.019036
5 0.439643 0.151650 0.015000 0.016497
4 0.598214 0.159264 0.013571 0.013959
4 0.653929 0.102157 0.010714 0.011421
4 0.670357 0.087563 0.009286 0.010152
4 0.678214 0.079315 0.009286 0.011421
5 0.689286 0.078680 0.007143 0.010152
10 0.651786 0.137056 0.005000 0.007614
2 0.651786 0.134518 0.002143 0.007614
4 0.664643 0.102157 0.010714 0.013959
9 0.766071 0.008249 0.013571 0.016497
4 0.799643 0.006345 0.006429 0.007614
5 0.738214 0.083122 0.009286 0.013959
4 0.715714 0.097081 0.008571 0.013959
5 0.685714 0.107234 0.010000 0.013959
4 0.666786 0.131345 0.010714 0.011421
4 0.680714 0.135787 0.011429 0.015228
9 0.643214 0.145939 0.016429 0.025381
9 0.800000 0.032360 0.011429 0.026650
9 0.801429 0.108503 0.011429 0.036802
9 0.969286 0.093274 0.024286 0.039340
9 0.795357 0.134518 0.020714 0.045685
4 0.996429 0.143401 0.007143 0.017766
9 0.791786 0.286802 0.050714 0.040609
9 0.637500 0.282360 0.086429 0.067259
5 0.627857 0.170685 0.012857 0.016497
4 0.605000 0.199873 0.012857 0.013959
4 0.573929 0.246827 0.015000 0.016497
4 0.592857 0.269036 0.027143 0.020305
4 0.455714 0.243655 0.017143 0.015228
4 0.478571 0.277919 0.031429 0.020305
5 0.479643 0.257614 0.027857 0.020305
4 0.693571 0.411168 0.011429 0.027919
4 0.604286 0.377538 0.015714 0.034264
4 0.573571 0.375000 0.014286 0.036802
5 0.537500 0.412437 0.016429 0.038071
6 0.485357 0.388959 0.025000 0.052030
5 0.347143 0.383249 0.020000 0.027919
5 0.469643 0.441624 0.017857 0.032995
4 0.395357 0.475254 0.019286 0.031726
4 0.521429 0.517132 0.018571 0.041878
4 0.579286 0.571066 0.017143 0.045685
1 0.788571 0.617386 0.005714 0.024112
4 0.658214 0.692893 0.019286 0.055838
5 0.737500 0.777919 0.022143 0.076142
5 0.614286 0.734772 0.021429 0.071066
4 0.543214 0.700508 0.020714 0.060914
5 0.478929 0.550761 0.019286 0.043147
4 0.388571 0.897208 0.025714 0.083756
4 0.889643 0.951142 0.029286 0.085025
6 0.949643 0.953046 0.043571 0.091371
