4 0.189250 0.526000 0.037500 0.024000
4 0.541500 0.574667 0.056000 0.040000
4 0.487250 0.555000 0.050500 0.031333
6 0.404250 0.535333 0.058500 0.044000
4 0.326500 0.515667 0.039000 0.022000
6 0.304750 0.458667 0.031500 0.020000
4 0.579250 0.515333 0.044500 0.022667
1 0.500500 0.587333 0.007000 0.025333
2 0.433750 0.584667 0.010500 0.016000
2 0.311000 0.602333 0.008000 0.011333
1 0.296250 0.599000 0.009500 0.030000
1 0.304000 0.602667 0.006000 0.014667
2 0.615250 0.563333 0.008500 0.022667
3 0.614500 0.566000 0.015000 0.017333
4 0.833250 0.448333 0.013500 0.023333
6 0.856000 0.403000 0.015000 0.018000
4 0.855750 0.379667 0.010500 0.008667
4 0.855250 0.374000 0.008500 0.008000
4 0.839250 0.366333 0.006500 0.008667
4 0.840500 0.360000 0.007000 0.008000
4 0.852250 0.354333 0.008500 0.007333
4 0.875000 0.353000 0.012000 0.007333
4 0.911250 0.350667 0.019500 0.010667
4 0.852000 0.361667 0.007000 0.006000
4 0.852250 0.367667 0.007500 0.007333
2 0.887500 0.473667 0.005000 0.012667
10 0.886750 0.479333 0.006500 0.014667
4 0.842000 0.339667 0.004000 0.006000
4 0.859750 0.340000 0.004500 0.006667
4 0.832000 0.340000 0.004000 0.006667
4 0.482500 0.346667 0.009000 0.006667
