4 0.611952 0.716141 0.051670 0.144712
4 0.579854 0.568182 0.048017 0.117811
4 0.577244 0.476809 0.037578 0.079777
4 0.579854 0.410482 0.036534 0.067718
4 0.586117 0.359462 0.033403 0.051020
4 0.597077 0.308442 0.027140 0.060297
4 0.625000 0.066790 0.008873 0.012987
4 0.624739 0.073748 0.009395 0.017625
1 0.633090 0.191095 0.005219 0.022263
4 0.774791 0.923006 0.152923 0.128015
7 0.784708 0.725417 0.066284 0.100186
1 0.780271 0.687848 0.013570 0.056586
1 0.722599 0.718460 0.014092 0.054731
1 0.800626 0.645176 0.009395 0.028757
1 0.745564 0.687848 0.013048 0.056586
4 0.735386 0.537570 0.089770 0.071429
7 0.608038 0.124304 0.009395 0.018553
4 0.606472 0.108998 0.010438 0.017625
4 0.610125 0.104360 0.007307 0.015770
4 0.609603 0.089054 0.009395 0.018553
1 0.851253 0.697124 0.014614 0.064007
1 0.860386 0.724954 0.012004 0.054731
2 0.850992 0.723562 0.008873 0.027829
0 0.640136 0.145640 0.016180 0.031540
1 0.595772 0.517625 0.009916 0.042672
6 0.625261 0.457792 0.035491 0.093692
4 0.590292 0.898887 0.069937 0.200371
1 0.677975 0.960111 0.018789 0.077922
