0 0.543929 0.056667 0.017857 0.025714
0 0.546071 0.075714 0.015000 0.012381
0 0.553929 0.125238 0.027857 0.067619
0 0.504643 0.072381 0.015000 0.015238
0 0.443929 0.178095 0.005000 0.009524
4 0.378571 0.974762 0.032857 0.050476
10 0.368214 0.855714 0.006429 0.035238
2 0.367500 0.852857 0.007857 0.012381
2 0.367857 0.847619 0.007143 0.015238
1 0.348929 0.829524 0.007857 0.019048
1 0.351429 0.813810 0.005714 0.018095
1 0.428214 0.433333 0.003571 0.011429
1 0.441071 0.277619 0.002143 0.006667
2 0.456786 0.403810 0.005000 0.009524
0 0.455714 0.291429 0.002857 0.009524
10 0.456786 0.409048 0.005000 0.010476
4 0.472857 0.394762 0.011429 0.021905
4 0.455714 0.164286 0.004286 0.006667
4 0.457143 0.194762 0.004286 0.008571
1 0.442500 0.257619 0.002143 0.006667
6 0.447857 0.190000 0.005714 0.012381
6 0.414286 0.188571 0.010000 0.017143
9 0.338214 0.221905 0.080714 0.038095
9 0.256786 0.213333 0.043571 0.022857
4 0.395357 0.181905 0.009286 0.005714
4 0.377143 0.170000 0.007143 0.006667
5 0.400714 0.176190 0.011429 0.007619
5 0.402143 0.173333 0.008571 0.007619
5 0.373571 0.159048 0.008571 0.005714
5 0.456786 0.115714 0.003571 0.004762
6 0.393571 0.157143 0.021429 0.007619
6 0.701071 0.284286 0.017857 0.010476
4 0.626786 0.236190 0.016429 0.007619
4 0.640357 0.232381 0.006429 0.009524
4 0.661429 0.220000 0.005714 0.007619
4 0.669643 0.219524 0.007857 0.008571
0 0.587857 0.287143 0.005714 0.010476
