4 0.271429 0.155238 0.030000 0.019048
4 0.269643 0.178095 0.032143 0.019048
6 0.268929 0.201905 0.033571 0.022857
4 0.270357 0.280952 0.035000 0.019048
5 0.177500 0.170952 0.030714 0.025714
4 0.391071 0.643333 0.017857 0.046667
4 0.411429 0.647143 0.015714 0.037143
4 0.457857 0.640000 0.015714 0.047619
4 0.480357 0.635714 0.016429 0.039048
4 0.519286 0.627143 0.015714 0.039048
4 0.538929 0.635238 0.013571 0.038095
4 0.530357 0.465238 0.017857 0.039048
4 0.512857 0.468571 0.015714 0.043810
4 0.466429 0.470952 0.017143 0.046667
4 0.875714 0.604286 0.012857 0.037143
