4 0.317850 0.016234 0.021921 0.017625
4 0.315762 0.006494 0.019833 0.012987
1 0.401618 0.064935 0.002610 0.018553
4 0.391701 0.092764 0.010960 0.024119
5 0.308977 0.146104 0.026096 0.025046
4 0.308716 0.119202 0.026618 0.021336
4 0.310804 0.088126 0.024530 0.018553
4 0.283142 0.371985 0.041232 0.031540
4 0.219207 0.439703 0.020877 0.059369
4 0.066806 0.449443 0.016701 0.034323
4 0.038100 0.449907 0.015658 0.031540
4 0.508351 0.364100 0.016701 0.045455
4 0.533403 0.364564 0.018789 0.046382
10 0.472599 0.478664 0.012004 0.014842
4 0.466858 0.651206 0.043319 0.066790
4 0.515397 0.730983 0.046451 0.074212
5 0.540188 0.770872 0.045929 0.083488
4 0.395094 0.910946 0.053236 0.090909
4 0.482255 0.983302 0.037578 0.031540
6 0.653706 0.641002 0.076722 0.105751
4 0.636743 0.348330 0.020877 0.039889
1 0.706159 0.340909 0.004175 0.015770
1 0.723643 0.347403 0.004697 0.021336
10 0.728862 0.367811 0.005741 0.017625
4 0.758090 0.345083 0.038100 0.029685
4 0.825939 0.287106 0.032881 0.025046
4 0.866127 0.296382 0.034969 0.030612
4 0.847338 0.325603 0.034969 0.029685
4 0.950939 0.306586 0.030271 0.041744
10 0.967119 0.298237 0.014614 0.017625
10 0.981211 0.310761 0.013570 0.014842
7 0.985125 0.324675 0.019311 0.016698
10 0.860647 0.256030 0.006263 0.014842
3 0.853340 0.249536 0.006263 0.016698
10 0.912056 0.785250 0.008873 0.038033
10 0.883873 0.787570 0.014092 0.038961
2 0.472599 0.471707 0.005741 0.017625
