1 0.328500 0.796667 0.016000 0.044000
1 0.341000 0.806667 0.012000 0.032000
4 0.502500 0.781667 0.062000 0.140667
4 0.481750 0.614667 0.071500 0.070667
1 0.315000 0.485667 0.016000 0.032667
4 0.330250 0.428333 0.052500 0.028667
4 0.342250 0.415000 0.059500 0.030000
4 0.350500 0.403667 0.059000 0.030000
1 0.616000 0.479667 0.010000 0.031333
4 0.465500 0.462667 0.028000 0.040000
2 0.541000 0.514667 0.011000 0.025333
10 0.540750 0.526667 0.010500 0.029333
5 0.977750 0.347667 0.044500 0.028667
4 0.585500 0.422667 0.029000 0.037333
4 0.582750 0.384000 0.023500 0.033333
4 0.576500 0.361000 0.021000 0.024667
4 0.571750 0.342667 0.020500 0.026667
1 0.555250 0.313000 0.005500 0.019333
4 0.560500 0.307333 0.016000 0.020000
4 0.529750 0.291667 0.015500 0.020667
4 0.670000 0.322333 0.026000 0.022000
4 0.631750 0.276333 0.018500 0.019333
4 0.410000 0.294000 0.030000 0.017333
0 0.510750 0.175000 0.059500 0.032667
4 0.556500 0.260000 0.012000 0.016000
4 0.543500 0.253000 0.012000 0.015333
4 0.527500 0.255000 0.012000 0.016667
4 0.470500 0.254000 0.011000 0.014667
1 0.463750 0.253667 0.005500 0.011333
4 0.445250 0.229333 0.022500 0.013333
1 0.516000 0.235667 0.004000 0.011333
4 0.526250 0.229000 0.009500 0.014000
4 0.540250 0.223000 0.010500 0.012667
4 0.541000 0.216000 0.010000 0.010667
4 0.537750 0.211000 0.009500 0.011333
4 0.513750 0.198667 0.006500 0.009333
4 0.537500 0.196333 0.014000 0.008667
