1 0.299643 0.429569 0.005000 0.024112
10 0.373214 0.409264 0.006429 0.031726
1 0.385357 0.163071 0.003571 0.019036
1 0.389286 0.166878 0.002857 0.019036
1 0.394286 0.193528 0.004286 0.019036
1 0.393571 0.157995 0.002857 0.021574
1 0.445357 0.041878 0.003571 0.015228
1 0.448929 0.048223 0.003571 0.015228
1 0.465357 0.062183 0.003571 0.017766
1 0.477857 0.051396 0.002857 0.016497
10 0.498929 0.058376 0.007857 0.012690
1 0.503929 0.048223 0.003571 0.015228
1 0.508571 0.045051 0.002857 0.013959
6 0.469286 0.175127 0.014286 0.043147
9 0.468929 0.111675 0.015000 0.093909
0 0.427857 0.146574 0.010000 0.008883
4 0.425000 0.201142 0.014286 0.026650
4 0.420714 0.263325 0.012857 0.029188
5 0.415714 0.348350 0.014286 0.034264
9 0.467143 0.295685 0.017143 0.071066
6 0.463929 0.392766 0.023571 0.090102
6 0.452500 0.486041 0.022143 0.086294
6 0.433571 0.758883 0.030000 0.126904
6 0.445000 0.647208 0.030000 0.114213
5 0.396429 0.677030 0.022857 0.069797
5 0.407143 0.527919 0.020000 0.055838
4 0.643571 0.411168 0.028571 0.032995
1 0.692143 0.988579 0.007143 0.020305
1 0.668929 0.927030 0.007857 0.029188
1 0.674286 0.930203 0.007143 0.025381
1 0.643571 0.887690 0.005714 0.026650
1 0.657857 0.879442 0.004286 0.017766
2 0.648571 0.875000 0.005714 0.013959
1 0.663929 0.884518 0.006429 0.030457
1 0.670357 0.879442 0.007857 0.032995
1 0.663571 0.868020 0.008571 0.030457
1 0.645000 0.857868 0.007143 0.027919
1 0.651429 0.842640 0.005714 0.025381
1 0.616786 0.793147 0.007857 0.027919
1 0.616429 0.758883 0.005714 0.025381
1 0.615000 0.705584 0.005714 0.027919
1 0.606071 0.640863 0.005000 0.025381
1 0.626786 0.674492 0.006429 0.029188
1 0.631071 0.673858 0.006429 0.025381
1 0.592857 0.554569 0.004286 0.027919
1 0.603214 0.556472 0.005000 0.026650
1 0.607857 0.556472 0.005714 0.026650
1 0.613929 0.558376 0.005000 0.025381
1 0.621786 0.552665 0.006429 0.026650
1 0.601429 0.541244 0.004286 0.021574
1 0.605000 0.536168 0.004286 0.021574
1 0.611429 0.465736 0.005714 0.022843
1 0.646786 0.344543 0.005000 0.019036
1 0.645000 0.340102 0.004286 0.020305
1 0.630357 0.339467 0.005000 0.021574
1 0.614286 0.314721 0.004286 0.020305
1 0.606786 0.348350 0.005000 0.019036
2 0.609286 0.346447 0.005714 0.015228
2 0.615714 0.349619 0.005714 0.016497
1 0.585000 0.318528 0.004286 0.022843
1 0.584286 0.402284 0.004286 0.020305
1 0.591786 0.401015 0.005000 0.015228
1 0.610000 0.384518 0.004286 0.025381
1 0.591071 0.343274 0.003571 0.021574
1 0.574643 0.234137 0.003571 0.019036
1 0.573929 0.263325 0.003571 0.021574
1 0.578214 0.262690 0.003571 0.017766
1 0.598929 0.318528 0.003571 0.020305
1 0.598929 0.371827 0.005000 0.020305
1 0.602143 0.381980 0.005714 0.017766
1 0.605357 0.387056 0.003571 0.015228
1 0.597143 0.381980 0.004286 0.022843
1 0.590000 0.378173 0.005714 0.022843
1 0.573571 0.387056 0.004286 0.020305
1 0.572857 0.378173 0.005714 0.020305
1 0.583929 0.381980 0.006429 0.022843
1 0.580000 0.378807 0.005714 0.019036
1 0.580714 0.376269 0.007143 0.021574
1 0.421071 0.111041 0.003571 0.021574
