4 0.312143 0.932857 0.162857 0.115238
4 0.285000 0.839524 0.152857 0.124762
4 0.297500 0.720952 0.142143 0.112381
4 0.223571 0.081905 0.115714 0.064762
4 0.208929 0.033810 0.116429 0.067619
4 0.571071 0.467619 0.127857 0.099048
4 0.557500 0.378571 0.123571 0.096190
4 0.533571 0.301429 0.118571 0.088571
5 0.490000 0.129524 0.100000 0.089524
4 0.487857 0.069524 0.108571 0.078095
5 0.460714 0.027143 0.120000 0.054286
1 0.388571 0.115238 0.018571 0.051429
1 0.580357 0.210476 0.016429 0.040000
1 0.477143 0.424286 0.017143 0.033333
1 0.605357 0.183810 0.012143 0.043810
1 0.597857 0.200952 0.010000 0.026667
4 0.666071 0.708095 0.142143 0.105714
3 0.714643 0.621905 0.045000 0.032381
1 0.598929 0.984286 0.020714 0.031429
3 0.942857 0.327143 0.055714 0.058095
