4 0.670000 0.952857 0.067143 0.050476
2 0.617500 0.939048 0.009286 0.013333
2 0.632500 0.907619 0.007857 0.013333
3 0.523929 0.977143 0.010714 0.026667
2 0.524286 0.976190 0.008571 0.017143
3 0.511071 0.970476 0.009286 0.034286
2 0.511071 0.968571 0.009286 0.022857
4 0.451429 0.980952 0.067143 0.038095
4 0.468571 0.951905 0.064286 0.052381
1 0.553571 0.835714 0.007143 0.020000
10 0.542500 0.805238 0.012143 0.033333
2 0.541786 0.812857 0.009286 0.020000
2 0.542500 0.800952 0.010714 0.011429
4 0.418571 0.786667 0.064286 0.051429
4 0.435714 0.749048 0.055714 0.046667
4 0.436429 0.708095 0.055714 0.048571
4 0.444286 0.673810 0.058571 0.044762
7 0.443214 0.628095 0.042143 0.039048
10 0.565000 0.669048 0.008571 0.031429
1 0.540714 0.579524 0.007143 0.016190
2 0.538929 0.579524 0.003571 0.010476
1 0.535357 0.536190 0.009286 0.020952
7 0.451429 0.573333 0.044286 0.036190
4 0.460000 0.539524 0.052857 0.042857
4 0.463929 0.510000 0.050714 0.039048
5 0.465714 0.476667 0.047143 0.040952
7 0.461429 0.456667 0.031429 0.021905
2 0.534643 0.442381 0.007857 0.012381
2 0.543929 0.440476 0.007857 0.010476
10 0.535714 0.426667 0.018571 0.020952
10 0.456429 0.417143 0.018571 0.019048
4 0.471429 0.398571 0.040000 0.050476
4 0.481786 0.368571 0.040714 0.047619
4 0.488214 0.336190 0.040714 0.045714
7 0.483571 0.280952 0.012857 0.028571
4 0.491071 0.241905 0.029286 0.041905
