4 0.390250 0.765000 0.031500 0.035333
0 0.394250 0.861667 0.150500 0.150000
0 0.419250 0.777000 0.024500 0.020667
1 0.481000 0.816333 0.006000 0.016667
4 0.489750 0.719000 0.025500 0.031333
4 0.473000 0.710000 0.026000 0.033333
5 0.456500 0.700667 0.028000 0.033333
4 0.420500 0.686333 0.027000 0.030000
4 0.406750 0.679667 0.025500 0.026000
4 0.392500 0.672333 0.023000 0.026000
4 0.402000 0.644333 0.024000 0.027333
4 0.444500 0.664000 0.028000 0.029333
5 0.456250 0.670333 0.022500 0.031333
5 0.480250 0.671667 0.028500 0.036667
5 0.500500 0.683667 0.026000 0.028667
4 0.518000 0.693000 0.026000 0.027333
5 0.533750 0.737000 0.028500 0.035333
4 0.565250 0.720667 0.024500 0.032000
4 0.564000 0.822333 0.028000 0.034000
4 0.597250 0.794667 0.027500 0.037333
5 0.613500 0.641333 0.021000 0.026667
4 0.632000 0.615333 0.020000 0.024000
2 0.489000 0.625000 0.005000 0.011333
10 0.489500 0.626333 0.009000 0.011333
4 0.480750 0.601667 0.026500 0.019333
4 0.511500 0.617000 0.026000 0.022000
4 0.440250 0.583667 0.025500 0.018000
5 0.412750 0.569333 0.021500 0.018667
4 0.365000 0.547000 0.019000 0.016667
10 0.338500 0.533667 0.007000 0.010000
10 0.322500 0.531000 0.009000 0.011333
4 0.146250 0.650000 0.027500 0.028000
5 0.113500 0.670333 0.033000 0.030000
4 0.090500 0.687000 0.031000 0.030000
4 0.072250 0.697000 0.032500 0.030000
5 0.013750 0.732333 0.027500 0.034000
5 0.040750 0.683000 0.040500 0.030000
5 0.025500 0.644667 0.035000 0.028000
5 0.013500 0.640667 0.027000 0.026667
4 0.246000 0.575000 0.026000 0.018000
4 0.089500 0.421333 0.018000 0.012000
4 0.079500 0.427667 0.016000 0.011333
0 0.345500 0.301333 0.023000 0.014667
0 0.467500 0.249333 0.036000 0.020000
