1 0.218946 0.712894 0.008873 0.043599
1 0.103601 0.718460 0.013048 0.045455
1 0.092641 0.716141 0.010960 0.046382
1 0.159708 0.707328 0.008351 0.043599
1 0.140919 0.714286 0.007307 0.044527
1 0.268267 0.599722 0.008351 0.034323
1 0.479906 0.623840 0.008873 0.034323
1 0.487735 0.632653 0.006785 0.031540
1 0.492432 0.630798 0.005741 0.035250
5 0.777401 0.608998 0.044363 0.038033
4 0.797495 0.584879 0.046973 0.030612
4 0.833246 0.527829 0.042276 0.031540
4 0.853079 0.497217 0.037056 0.024119
4 0.855167 0.481911 0.032881 0.021336
4 0.927714 0.614564 0.050626 0.041744
4 0.932150 0.652597 0.054280 0.034323
4 0.933455 0.547774 0.036013 0.021336
4 0.942067 0.530148 0.037578 0.021336
4 0.944415 0.514378 0.040188 0.021336
5 0.633090 0.533859 0.037578 0.030612
5 0.649530 0.525510 0.034969 0.030612
4 0.617171 0.567718 0.042276 0.031540
4 0.576983 0.592301 0.044363 0.036178
4 0.582463 0.581169 0.037578 0.032468
4 0.687109 0.499536 0.039144 0.028757
4 0.717119 0.474026 0.035491 0.020408
4 0.730950 0.461967 0.031837 0.018553
4 0.693372 0.626623 0.048539 0.036178
6 0.919363 0.674397 0.091336 0.089054
1 0.367432 0.566790 0.006263 0.029685
1 0.383090 0.562152 0.005219 0.027829
1 0.390136 0.547774 0.007829 0.025046
1 0.383873 0.545455 0.005741 0.029685
1 0.350470 0.574675 0.008873 0.030612
1 0.127349 0.822356 0.016701 0.052876
1 0.129175 0.813544 0.017223 0.050093
1 0.118737 0.803340 0.010960 0.050093
1 0.121086 0.794063 0.010438 0.055659
1 0.012265 0.794991 0.007829 0.053803
1 0.005480 0.789425 0.009916 0.046382
0 0.050626 0.480983 0.061587 0.032468
4 0.788100 0.496753 0.035491 0.021336
4 0.800626 0.487941 0.033403 0.018553
