0 0.758000 0.243667 0.064000 0.075333
0 0.795000 0.292667 0.031000 0.026667
4 0.473000 0.367667 0.025000 0.018000
4 0.375750 0.715000 0.080500 0.062000
4 0.583500 0.797000 0.056000 0.115333
4 0.621500 0.647667 0.043000 0.072667
4 0.637750 0.585667 0.035500 0.054000
4 0.648750 0.543667 0.032500 0.047333
4 0.664750 0.501333 0.027500 0.040000
4 0.537500 0.936333 0.077000 0.127333
4 0.034000 0.608333 0.068000 0.046000
4 0.047250 0.572000 0.089500 0.032000
4 0.014250 0.416333 0.026500 0.026000
4 0.158500 0.429000 0.031000 0.028667
4 0.094000 0.372667 0.033000 0.020000
4 0.070000 0.368333 0.027000 0.016667
4 0.044500 0.363000 0.024000 0.016667
4 0.496500 0.350333 0.028000 0.016667
4 0.592500 0.358333 0.026000 0.012667
4 0.616250 0.373667 0.032500 0.015333
4 0.725750 0.375667 0.036500 0.016667
4 0.716250 0.356333 0.038500 0.016667
4 0.833000 0.362333 0.026000 0.015333
4 0.729250 0.284333 0.008500 0.010000
4 0.725750 0.304667 0.007500 0.010667
4 0.722250 0.321333 0.010500 0.013333
4 0.815750 0.371333 0.031500 0.013333
4 0.884000 0.377000 0.028000 0.016667
4 0.733000 0.384333 0.032000 0.015333
5 0.913000 0.371333 0.049000 0.025333
4 0.970000 0.361667 0.017000 0.019333
2 0.697000 0.525000 0.008000 0.018000
2 0.762750 0.347667 0.008500 0.008667
3 0.697250 0.535667 0.010500 0.018000
10 0.761750 0.356000 0.012500 0.010667
1 0.467250 0.499667 0.009500 0.026000
1 0.447500 0.524667 0.005000 0.024000
1 0.283500 0.468333 0.008000 0.022000
1 0.315750 0.469333 0.006500 0.024000
1 0.346000 0.476000 0.006000 0.026667
1 0.347000 0.436333 0.006000 0.016667
1 0.102250 0.507333 0.006500 0.028000
1 0.332500 0.585333 0.010000 0.025333
1 0.756250 0.779000 0.014500 0.046000
1 0.380000 0.376333 0.005000 0.023333
1 0.387750 0.370000 0.004500 0.022667
1 0.525250 0.856667 0.010500 0.042667
