5 0.440714 0.854762 0.148571 0.145714
4 0.108571 0.897619 0.124286 0.197143
4 0.198571 0.831905 0.128571 0.220000
4 0.275000 0.749524 0.120000 0.186667
4 0.350714 0.692381 0.125714 0.171429
4 0.196429 0.602857 0.142857 0.154286
4 0.375714 0.523333 0.118571 0.124762
4 0.342500 0.466667 0.115000 0.114286
4 0.298929 0.415714 0.120714 0.117143
4 0.268571 0.368095 0.117143 0.113333
4 0.238929 0.330000 0.107857 0.098095
4 0.504643 0.214762 0.076429 0.092381
5 0.215357 0.277619 0.087857 0.094286
5 0.189643 0.238571 0.095000 0.092381
4 0.158571 0.220952 0.105714 0.087619
4 0.108571 0.202381 0.102857 0.080952
4 0.117143 0.157619 0.097143 0.075238
4 0.093571 0.130952 0.100000 0.075238
5 0.086071 0.093810 0.086429 0.069524
5 0.061429 0.072857 0.097143 0.071429
5 0.037500 0.031429 0.075000 0.060952
4 0.062500 0.612381 0.125000 0.142857
4 0.051429 0.541905 0.102857 0.099048
4 0.043571 0.485714 0.087143 0.104762
4 0.023214 0.423810 0.046429 0.064762
4 0.017500 0.380952 0.035000 0.060952
4 0.915714 0.301905 0.091429 0.066667
4 0.900714 0.166667 0.058571 0.062857
5 0.790714 0.180952 0.074286 0.068571
6 0.716071 0.103810 0.110714 0.093333
5 0.545714 0.021905 0.092857 0.043810
7 0.622500 0.061429 0.042143 0.046667
1 0.583214 0.963333 0.026429 0.040952
8 0.546786 0.917143 0.089286 0.144762
2 0.510357 0.747143 0.025000 0.025714
8 0.600000 0.699048 0.037143 0.114286
1 0.585000 0.664286 0.017143 0.040952
1 0.636429 0.716190 0.021429 0.049524
1 0.540714 0.615238 0.021429 0.049524
2 0.626429 0.603810 0.024286 0.041905
3 0.628214 0.617143 0.015000 0.043810
2 0.412857 0.654762 0.021429 0.021905
1 0.499286 0.529524 0.018571 0.041905
1 0.518571 0.515238 0.020000 0.047619
1 0.484643 0.515714 0.019286 0.040952
8 0.483571 0.489524 0.064286 0.068571
2 0.736071 0.472857 0.019286 0.031429
2 0.743214 0.471429 0.009286 0.034286
10 0.731429 0.482857 0.034286 0.041905
1 0.671786 0.060476 0.015000 0.035238
5 0.767143 0.015714 0.045714 0.031429
1 0.798929 0.123810 0.012143 0.034286
10 0.856071 0.191429 0.010714 0.034286
2 0.856071 0.185238 0.019286 0.035238
1 0.961429 0.248095 0.022857 0.039048
0 0.932143 0.247143 0.032857 0.044762
6 0.964643 0.172381 0.070714 0.100952
1 0.962500 0.211905 0.019286 0.029524
0 0.904286 0.119524 0.021429 0.031429
4 0.845000 0.014762 0.064286 0.029524
