1 0.360250 0.992333 0.006500 0.011333
3 0.353000 0.926667 0.006000 0.016000
3 0.411750 0.904000 0.006500 0.017333
2 0.411250 0.901667 0.005500 0.018000
1 0.405250 0.857667 0.005500 0.015333
1 0.404500 0.839333 0.007000 0.016000
1 0.490000 0.746000 0.005000 0.014667
1 0.488000 0.721000 0.004000 0.012667
1 0.477500 0.712000 0.005000 0.012000
1 0.473750 0.674667 0.003500 0.013333
1 0.457750 0.672667 0.004500 0.012000
1 0.456750 0.668667 0.003500 0.010667
1 0.462750 0.648333 0.003500 0.011333
7 0.469500 0.650333 0.010000 0.011333
4 0.508250 0.553333 0.019500 0.010667
4 0.437750 0.549667 0.018500 0.010000
4 0.413750 0.550667 0.017500 0.010667
5 0.389250 0.549000 0.017500 0.010000
4 0.361000 0.549333 0.019000 0.009333
4 0.142500 0.682333 0.018000 0.023333
4 0.070250 0.699000 0.031500 0.019333
4 0.085250 0.683667 0.031500 0.016667
4 0.102000 0.666000 0.028000 0.017333
4 0.112500 0.656333 0.027000 0.015333
4 0.117000 0.644667 0.017000 0.013333
4 0.876000 0.668333 0.019000 0.019333
4 0.891750 0.669000 0.017500 0.018000
4 0.907250 0.671333 0.019500 0.018667
4 0.921250 0.671333 0.019500 0.018667
4 0.937250 0.670333 0.021500 0.019333
1 0.631000 0.556667 0.003000 0.008000
3 0.616250 0.555667 0.008500 0.006000
2 0.616500 0.553667 0.004000 0.007333
0 0.238750 0.558000 0.065500 0.044000
0 0.726250 0.572667 0.054500 0.064000
10 0.392500 0.540333 0.007000 0.004667
2 0.393000 0.539000 0.003000 0.007333
3 0.352500 0.546333 0.007000 0.006000
2 0.351500 0.544000 0.003000 0.008000
0 0.631500 0.532000 0.120000 0.029333
