5 0.196786 0.720812 0.049286 0.149746
5 0.381786 0.781726 0.036429 0.119289
5 0.576786 0.861675 0.043571 0.157360
5 0.541786 0.831853 0.039286 0.161168
5 0.498929 0.835025 0.040714 0.154822
5 0.459643 0.819797 0.043571 0.157360
5 0.547857 0.407360 0.040000 0.142132
5 0.791071 0.462563 0.043571 0.148477
5 0.743214 0.855964 0.089286 0.085025
6 0.857857 0.289340 0.072857 0.195431
6 0.979286 0.332487 0.041429 0.182741
5 0.977143 0.532995 0.045714 0.157360
4 0.975714 0.790609 0.048571 0.081218
4 0.973214 0.871827 0.053571 0.078680
4 0.802143 0.979061 0.081429 0.039340
4 0.718214 0.962563 0.079286 0.072335
4 0.565714 0.965736 0.037143 0.065990
4 0.441071 0.946066 0.046429 0.095178
4 0.231429 0.048858 0.045714 0.097716
4 0.276071 0.050761 0.047857 0.101523
4 0.317857 0.062183 0.045714 0.124365
4 0.230357 0.439721 0.037857 0.130711
4 0.233571 0.722081 0.045714 0.137056
4 0.423571 0.797589 0.032857 0.130711
4 0.755000 0.711929 0.081429 0.078680
4 0.748214 0.777284 0.069286 0.074873
4 0.827143 0.878807 0.082857 0.085025
4 0.831429 0.480964 0.040000 0.139594
4 0.905000 0.522208 0.045714 0.135787
4 0.944643 0.522208 0.042143 0.140863
4 0.301786 0.469543 0.042143 0.144670
4 0.320357 0.333122 0.043571 0.128173
4 0.357500 0.338832 0.039286 0.157360
4 0.336429 0.489213 0.040000 0.148477
5 0.611786 0.588832 0.046429 0.152284
4 0.566429 0.578046 0.045714 0.153553
4 0.527500 0.553299 0.030714 0.142132
4 0.492500 0.540609 0.047857 0.144670
4 0.417500 0.508883 0.045000 0.119289
4 0.378571 0.498731 0.044286 0.147208
4 0.397500 0.351523 0.039286 0.137056
4 0.434286 0.364213 0.037143 0.134518
4 0.471786 0.385152 0.036429 0.133249
4 0.508929 0.395305 0.037857 0.130711
4 0.587143 0.429569 0.037143 0.140863
4 0.629643 0.442259 0.039286 0.145939
4 0.383571 0.085660 0.042857 0.138325
4 0.425357 0.093909 0.035000 0.131980
4 0.462143 0.110406 0.034286 0.137056
4 0.501786 0.111041 0.045000 0.145939
4 0.535357 0.130711 0.042143 0.157360
4 0.576429 0.146574 0.041429 0.145939
4 0.617143 0.159264 0.041429 0.135787
4 0.664643 0.158629 0.040714 0.129442
1 0.501786 0.263325 0.009286 0.026650
1 0.513214 0.243655 0.009286 0.030457
1 0.514286 0.232234 0.010000 0.038071
