4 0.039286 0.142381 0.078571 0.109524
4 0.048929 0.046667 0.059286 0.070476
4 0.150000 0.077619 0.064286 0.092381
6 0.323214 0.252381 0.085000 0.173333
4 0.458929 0.026190 0.035000 0.052381
4 0.458571 0.094762 0.042857 0.080952
4 0.403214 0.139048 0.050714 0.099048
4 0.455714 0.204286 0.048571 0.109524
4 0.405000 0.063810 0.041429 0.072381
4 0.387143 0.439524 0.071429 0.162857
4 0.508929 0.459048 0.077857 0.160000
4 0.317500 0.642381 0.086429 0.202857
5 0.402500 0.853333 0.090714 0.289524
1 0.541071 0.118571 0.013571 0.040952
10 0.601071 0.151429 0.039286 0.024762
10 0.597500 0.131905 0.027857 0.027619
10 0.603214 0.113333 0.032143 0.022857
10 0.597500 0.096667 0.035000 0.029524
5 0.581429 0.241905 0.105714 0.076190
10 0.620714 0.200952 0.037143 0.028571
3 0.671429 0.220000 0.017143 0.059048
1 0.653214 0.159524 0.016429 0.050476
4 0.602500 0.310476 0.126429 0.070476
4 0.615714 0.383333 0.142857 0.077143
4 0.652500 0.630952 0.169286 0.166667
1 0.772500 0.657143 0.023571 0.060952
1 0.751786 0.659524 0.020714 0.058095
