1 0.198929 0.920000 0.019286 0.043810
1 0.217857 0.916667 0.017143 0.042857
1 0.062500 0.900952 0.025000 0.026667
1 0.065000 0.890952 0.030000 0.023810
1 0.101071 0.843810 0.017857 0.026667
1 0.095714 0.791429 0.028571 0.043810
1 0.087857 0.761905 0.024286 0.034286
4 0.081429 0.654286 0.097143 0.057143
4 0.110000 0.612381 0.068571 0.049524
4 0.145357 0.560000 0.075000 0.041905
4 0.173571 0.525238 0.060000 0.042857
4 0.192857 0.489048 0.052857 0.039048
4 0.208571 0.463333 0.052857 0.035238
1 0.455714 0.620000 0.010000 0.022857
1 0.641071 0.627619 0.012143 0.032381
10 0.238214 0.484762 0.016429 0.028571
2 0.236429 0.480476 0.012857 0.016190
2 0.238214 0.478571 0.012143 0.016190
2 0.239643 0.475238 0.013571 0.019048
1 0.259643 0.437143 0.010714 0.030476
4 0.229286 0.436667 0.054286 0.035238
4 0.241071 0.414286 0.059286 0.030476
5 0.252857 0.388571 0.052857 0.036190
1 0.283571 0.381905 0.010000 0.026667
1 0.271786 0.378095 0.007857 0.022857
1 0.258214 0.368095 0.009286 0.018095
0 0.255000 0.343810 0.020000 0.020952
1 0.341071 0.346667 0.009286 0.022857
1 0.331786 0.340476 0.007857 0.025714
1 0.330000 0.335238 0.008571 0.022857
1 0.359643 0.360476 0.007857 0.023810
1 0.365714 0.361429 0.007143 0.025714
1 0.370000 0.362857 0.007143 0.024762
1 0.389286 0.394286 0.008571 0.026667
1 0.395714 0.399524 0.007143 0.029524
1 0.401786 0.408571 0.009286 0.028571
1 0.357500 0.333810 0.007857 0.020000
1 0.364643 0.335714 0.009286 0.021905
4 0.313929 0.294762 0.046429 0.025714
1 0.458571 0.293810 0.005714 0.021905
1 0.463214 0.293333 0.006429 0.020952
1 0.502143 0.236190 0.004286 0.017143
1 0.505000 0.235714 0.005714 0.018095
1 0.508214 0.237143 0.005000 0.019048
1 0.525000 0.237143 0.005714 0.019048
1 0.530357 0.236190 0.005000 0.019048
1 0.534286 0.242381 0.005714 0.020000
1 0.542143 0.243333 0.005714 0.020000
1 0.526071 0.227619 0.003571 0.017143
1 0.529643 0.228095 0.005000 0.020000
1 0.563571 0.214286 0.005714 0.017143
1 0.568571 0.214286 0.005714 0.019048
1 0.564643 0.203333 0.005000 0.014286
1 0.569643 0.203810 0.005000 0.017143
0 0.579643 0.193810 0.013571 0.025714
1 0.586786 0.174762 0.005000 0.016190
1 0.592143 0.173810 0.004286 0.014286
1 0.595000 0.173810 0.004286 0.014286
1 0.604643 0.175714 0.003571 0.016190
1 0.618571 0.153333 0.004286 0.013333
1 0.623929 0.155238 0.003571 0.011429
1 0.626429 0.154286 0.004286 0.011429
1 0.586786 0.138095 0.003571 0.013333
0 0.633571 0.134286 0.030000 0.030476
5 0.787857 0.117619 0.017143 0.018095
1 0.741429 0.060000 0.004286 0.009524
1 0.789643 0.138095 0.005000 0.013333
1 0.795714 0.140952 0.005714 0.013333
1 0.836786 0.144286 0.005000 0.012381
1 0.840714 0.147143 0.004286 0.014286
0 0.912143 0.170000 0.098571 0.065714
1 0.823929 0.090952 0.005000 0.008571
1 0.850357 0.078095 0.005000 0.011429
1 0.868571 0.083333 0.004286 0.010476
1 0.870714 0.081905 0.004286 0.009524
1 0.876786 0.091905 0.003571 0.010476
1 0.878929 0.080476 0.005000 0.010476
1 0.894643 0.075238 0.003571 0.007619
1 0.882500 0.104286 0.007857 0.012381
1 0.885000 0.114286 0.002857 0.009524
1 0.887857 0.114762 0.004286 0.010476
1 0.890357 0.114762 0.003571 0.012381
5 0.840714 0.050000 0.014286 0.012381
4 0.852143 0.053333 0.010000 0.009524
4 0.966429 0.602857 0.025714 0.028571
