2 0.489286 0.537143 0.007143 0.020952
2 0.495000 0.534762 0.004286 0.020000
2 0.504286 0.511905 0.007143 0.016190
2 0.553929 0.531905 0.006429 0.012381
2 0.697500 0.426667 0.007857 0.019048
2 0.787143 0.563333 0.010000 0.018095
2 0.750000 0.459524 0.010000 0.012381
2 0.812500 0.417143 0.009286 0.020952
2 0.754286 0.458095 0.010000 0.013333
2 0.889643 0.262381 0.006429 0.016190
2 0.865000 0.228571 0.005714 0.015238
10 0.864286 0.234286 0.010000 0.019048
10 0.887857 0.264286 0.010000 0.020000
0 0.898929 0.283333 0.013571 0.027619
8 0.693214 0.250000 0.012143 0.027619
10 0.807500 0.420476 0.016429 0.018095
10 0.751071 0.461429 0.022143 0.012381
3 0.694643 0.431905 0.017857 0.012381
3 0.784643 0.570952 0.013571 0.025714
1 0.636071 0.518095 0.009286 0.017143
1 0.612857 0.531429 0.008571 0.015238
6 0.781071 0.149048 0.066429 0.073333
6 0.845000 0.045714 0.032857 0.032381
1 0.823929 0.036190 0.005000 0.017143
5 0.918571 0.174762 0.035714 0.023810
4 0.828214 0.222857 0.023571 0.028571
4 0.360000 0.127143 0.032857 0.018095
4 0.359643 0.140000 0.032143 0.017143
4 0.416429 0.073333 0.010000 0.019048
4 0.420714 0.088571 0.011429 0.019048
4 0.407857 0.042381 0.012857 0.018095
4 0.286429 0.223810 0.014286 0.030476
6 0.391786 0.071905 0.015000 0.033333
6 0.385357 0.040952 0.010714 0.036190
0 0.465357 0.010952 0.006429 0.014286
1 0.313929 0.615714 0.007857 0.021905
1 0.371786 0.600952 0.009286 0.020952
1 0.540000 0.583810 0.008571 0.019048
8 0.552143 0.565238 0.014286 0.042857
4 0.723571 0.517143 0.040000 0.068571
1 0.063929 0.701429 0.017857 0.018095
