1 0.339643 0.113333 0.015000 0.043810
10 0.190000 0.158095 0.035714 0.032381
1 0.160000 0.044286 0.018571 0.037143
1 0.128214 0.095238 0.023571 0.038095
1 0.110714 0.082857 0.020000 0.034286
5 0.070714 0.096190 0.068571 0.083810
5 0.292857 0.391905 0.065714 0.126667
5 0.047857 0.341429 0.072857 0.103810
10 0.108571 0.380000 0.044286 0.028571
10 0.118571 0.347619 0.048571 0.032381
10 0.127500 0.313810 0.032143 0.033333
10 0.092857 0.413810 0.044286 0.042857
10 0.081429 0.452857 0.047143 0.037143
10 0.061429 0.480000 0.054286 0.043810
10 0.043214 0.520476 0.049286 0.040952
10 0.019286 0.571905 0.038571 0.027619
10 0.028571 0.543333 0.047143 0.033333
2 0.010357 0.539524 0.019286 0.031429
1 0.123571 0.283810 0.028571 0.040000
1 0.098214 0.287619 0.023571 0.041905
1 0.110000 0.282381 0.027143 0.039048
1 0.090000 0.281905 0.022857 0.036190
1 0.124643 0.257143 0.023571 0.036190
1 0.127143 0.277143 0.021429 0.041905
10 0.140714 0.278571 0.037143 0.027619
1 0.107857 0.256667 0.021429 0.035238
1 0.099643 0.270000 0.019286 0.031429
1 0.093929 0.257619 0.017857 0.029524
2 0.158929 0.320952 0.030714 0.038095
10 0.158571 0.330952 0.025714 0.046667
10 0.555714 0.677619 0.024286 0.069524
2 0.469643 0.715238 0.017857 0.024762
10 0.470357 0.716190 0.026429 0.053333
2 0.449643 0.684762 0.023571 0.020952
2 0.432500 0.596190 0.016429 0.036190
1 0.421071 0.579524 0.015000 0.033333
10 0.445357 0.649048 0.046429 0.035238
10 0.449643 0.688095 0.040714 0.033333
10 0.448214 0.538571 0.049286 0.037143
2 0.451786 0.540952 0.017857 0.034286
10 0.452500 0.567619 0.045000 0.028571
7 0.450357 0.620476 0.040714 0.033333
10 0.451429 0.595714 0.038571 0.025714
10 0.459643 0.390476 0.036429 0.034286
10 0.467857 0.420952 0.041429 0.030476
1 0.463929 0.390000 0.015000 0.029524
4 0.239643 0.028571 0.050714 0.057143
4 0.803929 0.865714 0.149286 0.093333
1 0.936429 0.701429 0.035714 0.025714
3 0.702857 0.925238 0.048571 0.029524
10 0.519643 0.408095 0.052143 0.042857
10 0.461429 0.507143 0.044286 0.035238
10 0.464643 0.447143 0.046429 0.035238
10 0.461071 0.474762 0.042143 0.031429
