2 0.366649 0.592764 0.008873 0.022263
10 0.365605 0.600649 0.015136 0.030612
5 0.410230 0.441558 0.031315 0.050093
5 0.446242 0.389610 0.025052 0.044527
5 0.462161 0.362709 0.023486 0.044527
4 0.487213 0.440167 0.028706 0.041744
2 0.524791 0.288961 0.003653 0.012059
10 0.524791 0.295455 0.005741 0.013915
2 0.088205 0.714750 0.013570 0.036178
5 0.106472 0.897959 0.082463 0.148423
4 0.187370 0.777365 0.058455 0.092764
4 0.263570 0.658627 0.051148 0.074212
5 0.561587 0.297774 0.017745 0.029685
6 0.587161 0.246289 0.024008 0.043599
4 0.562630 0.196660 0.016701 0.025974
5 0.587683 0.153989 0.016701 0.022263
4 0.623956 0.116419 0.010960 0.017625
4 0.629697 0.069573 0.012004 0.014842
4 0.642223 0.035250 0.008873 0.016698
0 0.647182 0.010668 0.017745 0.021336
0 0.652923 0.030612 0.007307 0.012987
