10 0.480000 0.014286 0.017143 0.024762
10 0.464643 0.089524 0.023571 0.015238
10 0.458214 0.101429 0.025000 0.014286
10 0.471786 0.280952 0.012143 0.034286
10 0.545000 0.462857 0.034286 0.019048
10 0.508929 0.479524 0.033571 0.027619
10 0.541071 0.497619 0.033571 0.016190
10 0.543929 0.515714 0.030714 0.025714
10 0.546071 0.535238 0.026429 0.030476
10 0.372857 0.506667 0.027143 0.013333
10 0.497143 0.655238 0.035714 0.030476
1 0.364643 0.822857 0.015000 0.028571
1 0.383571 0.652857 0.018571 0.020000
8 0.398214 0.421429 0.049286 0.040952
4 0.302500 0.964762 0.056429 0.070476
4 0.457857 0.970952 0.100000 0.058095
4 0.462500 0.896190 0.087857 0.074286
4 0.484643 0.815238 0.086429 0.057143
4 0.339286 0.777143 0.050000 0.123810
4 0.505357 0.700952 0.082143 0.057143
4 0.520357 0.571429 0.082143 0.055238
8 0.539643 0.410000 0.050714 0.042857
6 0.541071 0.376190 0.083571 0.066667
4 0.552857 0.320952 0.068571 0.049524
6 0.557857 0.231429 0.078571 0.076190
6 0.573571 0.146667 0.071429 0.057143
4 0.584286 0.099524 0.057143 0.037143
4 0.585357 0.072857 0.059286 0.031429
4 0.590714 0.047143 0.055714 0.039048
