1 0.837500 0.771429 0.026429 0.066667
4 0.578214 0.760476 0.090714 0.166667
4 0.572500 0.544762 0.075000 0.120000
4 0.277857 0.496190 0.112857 0.091429
4 0.316071 0.292857 0.077857 0.050476
4 0.718214 0.254762 0.032143 0.046667
4 0.755714 0.225714 0.030000 0.041905
4 0.668929 0.230000 0.037857 0.052381
4 0.559286 0.225238 0.038571 0.046667
4 0.603214 0.230952 0.035000 0.050476
4 0.765357 0.168095 0.022143 0.037143
4 0.709286 0.150000 0.027143 0.033333
4 0.772500 0.104286 0.022143 0.031429
4 0.753571 0.066190 0.017143 0.020000
4 0.767857 0.039048 0.017143 0.022857
4 0.796429 0.012381 0.011429 0.020952
4 0.832500 0.033810 0.017857 0.016190
4 0.679643 0.074762 0.025000 0.031429
4 0.018571 0.237619 0.037143 0.050476
4 0.069643 0.888095 0.137857 0.210476
4 0.321429 0.932857 0.137143 0.134286
4 0.783214 0.005238 0.012143 0.010476
4 0.706071 0.363333 0.037857 0.058095
4 0.811786 0.470000 0.065000 0.075238
1 0.113214 0.207619 0.017857 0.030476
2 0.096071 0.210000 0.015000 0.031429
3 0.093571 0.215714 0.015714 0.027619
3 0.130357 0.213333 0.010714 0.019048
2 0.130000 0.201429 0.008571 0.021905
1 0.132143 0.366667 0.012857 0.026667
8 0.144643 0.390952 0.073571 0.063810
2 0.351429 0.197619 0.011429 0.018095
2 0.340000 0.218571 0.012857 0.023810
2 0.348929 0.243810 0.013571 0.030476
3 0.345000 0.230000 0.022857 0.016190
10 0.351071 0.250952 0.029286 0.021905
1 0.404643 0.183810 0.010714 0.034286
1 0.374286 0.230476 0.011429 0.032381
1 0.399286 0.238095 0.010000 0.036190
1 0.388214 0.226667 0.009286 0.030476
1 0.404286 0.219524 0.010000 0.035238
1 0.412857 0.215714 0.008571 0.031429
1 0.381429 0.213333 0.010000 0.034286
7 0.347143 0.206667 0.034286 0.024762
9 0.486786 0.233810 0.105000 0.132381
1 0.538214 0.105238 0.006429 0.027619
4 0.675714 0.310000 0.035714 0.056190
9 0.807857 0.127619 0.034286 0.081905
1 0.885000 0.124762 0.008571 0.022857
1 0.897857 0.081429 0.005714 0.016190
1 0.899643 0.230476 0.012143 0.030476
1 0.886071 0.209524 0.007857 0.024762
1 0.885714 0.180000 0.007143 0.022857
1 0.891786 0.180952 0.006429 0.022857
1 0.889643 0.192381 0.009286 0.022857
2 0.862857 0.245714 0.007143 0.022857
10 0.862500 0.255714 0.013571 0.025714
1 0.852143 0.336190 0.011429 0.038095
1 0.863214 0.345714 0.016429 0.043810
1 0.877857 0.345714 0.012857 0.040000
2 0.877500 0.313810 0.015000 0.027619
2 0.880000 0.318095 0.014286 0.024762
2 0.872143 0.380952 0.017143 0.030476
10 0.877857 0.321905 0.014286 0.026667
3 0.873571 0.394762 0.017143 0.033333
1 0.791429 0.368095 0.012857 0.039048
2 0.946786 0.530952 0.012143 0.048571
10 0.942857 0.533333 0.044286 0.032381
4 0.626786 0.204286 0.030714 0.035238
4 0.644643 0.176667 0.027857 0.035238
5 0.659286 0.152857 0.028571 0.042857
4 0.673571 0.135238 0.024286 0.028571
4 0.681786 0.117143 0.023571 0.028571
4 0.697143 0.102857 0.018571 0.030476
4 0.707857 0.087619 0.021429 0.026667
4 0.711429 0.071905 0.022857 0.031429
4 0.723571 0.057143 0.020000 0.024762
4 0.736429 0.041429 0.017143 0.023810
4 0.742500 0.030476 0.017857 0.019048
4 0.746429 0.020952 0.015714 0.017143
4 0.753214 0.013333 0.015000 0.017143
4 0.760714 0.005714 0.015714 0.011429
5 0.882143 0.051905 0.021429 0.033333
