4 0.091000 0.982000 0.140000 0.036000
4 0.251750 0.970333 0.107500 0.059333
1 0.382250 0.974333 0.016500 0.023333
2 0.344250 0.841667 0.018500 0.039333
6 0.285000 0.798333 0.131000 0.166000
2 0.381750 0.771667 0.013500 0.022000
1 0.468000 0.785667 0.016000 0.026000
4 0.368750 0.690000 0.045500 0.125333
1 0.650000 0.725333 0.020000 0.030667
2 0.552250 0.597667 0.015500 0.023333
10 0.552000 0.601000 0.017000 0.046000
1 0.651750 0.503667 0.012500 0.031333
1 0.699250 0.507667 0.013500 0.024667
2 0.961750 0.774000 0.018500 0.026667
2 0.950250 0.776000 0.015500 0.021333
10 0.952750 0.778667 0.043500 0.024000
1 0.987250 0.516000 0.024500 0.032000
4 0.877000 0.441667 0.025000 0.028667
2 0.900250 0.466333 0.017500 0.023333
2 0.920500 0.462333 0.016000 0.023333
2 0.947250 0.461667 0.014500 0.028667
2 0.967500 0.462000 0.017000 0.030667
2 0.968000 0.462000 0.013000 0.016000
1 0.482750 0.527333 0.013500 0.028000
6 0.374000 0.399000 0.054000 0.171333
10 0.456000 0.408000 0.014000 0.036000
1 0.412500 0.384000 0.010000 0.028000
1 0.419750 0.385333 0.007500 0.017333
2 0.438000 0.397000 0.014000 0.027333
1 0.453250 0.373000 0.009500 0.031333
1 0.451750 0.361667 0.009500 0.024667
1 0.468250 0.318667 0.009500 0.029333
1 0.459250 0.272667 0.011500 0.032000
1 0.458250 0.242333 0.012500 0.028667
6 0.441750 0.244333 0.041500 0.102000
4 0.570250 0.368667 0.042500 0.086667
2 0.573500 0.240667 0.015000 0.017333
2 0.511000 0.196000 0.011000 0.020000
2 0.510750 0.186667 0.010500 0.018667
10 0.510500 0.195333 0.011000 0.028000
6 0.443750 0.161000 0.028500 0.074000
6 0.565250 0.164667 0.060500 0.066667
2 0.468000 0.147000 0.010000 0.020667
2 0.486750 0.141667 0.010500 0.026000
3 0.469000 0.161000 0.010000 0.024667
7 0.484500 0.150333 0.013000 0.034000
5 0.535250 0.124000 0.026500 0.060000
10 0.430500 0.089000 0.015000 0.027333
2 0.431750 0.069000 0.008500 0.016667
1 0.453500 0.034333 0.008000 0.032667
1 0.520000 0.025333 0.011000 0.021333
10 0.496500 0.012000 0.008000 0.020000
1 0.446500 0.013667 0.007000 0.020667
5 0.405500 0.015000 0.062000 0.030000
6 0.515000 0.011667 0.025000 0.023333
0 0.917500 0.423667 0.053000 0.043333
6 0.283750 0.800000 0.132500 0.162667
