5 0.670500 0.697000 0.013000 0.028667
4 0.736000 0.749000 0.019000 0.040667
4 0.757500 0.749667 0.019000 0.039333
4 0.787000 0.753000 0.022000 0.040667
4 0.807750 0.754000 0.020500 0.033333
10 0.751750 0.667000 0.008500 0.012667
3 0.847750 0.946333 0.014500 0.018000
3 0.776250 0.983667 0.008500 0.020667
3 0.768250 0.982333 0.008500 0.024667
3 0.761000 0.983333 0.009000 0.022667
3 0.753250 0.984333 0.009500 0.024667
3 0.736250 0.989000 0.012500 0.018000
3 0.732500 0.983333 0.015000 0.017333
3 0.688250 0.947333 0.009500 0.022667
3 0.673500 0.940333 0.016000 0.015333
4 0.709500 0.980000 0.012000 0.022667
3 0.700500 0.978000 0.010000 0.025333
3 0.693750 0.982667 0.013500 0.024000
3 0.643750 0.976333 0.006500 0.022000
3 0.637500 0.977000 0.010000 0.023333
4 0.513500 0.992333 0.048000 0.015333
4 0.453000 0.991000 0.048000 0.016667
5 0.396750 0.988000 0.044500 0.022667
4 0.322750 0.988667 0.045500 0.020000
3 0.313250 0.958000 0.006500 0.022667
3 0.305250 0.960000 0.006500 0.021333
3 0.293000 0.959667 0.008000 0.023333
3 0.321000 0.957333 0.006000 0.020000
4 0.218250 0.987667 0.045500 0.023333
4 0.160500 0.984333 0.050000 0.031333
4 0.070000 0.985000 0.049000 0.028667
0 0.028250 0.670333 0.054500 0.086000
4 0.113250 0.538667 0.019500 0.022667
0 0.143750 0.561333 0.040500 0.065333
3 0.131750 0.604333 0.009500 0.007333
3 0.135000 0.600000 0.008000 0.008000
3 0.169000 0.551000 0.007000 0.008667
3 0.170000 0.548667 0.008000 0.008000
3 0.173000 0.544000 0.009000 0.006667
3 0.176000 0.539333 0.010000 0.009333
4 0.121250 0.497000 0.015500 0.016667
4 0.132500 0.483667 0.017000 0.019333
5 0.144500 0.481667 0.015000 0.020667
5 0.163000 0.478000 0.021000 0.022667
4 0.195250 0.481000 0.016500 0.015333
4 0.213750 0.495333 0.018500 0.021333
4 0.164500 0.497667 0.015000 0.019333
4 0.151000 0.496000 0.019000 0.021333
4 0.110750 0.445000 0.022500 0.011333
4 0.148750 0.446000 0.022500 0.012000
4 0.178000 0.445667 0.024000 0.012667
4 0.255500 0.438000 0.012000 0.016000
4 0.233500 0.482333 0.014000 0.018000
4 0.257750 0.213667 0.005500 0.007333
4 0.263500 0.207667 0.006000 0.006000
0 0.014250 0.231000 0.027500 0.011333
