4 0.647500 0.808571 0.065000 0.099048
4 0.551071 0.621905 0.033571 0.047619
4 0.487500 0.497143 0.027857 0.032381
4 0.451786 0.489524 0.023571 0.026667
4 0.439286 0.457619 0.020000 0.025714
4 0.525000 0.352381 0.025714 0.017143
4 0.463214 0.724286 0.037857 0.075238
9 0.386071 0.400476 0.062143 0.061905
9 0.659643 0.313810 0.057857 0.031429
4 0.317500 0.373810 0.015000 0.021905
4 0.323214 0.350476 0.015000 0.019048
4 0.331071 0.330476 0.015000 0.017143
4 0.300714 0.346190 0.012857 0.016190
4 0.311429 0.333333 0.015714 0.015238
4 0.298571 0.319524 0.014286 0.016190
4 0.281071 0.300000 0.012143 0.013333
4 0.485000 0.330476 0.025714 0.015238
4 0.727143 0.310000 0.027143 0.014286
4 0.695357 0.342381 0.022143 0.014286
4 0.832143 0.321905 0.025714 0.015238
4 0.865357 0.314286 0.022143 0.015238
1 0.281429 0.647143 0.008571 0.023810
1 0.283214 0.728095 0.012143 0.027619
1 0.319286 0.770952 0.011429 0.027619
1 0.325000 0.864286 0.010000 0.027619
1 0.333571 0.838571 0.011429 0.021905
1 0.339643 0.783810 0.012143 0.028571
4 0.385000 0.451429 0.020000 0.030476
4 0.191429 0.306190 0.020000 0.012381
4 0.201071 0.292381 0.020714 0.011429
4 0.282500 0.320476 0.013571 0.012381
0 0.270357 0.284762 0.012143 0.013333
0 0.297500 0.298571 0.007857 0.010476
0 0.268929 0.345714 0.027857 0.022857
1 0.237857 0.397619 0.005714 0.012381
1 0.241429 0.395238 0.005714 0.013333
1 0.248214 0.455238 0.006429 0.015238
1 0.271429 0.387143 0.005714 0.014286
0 0.290714 0.433333 0.005714 0.015238
1 0.276429 0.389048 0.005714 0.012381
10 0.347500 0.568095 0.007857 0.021905
10 0.372500 0.566667 0.009286 0.017143
10 0.325357 0.508571 0.007857 0.015238
2 0.325714 0.506667 0.005714 0.011429
2 0.346786 0.560476 0.006429 0.018095
2 0.371429 0.559048 0.008571 0.017143
0 0.297857 0.843810 0.017143 0.036190
10 0.359643 0.785238 0.010714 0.033333
2 0.360000 0.782857 0.010000 0.024762
1 0.360357 0.683810 0.007857 0.022857
0 0.387857 0.827143 0.012857 0.040952
1 0.800000 0.794762 0.011429 0.031429
1 0.787857 0.794286 0.011429 0.020952
1 0.752500 0.728095 0.012143 0.025714
1 0.629286 0.543810 0.008571 0.019048
1 0.626429 0.538095 0.007143 0.019048
1 0.623929 0.534762 0.009286 0.020000
10 0.658571 0.378095 0.010000 0.009524
1 0.658214 0.372857 0.005000 0.010476
10 0.590000 0.596667 0.014286 0.023810
2 0.590357 0.591905 0.007857 0.020000
1 0.474286 0.360000 0.004286 0.015238
1 0.481429 0.351429 0.005714 0.013333
1 0.462143 0.353810 0.004286 0.012381
1 0.512500 0.406667 0.005000 0.017143
1 0.533571 0.403810 0.005714 0.017143
0 0.490714 0.431429 0.005714 0.015238
0 0.477857 0.423810 0.005714 0.017143
0 0.469643 0.408095 0.006429 0.016190
0 0.466429 0.391905 0.005714 0.018095
0 0.456071 0.398095 0.005000 0.013333
5 0.437143 0.317143 0.015714 0.020952
5 0.501429 0.326190 0.012857 0.016190
4 0.525357 0.326667 0.022143 0.013333
4 0.521071 0.323810 0.022143 0.013333
4 0.517500 0.320000 0.019286 0.011429
4 0.510357 0.315238 0.020714 0.011429
4 0.562857 0.310000 0.021429 0.012381
4 0.570000 0.312857 0.021429 0.010476
4 0.574643 0.319048 0.022143 0.013333
0 0.612500 0.309048 0.026429 0.010476
1 0.412500 0.311429 0.003571 0.011429
0 0.543929 0.316667 0.009286 0.012381
4 0.988571 0.271905 0.020000 0.029524
0 0.950357 0.275714 0.042143 0.035238
