6 0.320357 0.836190 0.425000 0.161905
9 0.648571 0.630476 0.358571 0.127619
8 0.316429 0.549048 0.100000 0.065714
8 0.757143 0.726190 0.075714 0.048571
10 0.835714 0.520476 0.022857 0.067619
10 0.953214 0.302857 0.027857 0.062857
1 0.957857 0.288095 0.012857 0.021905
1 0.538929 0.474762 0.009286 0.029524
1 0.568929 0.485238 0.015000 0.033333
1 0.566071 0.513810 0.012143 0.029524
1 0.554286 0.515238 0.008571 0.019048
1 0.558929 0.533333 0.013571 0.028571
1 0.571786 0.553333 0.013571 0.026667
1 0.607857 0.557619 0.024286 0.029524
1 0.599286 0.519048 0.020000 0.026667
1 0.623929 0.521429 0.019286 0.037143
1 0.633929 0.541905 0.026429 0.034286
1 0.591786 0.427619 0.015000 0.034286
