4 0.198929 0.071905 0.012143 0.023810
4 0.255000 0.141429 0.012857 0.021905
6 0.280357 0.181429 0.016429 0.021905
6 0.336786 0.136190 0.027857 0.028571
6 0.521429 0.132857 0.055714 0.039048
6 0.507857 0.027143 0.047143 0.029524
6 0.761786 0.084762 0.017857 0.045714
5 0.802857 0.098571 0.008571 0.023810
5 0.873929 0.089048 0.019286 0.012381
10 0.837857 0.129048 0.011429 0.008571
4 0.628214 0.466667 0.022143 0.015238
5 0.541071 0.463333 0.022143 0.014286
6 0.494286 0.460000 0.030000 0.019048
6 0.454286 0.453810 0.028571 0.020000
4 0.417143 0.446667 0.021429 0.013333
4 0.371786 0.450476 0.022143 0.020952
4 0.348929 0.510952 0.020714 0.016190
4 0.426429 0.552857 0.022857 0.018095
4 0.432143 0.567619 0.021429 0.017143
4 0.435357 0.584286 0.022143 0.018095
4 0.440357 0.599048 0.022143 0.019048
4 0.477500 0.498095 0.022143 0.013333
4 0.480714 0.535714 0.017143 0.016190
5 0.490357 0.548571 0.023571 0.017143
4 0.497857 0.566667 0.017143 0.013333
4 0.472143 0.630476 0.012857 0.030476
4 0.507500 0.599524 0.019286 0.016190
6 0.514286 0.518095 0.028571 0.017143
4 0.310714 0.661429 0.014286 0.029524
4 0.286429 0.561905 0.011429 0.028571
4 0.311786 0.556190 0.022143 0.015238
4 0.257857 0.561429 0.011429 0.029524
4 0.246071 0.566190 0.012143 0.027619
4 0.234643 0.569524 0.013571 0.030476
4 0.264286 0.510952 0.012857 0.027619
4 0.252143 0.446190 0.024286 0.014286
4 0.215357 0.444286 0.023571 0.014286
4 0.188571 0.437619 0.022857 0.016190
4 0.027500 0.552857 0.013571 0.027619
4 0.126786 0.526190 0.023571 0.014286
4 0.022500 0.783810 0.016429 0.036190
