3 0.009643 0.589524 0.017857 0.015238
5 0.199643 0.599048 0.045000 0.034286
4 0.356786 0.670000 0.030714 0.073333
10 0.396071 0.531429 0.009286 0.020952
10 0.282500 0.540476 0.006429 0.023810
10 0.272143 0.543810 0.008571 0.022857
3 0.291071 0.538095 0.005000 0.019048
10 0.319286 0.538571 0.007143 0.020000
10 0.398214 0.485238 0.009286 0.016190
10 0.402857 0.481905 0.008571 0.019048
3 0.408571 0.496190 0.017143 0.015238
1 0.558214 0.515238 0.009286 0.019048
5 0.489286 0.626667 0.035714 0.083810
5 0.251786 0.966667 0.042143 0.060952
5 0.882500 0.651429 0.053571 0.070476
5 0.702500 0.571905 0.049286 0.060000
4 0.807500 0.551905 0.056429 0.052381
4 0.954286 0.566190 0.052857 0.056190
5 0.898571 0.437143 0.038571 0.045714
5 0.914286 0.417619 0.047143 0.058095
4 0.944286 0.429524 0.038571 0.041905
10 0.952857 0.406190 0.018571 0.016190
3 0.927500 0.405238 0.010714 0.016190
3 0.917500 0.394286 0.005000 0.017143
10 0.868929 0.387143 0.003571 0.016190
