1 0.660714 0.764286 0.037143 0.096190
1 0.704286 0.769048 0.031429 0.088571
4 0.826071 0.760952 0.127857 0.179048
4 0.848214 0.617143 0.112143 0.106667
4 0.854643 0.518095 0.070714 0.085714
4 0.890357 0.418571 0.077857 0.067619
4 0.882857 0.372381 0.048571 0.055238
4 0.841786 0.330952 0.083571 0.054286
4 0.834643 0.282381 0.073571 0.044762
4 0.892143 0.270476 0.034286 0.043810
4 0.890357 0.243810 0.032143 0.032381
4 0.895357 0.224286 0.029286 0.029524
4 0.885714 0.177143 0.025714 0.026667
4 0.873571 0.172857 0.018571 0.023810
4 0.871786 0.160476 0.022143 0.020000
4 0.866429 0.152381 0.018571 0.022857
4 0.866786 0.137143 0.016429 0.019048
4 0.881429 0.139524 0.018571 0.029524
4 0.982500 0.166667 0.032143 0.020952
4 0.976071 0.151905 0.023571 0.020000
5 0.891786 0.199048 0.050714 0.030476
6 0.929643 0.120000 0.026429 0.032381
4 0.900000 0.106667 0.017143 0.019048
4 0.873929 0.093333 0.020714 0.019048
4 0.851786 0.084286 0.013571 0.016190
