5 0.175357 0.901015 0.043571 0.096447
5 0.385357 0.788706 0.029286 0.079949
4 0.272857 0.734772 0.031429 0.091371
4 0.502500 0.784898 0.026429 0.102792
4 0.016429 0.479695 0.032857 0.045685
4 0.141786 0.578046 0.070714 0.052030
5 0.287500 0.487944 0.062143 0.046954
4 0.468571 0.606599 0.064286 0.055838
4 0.592143 0.557107 0.067143 0.050761
4 0.637143 0.503173 0.065714 0.052030
9 0.817143 0.795051 0.052857 0.158629
9 0.747500 0.444797 0.052143 0.143401
4 0.726071 0.356599 0.022143 0.053299
1 0.892143 0.265863 0.005714 0.021574
1 0.897500 0.260152 0.006429 0.015228
9 0.803929 0.105330 0.030714 0.106599
0 0.753214 0.024746 0.005000 0.026650
0 0.761429 0.062183 0.005714 0.022843
1 0.750357 0.081853 0.003571 0.016497
1 0.752857 0.079949 0.004286 0.017766
1 0.766429 0.128807 0.004286 0.021574
0 0.763929 0.097081 0.012143 0.036802
4 0.629643 0.034898 0.015000 0.026650
4 0.613929 0.011421 0.015000 0.022843
10 0.571429 0.014594 0.005714 0.016497
2 0.571071 0.012056 0.006429 0.016497
5 0.553929 0.079315 0.016429 0.026650
5 0.617500 0.136421 0.015000 0.041878
9 0.343929 0.074239 0.056429 0.092640
1 0.386786 0.023477 0.003571 0.016497
1 0.394643 0.015228 0.003571 0.015228
1 0.397500 0.014594 0.003571 0.016497
1 0.400714 0.013325 0.002857 0.019036
1 0.404286 0.008883 0.004286 0.017766
1 0.374286 0.035533 0.002857 0.017766
1 0.382857 0.020305 0.004286 0.017766
1 0.368571 0.030457 0.004286 0.017766
1 0.283214 0.121193 0.006429 0.019036
6 0.402143 0.152284 0.038571 0.055838
9 0.187143 0.087563 0.081429 0.093909
1 0.164643 0.262690 0.006429 0.022843
5 0.518571 0.456218 0.020000 0.069797
