5 0.380000 0.406726 0.027143 0.021574
5 0.467500 0.809645 0.020714 0.071066
5 0.566429 0.231599 0.010000 0.026650
5 0.558571 0.177665 0.008571 0.027919
5 0.573929 0.263325 0.010714 0.026650
5 0.632143 0.263959 0.022857 0.020305
5 0.552143 0.143401 0.007143 0.022843
5 0.420357 0.439721 0.022143 0.039340
4 0.446429 0.517766 0.014286 0.043147
4 0.445000 0.610406 0.014286 0.038071
4 0.456071 0.737310 0.015000 0.040609
4 0.442143 0.565355 0.012857 0.034264
4 0.435357 0.476523 0.016429 0.026650
4 0.577143 0.287437 0.011429 0.026650
4 0.559286 0.198604 0.011429 0.021574
4 0.565357 0.215736 0.007857 0.017766
4 0.546429 0.111675 0.005714 0.012690
4 0.524286 0.106599 0.005714 0.015228
4 0.556071 0.168147 0.007857 0.021574
4 0.543929 0.100888 0.006429 0.013959
4 0.550000 0.131980 0.007143 0.017766
4 0.539643 0.088832 0.006429 0.015228
9 0.537857 0.217640 0.030000 0.059645
9 0.531429 0.290609 0.015714 0.063452
9 0.575714 0.380076 0.018571 0.054569
4 0.528214 0.248096 0.009286 0.021574
4 0.438929 0.395305 0.026429 0.021574
1 0.460357 0.486675 0.007857 0.019036
1 0.717500 0.942259 0.007857 0.026650
1 0.623214 0.525381 0.005000 0.017766
1 0.497143 0.569797 0.005714 0.020305
1 0.495000 0.456218 0.004286 0.013959
1 0.611429 0.482868 0.004286 0.016497
1 0.591429 0.344543 0.002857 0.016497
1 0.595714 0.337563 0.004286 0.015228
1 0.495000 0.284898 0.004286 0.019036
1 0.591071 0.367386 0.003571 0.019036
1 0.568214 0.168782 0.003571 0.010152
9 0.530357 0.138959 0.009286 0.029188
1 0.564643 0.142766 0.003571 0.013959
1 0.563929 0.149112 0.002143 0.008883
1 0.569643 0.187183 0.005000 0.019036
1 0.588571 0.238579 0.002857 0.015228
1 0.585357 0.223985 0.003571 0.013959
1 0.584286 0.211929 0.004286 0.012690
1 0.577143 0.195431 0.002857 0.012690
1 0.571071 0.211294 0.003571 0.016497
0 0.475000 0.037437 0.024286 0.011421
9 0.453214 0.074873 0.015000 0.017766
1 0.185714 0.187817 0.004286 0.012690
