0 0.125500 0.617000 0.050000 0.064667
0 0.181000 0.619667 0.054000 0.070000
0 0.236250 0.625000 0.035500 0.063333
0 0.283250 0.631333 0.037500 0.058667
0 0.326250 0.640667 0.051500 0.066667
0 0.375500 0.653333 0.045000 0.062667
0 0.414250 0.662000 0.029500 0.060000
0 0.453250 0.654333 0.039500 0.082000
1 0.468250 0.604667 0.005500 0.014667
1 0.528000 0.508000 0.021000 0.041333
1 0.561750 0.512000 0.021500 0.044000
1 0.587500 0.514000 0.020000 0.042667
1 0.620750 0.514333 0.021500 0.043333
4 0.645750 0.526667 0.019500 0.048000
4 0.694250 0.529333 0.018500 0.045333
1 0.593250 0.687667 0.007500 0.018000
1 0.631250 0.842000 0.005500 0.020000
3 0.477500 0.725000 0.019000 0.015333
3 0.551000 0.793000 0.021000 0.015333
3 0.551750 0.783000 0.021500 0.014000
3 0.553000 0.753333 0.020000 0.013333
3 0.554500 0.725333 0.020000 0.012000
3 0.557500 0.718667 0.020000 0.012000
3 0.555750 0.709667 0.018500 0.011333
3 0.555250 0.698333 0.016500 0.008667
3 0.559750 0.688667 0.017500 0.010667
3 0.495750 0.678667 0.019500 0.009333
3 0.485000 0.667667 0.017000 0.014000
3 0.488500 0.660667 0.016000 0.017333
3 0.487750 0.652333 0.017500 0.011333
3 0.491250 0.647333 0.019500 0.013333
3 0.490000 0.635667 0.017000 0.014000
