4 0.091597 0.446660 0.079854 0.076994
4 0.061848 0.516698 0.073591 0.061224
4 0.027662 0.729128 0.052192 0.141002
2 0.229645 0.355751 0.013570 0.021336
2 0.225470 0.357143 0.006263 0.011132
4 0.253653 0.243043 0.042797 0.115028
3 0.355167 0.326994 0.012004 0.038033
10 0.367171 0.329314 0.009916 0.035250
10 0.459290 0.295918 0.009395 0.040816
10 0.440501 0.319573 0.010438 0.039889
10 0.426148 0.360390 0.009916 0.038033
4 0.307411 0.490724 0.064718 0.064935
10 0.601775 0.368275 0.008351 0.037106
10 0.614823 0.368738 0.007307 0.038033
2 0.668841 0.360853 0.019311 0.018553
2 0.668841 0.399351 0.016180 0.026902
4 0.486952 0.338126 0.040710 0.125232
4 0.776618 0.463822 0.041754 0.113173
4 0.854384 0.506957 0.038622 0.114100
4 0.676931 0.694805 0.044885 0.137291
4 0.720251 0.720315 0.041754 0.134508
4 0.758612 0.755102 0.042276 0.135436
4 0.798539 0.784787 0.044885 0.135436
4 0.854906 0.823284 0.043841 0.130798
4 0.898747 0.826067 0.046973 0.134508
