4 0.556429 0.596190 0.137143 0.259048
4 0.636429 0.178571 0.042857 0.044762
4 0.730714 0.193333 0.045714 0.049524
6 0.842857 0.269048 0.108571 0.124762
4 0.672143 0.149048 0.038571 0.042857
4 0.634286 0.127143 0.028571 0.033333
6 0.284643 0.759524 0.327857 0.480952
4 0.416429 0.520000 0.122857 0.188571
4 0.471429 0.411905 0.088571 0.115238
4 0.498571 0.324762 0.065714 0.080000
4 0.506786 0.272857 0.059286 0.067619
4 0.516071 0.226190 0.049286 0.048571
4 0.528214 0.171429 0.036429 0.051429
4 0.521786 0.144286 0.027857 0.027619
4 0.514286 0.136667 0.025714 0.033333
4 0.502500 0.134286 0.029286 0.030476
1 0.538571 0.140476 0.008571 0.031429
4 0.599286 0.110952 0.024286 0.025714
4 0.591429 0.104762 0.018571 0.026667
4 0.576429 0.101905 0.021429 0.022857
4 0.487857 0.103333 0.020000 0.020000
