5 0.305000 0.919524 0.052857 0.136190
4 0.702857 0.911905 0.122857 0.086667
4 0.592143 0.741905 0.068571 0.152381
4 0.648929 0.500000 0.102143 0.112381
4 0.713929 0.174286 0.090714 0.116190
4 0.742500 0.231905 0.095000 0.134286
4 0.541071 0.102381 0.043571 0.113333
5 0.538214 0.269524 0.046429 0.150476
5 0.540714 0.444762 0.040000 0.116190
5 0.464643 0.395238 0.043571 0.125714
4 0.318571 0.487619 0.052857 0.156190
4 0.321786 0.315238 0.050714 0.137143
1 0.650714 0.733333 0.020000 0.019048
1 0.754643 0.496190 0.017857 0.022857
1 0.825357 0.687143 0.026429 0.023810
1 0.846071 0.696190 0.023571 0.015238
4 0.967143 0.759048 0.065714 0.076190
4 0.957500 0.468571 0.085000 0.154286
