4 0.364643 0.115714 0.013571 0.035238
4 0.382143 0.325238 0.014286 0.037143
6 0.368214 0.161429 0.013571 0.033333
5 0.371071 0.193810 0.012143 0.033333
4 0.372857 0.239524 0.012857 0.037143
4 0.321071 0.578095 0.015000 0.036190
5 0.613929 0.556190 0.015000 0.036190
4 0.606071 0.470000 0.013571 0.039048
4 0.569643 0.252381 0.013571 0.040000
5 0.631429 0.257619 0.024286 0.014286
4 0.656071 0.261905 0.025000 0.019048
4 0.698929 0.268095 0.025000 0.018095
4 0.734286 0.271905 0.024286 0.018095
4 0.765357 0.277143 0.022143 0.015238
4 0.795357 0.284286 0.026429 0.016190
4 0.677857 0.237619 0.027143 0.014286
5 0.676429 0.179048 0.014286 0.041905
4 0.718571 0.185714 0.012857 0.036190
4 0.591786 0.119048 0.012143 0.038095
4 0.606429 0.117619 0.012857 0.039048
6 0.448214 0.924286 0.017857 0.052381
4 0.431786 0.781429 0.013571 0.037143
4 0.428571 0.736667 0.014286 0.037143
4 0.422857 0.679524 0.014286 0.037143
6 0.623929 0.292857 0.030714 0.020000
10 0.306429 0.536190 0.011429 0.007619
10 0.331071 0.492857 0.006429 0.014286
10 0.350714 0.493333 0.007143 0.013333
0 0.335714 0.440000 0.017143 0.019048
10 0.622143 0.627143 0.007143 0.018095
10 0.627500 0.584286 0.006429 0.016190
10 0.577857 0.179048 0.004286 0.013333
10 0.587143 0.277143 0.005714 0.015238
10 0.582143 0.225714 0.004286 0.015238
10 0.549286 0.067619 0.005714 0.015238
10 0.393571 0.430476 0.010000 0.011429
1 0.464286 0.352857 0.005714 0.010476
1 0.571071 0.531429 0.005000 0.005714
4 0.894286 0.302381 0.025714 0.020000
4 0.956071 0.316667 0.029286 0.020000
