4 0.473571 0.789048 0.045714 0.080952
6 0.567500 0.974286 0.057857 0.051429
6 0.718214 0.608095 0.069286 0.069524
6 0.330000 0.467143 0.041429 0.060000
6 0.087500 0.182857 0.027857 0.036190
4 0.068214 0.159048 0.012143 0.013333
5 0.173571 0.298095 0.030000 0.026667
4 0.634643 0.504762 0.035000 0.047619
4 0.458214 0.256190 0.016429 0.017143
4 0.269643 0.386667 0.026429 0.024762
9 0.226071 0.316667 0.060714 0.056190
4 0.211786 0.261905 0.012143 0.017143
6 0.478929 0.257619 0.017857 0.040952
4 0.446429 0.252381 0.012857 0.022857
