4 0.065000 0.534286 0.035714 0.020952
4 0.392500 0.425238 0.026429 0.018095
4 0.447857 0.346667 0.028571 0.022857
4 0.388929 0.351905 0.027857 0.018095
4 0.387857 0.320000 0.030000 0.019048
4 0.386071 0.279048 0.030714 0.020952
4 0.385714 0.226667 0.025714 0.020952
4 0.442143 0.225238 0.030000 0.021905
4 0.442500 0.171905 0.025000 0.018095
4 0.439643 0.133333 0.027857 0.020952
4 0.379286 0.133810 0.025714 0.021905
5 0.397143 0.560952 0.024286 0.020952
4 0.461786 0.930952 0.030714 0.021905
6 0.581786 0.460952 0.022143 0.085714
10 0.553571 0.494286 0.005714 0.015238
4 0.735714 0.384762 0.015714 0.036190
10 0.752143 0.348095 0.007143 0.018095
1 0.909286 0.472857 0.008571 0.010476
1 0.895000 0.299524 0.008571 0.010476
1 0.957143 0.500952 0.008571 0.009524
1 0.953571 0.515714 0.011429 0.012381
1 0.931786 0.288571 0.010714 0.013333
1 0.977500 0.503333 0.006429 0.008571
1 0.983929 0.504762 0.009286 0.013333
