1 0.981786 0.829524 0.036429 0.057143
1 0.980000 0.775238 0.040000 0.049524
1 0.879286 0.720000 0.044286 0.076190
1 0.898929 0.698095 0.030714 0.070476
1 0.826429 0.677143 0.038571 0.070476
1 0.603214 0.453333 0.017857 0.053333
1 0.572143 0.355238 0.014286 0.041905
1 0.532857 0.400000 0.020000 0.045714
1 0.513929 0.388571 0.015000 0.041905
1 0.521786 0.383810 0.010714 0.041905
1 0.481071 0.369048 0.010714 0.042857
1 0.465357 0.372857 0.010714 0.040952
1 0.472143 0.370000 0.010000 0.042857
1 0.447857 0.370000 0.011429 0.042857
1 0.454643 0.352381 0.010714 0.040000
1 0.459286 0.333333 0.010000 0.034286
1 0.468929 0.331429 0.010714 0.034286
1 0.437143 0.331429 0.010000 0.038095
2 0.393214 0.351905 0.013571 0.033333
10 0.392857 0.355714 0.015714 0.033333
1 0.381429 0.296190 0.008571 0.034286
1 0.430000 0.290476 0.008571 0.034286
1 0.438571 0.298571 0.008571 0.027619
1 0.398214 0.295714 0.009286 0.031429
1 0.391786 0.295714 0.007857 0.033333
1 0.369643 0.287619 0.009286 0.030476
1 0.358214 0.287619 0.009286 0.032381
1 0.350714 0.290476 0.010000 0.030476
1 0.342857 0.292857 0.008571 0.029524
1 0.331429 0.278095 0.007143 0.028571
1 0.357500 0.265238 0.009286 0.033333
1 0.365714 0.260476 0.008571 0.027619
1 0.375000 0.266190 0.010000 0.025714
1 0.373571 0.253810 0.007143 0.023810
1 0.380357 0.255714 0.007857 0.029524
1 0.387143 0.253810 0.005714 0.025714
1 0.391071 0.251429 0.009286 0.028571
1 0.380000 0.233333 0.007143 0.024762
1 0.387500 0.234286 0.007857 0.026667
1 0.353571 0.233333 0.007143 0.026667
1 0.363929 0.232857 0.007857 0.027619
1 0.358929 0.221429 0.006429 0.025714
1 0.365714 0.220476 0.008571 0.025714
1 0.406429 0.229048 0.007143 0.025714
1 0.401071 0.227619 0.006429 0.024762
1 0.395714 0.220952 0.005714 0.024762
1 0.399643 0.220476 0.006429 0.023810
1 0.327500 0.245238 0.007857 0.027619
1 0.321429 0.246190 0.007143 0.029524
1 0.315000 0.247143 0.007143 0.029524
1 0.302500 0.229048 0.006429 0.027619
1 0.307500 0.235238 0.005000 0.026667
1 0.311071 0.226190 0.007857 0.021905
1 0.317500 0.223810 0.007857 0.020952
1 0.325714 0.213810 0.007143 0.023810
1 0.340357 0.218571 0.006429 0.025714
1 0.335714 0.213810 0.005714 0.025714
1 0.353929 0.200000 0.006429 0.022857
1 0.365357 0.209048 0.006429 0.023810
1 0.372500 0.207619 0.006429 0.020952
1 0.376071 0.207143 0.005000 0.020000
1 0.380714 0.213333 0.005714 0.022857
1 0.384286 0.212381 0.005714 0.020952
1 0.390000 0.220476 0.008571 0.025714
1 0.437500 0.194762 0.007857 0.012381
1 0.458214 0.189524 0.006429 0.019048
1 0.302857 0.205238 0.007143 0.021905
1 0.310714 0.202857 0.007143 0.019048
1 0.314643 0.195714 0.005000 0.020000
1 0.310000 0.195238 0.005714 0.017143
1 0.320357 0.195714 0.006429 0.020000
1 0.326429 0.196190 0.007143 0.020952
1 0.332500 0.195714 0.006429 0.018095
1 0.342143 0.199048 0.005714 0.022857
1 0.347500 0.197143 0.006429 0.022857
0 0.299643 0.164762 0.093571 0.040000
1 0.373571 0.160952 0.004286 0.017143
1 0.068571 0.200952 0.008571 0.019048
1 0.231429 0.471429 0.022857 0.049524
10 0.407857 0.455238 0.020000 0.043810
