4 0.308571 0.805714 0.055714 0.085714
4 0.335714 0.774762 0.057143 0.096190
6 0.376786 0.759048 0.073571 0.112381
4 0.407857 0.727143 0.058571 0.086667
4 0.432500 0.695238 0.050714 0.078095
4 0.483929 0.663810 0.047857 0.083810
5 0.516071 0.645714 0.045000 0.080000
4 0.549286 0.634286 0.048571 0.091429
4 0.586429 0.629048 0.051429 0.088571
4 0.672143 0.814286 0.067143 0.064762
10 0.607500 0.773810 0.025000 0.023810
2 0.608929 0.773810 0.012143 0.018095
3 0.578214 0.739524 0.022143 0.016190
2 0.578214 0.738095 0.016429 0.015238
5 0.803929 0.645238 0.060714 0.071429
3 0.855357 0.643333 0.025000 0.018095
2 0.860000 0.640476 0.014286 0.014286
4 0.630000 0.570952 0.060000 0.061905
5 0.611071 0.538571 0.057857 0.063810
5 0.574286 0.497143 0.072857 0.060952
1 0.441429 0.573333 0.014286 0.015238
10 0.818929 0.848571 0.027857 0.019048
2 0.822143 0.849524 0.015714 0.017143
10 0.617857 0.447143 0.025714 0.020000
10 0.647500 0.480952 0.022143 0.030476
10 0.638571 0.396190 0.017143 0.024762
2 0.638929 0.394762 0.012143 0.014286
5 0.542857 0.331429 0.050000 0.064762
10 0.558571 0.240476 0.007143 0.029524
10 0.568929 0.245238 0.015000 0.031429
10 0.578214 0.258095 0.019286 0.028571
10 0.585357 0.268095 0.013571 0.029524
10 0.600000 0.278571 0.020000 0.029524
10 0.611429 0.294286 0.020000 0.028571
10 0.624643 0.307619 0.016429 0.024762
10 0.638929 0.319524 0.025000 0.021905
10 0.653571 0.229048 0.022857 0.025714
10 0.641429 0.219048 0.017143 0.030476
10 0.623571 0.219048 0.015714 0.034286
10 0.614643 0.211429 0.013571 0.020952
2 0.665714 0.215238 0.008571 0.011429
10 0.584286 0.164286 0.011429 0.027619
10 0.595714 0.161429 0.011429 0.027619
10 0.605357 0.161429 0.010714 0.031429
10 0.616786 0.160476 0.007857 0.025714
10 0.685714 0.159048 0.014286 0.026667
10 0.719286 0.147619 0.018571 0.019048
5 0.340714 0.163810 0.042857 0.051429
10 0.325714 0.050000 0.015714 0.021905
2 0.323929 0.048571 0.009286 0.015238
2 0.364643 0.025714 0.010714 0.015238
3 0.178929 0.106667 0.022143 0.020952
7 0.793929 0.417143 0.043571 0.036190
2 0.807500 0.408571 0.010714 0.015238
10 0.844286 0.404762 0.024286 0.020952
2 0.846071 0.403333 0.012143 0.016190
1 0.775000 0.190952 0.014286 0.021905
1 0.803214 0.115714 0.013571 0.021905
1 0.797500 0.103810 0.012143 0.026667
1 0.806429 0.076667 0.012857 0.023810
1 0.823929 0.076190 0.013571 0.024762
10 0.848929 0.057143 0.015000 0.028571
2 0.851071 0.054286 0.010714 0.020952
1 0.841071 0.188095 0.012143 0.021905
4 0.853214 0.290476 0.042143 0.080000
1 0.962143 0.289048 0.018571 0.020000
3 0.957857 0.271429 0.022857 0.017143
2 0.963571 0.268095 0.015714 0.014286
5 0.924286 0.029524 0.054286 0.051429
4 0.939643 0.018095 0.055000 0.036190
