1 0.155000 0.741905 0.012857 0.045714
1 0.402857 0.886667 0.011429 0.041905
1 0.454286 0.848095 0.011429 0.048571
1 0.449643 0.775238 0.010714 0.043810
1 0.490000 0.785238 0.012857 0.040952
1 0.510714 0.789048 0.012857 0.042857
1 0.528214 0.787619 0.012143 0.047619
1 0.446429 0.744762 0.010000 0.034286
1 0.456429 0.727143 0.011429 0.033333
1 0.442857 0.720476 0.011429 0.039048
1 0.429643 0.730476 0.007857 0.034286
1 0.449286 0.687619 0.010000 0.032381
1 0.465714 0.685238 0.010000 0.035238
1 0.446786 0.670000 0.010714 0.033333
1 0.467143 0.639524 0.008571 0.027619
1 0.458214 0.621429 0.006429 0.029524
1 0.450000 0.621429 0.007143 0.027619
1 0.472500 0.598095 0.006429 0.024762
1 0.466786 0.579524 0.006429 0.025714
1 0.462857 0.562857 0.005714 0.026667
1 0.475357 0.583810 0.007857 0.024762
1 0.455357 0.563810 0.006429 0.026667
1 0.479286 0.527619 0.004286 0.024762
1 0.471071 0.534762 0.005000 0.023810
1 0.464643 0.528095 0.005000 0.025714
1 0.479286 0.505714 0.004286 0.017143
1 0.473929 0.506667 0.005000 0.019048
1 0.470000 0.507619 0.005714 0.020952
1 0.513929 0.703810 0.007857 0.034286
1 0.509643 0.698095 0.006429 0.036190
1 0.502857 0.674286 0.010000 0.036190
1 0.524643 0.613333 0.007857 0.030476
1 0.506786 0.599048 0.009286 0.026667
1 0.501429 0.612381 0.008571 0.022857
7 0.501786 0.621429 0.010714 0.020000
1 0.522500 0.653810 0.006429 0.029524
1 0.526071 0.649048 0.007857 0.033333
1 0.525000 0.701905 0.008571 0.036190
1 0.519643 0.691905 0.006429 0.033333
1 0.548929 0.738095 0.007857 0.034286
1 0.537500 0.705238 0.007857 0.037143
1 0.543214 0.704762 0.006429 0.034286
1 0.511071 0.568571 0.006429 0.026667
1 0.516429 0.568571 0.005714 0.024762
1 0.521071 0.561905 0.005000 0.024762
1 0.537143 0.540000 0.008571 0.020952
1 0.531786 0.547143 0.005000 0.023810
1 0.480000 0.470952 0.004286 0.021905
1 0.476429 0.469048 0.005714 0.020000
1 0.471429 0.469048 0.004286 0.020000
1 0.466071 0.470000 0.005000 0.018095
1 0.465357 0.485238 0.005000 0.021905
1 0.485357 0.455714 0.003571 0.020000
1 0.480357 0.455238 0.003571 0.019048
1 0.477500 0.450952 0.003571 0.018095
1 0.483571 0.439524 0.002857 0.016190
1 0.479643 0.440952 0.003571 0.017143
1 0.476071 0.441905 0.003571 0.017143
1 0.503929 0.509048 0.006429 0.020000
1 0.511429 0.511905 0.005714 0.021905
1 0.530000 0.507619 0.004286 0.020952
1 0.524643 0.492857 0.005000 0.020000
1 0.514643 0.505238 0.005000 0.020000
1 0.530357 0.497619 0.003571 0.020000
1 0.518571 0.473333 0.004286 0.017143
1 0.518571 0.463333 0.002857 0.016190
1 0.515357 0.463810 0.003571 0.019048
1 0.496071 0.455714 0.003571 0.012381
10 0.495714 0.461429 0.004286 0.014286
1 0.501071 0.432857 0.003571 0.012381
0 0.494286 0.393333 0.042857 0.066667
1 0.491071 0.491429 0.005000 0.015238
10 0.491071 0.497143 0.005000 0.017143
1 0.543571 0.670000 0.004286 0.025714
1 0.541071 0.690952 0.006429 0.027619
1 0.551786 0.685714 0.006429 0.034286
1 0.558214 0.710476 0.010714 0.034286
1 0.559286 0.729048 0.008571 0.033333
1 0.549643 0.667619 0.005000 0.026667
1 0.600357 0.786667 0.012143 0.040000
1 0.453571 0.337619 0.002857 0.008571
