2 0.272443 0.567718 0.010438 0.024119
3 0.346555 0.633117 0.017745 0.021336
1 0.339509 0.649814 0.008873 0.034323
2 0.354123 0.653525 0.007829 0.023191
10 0.343685 0.649814 0.019311 0.017625
7 0.359081 0.659091 0.028184 0.028757
8 0.323330 0.710575 0.030793 0.046382
1 0.380480 0.607143 0.006263 0.028757
10 0.414144 0.654917 0.020355 0.033395
10 0.413361 0.583952 0.015658 0.021336
10 0.425626 0.540816 0.013048 0.025974
2 0.485125 0.583952 0.004697 0.021336
1 0.486691 0.589981 0.007829 0.029685
1 0.567067 0.673006 0.009916 0.034323
2 0.639092 0.845547 0.009916 0.025046
8 0.584812 0.821892 0.020355 0.068646
1 0.583246 0.743506 0.006785 0.030612
2 0.576722 0.741187 0.009395 0.020408
7 0.579854 0.753247 0.018789 0.035250
8 0.833768 0.821892 0.057933 0.050093
7 0.796712 0.824675 0.026618 0.035250
2 0.772704 0.819573 0.013048 0.025046
2 0.748173 0.835343 0.013048 0.036178
4 0.755480 0.678108 0.056889 0.051948
4 0.670929 0.630798 0.044363 0.050093
7 0.639353 0.562616 0.028184 0.026902
7 0.615344 0.538497 0.010438 0.028757
1 0.598382 0.522263 0.004697 0.018553
1 0.602557 0.525974 0.004697 0.022263
1 0.606211 0.521800 0.005741 0.023191
10 0.629958 0.478200 0.012526 0.012059
8 0.572286 0.478664 0.027662 0.025974
8 0.568894 0.467996 0.021921 0.026902
8 0.507046 0.488868 0.015136 0.033395
8 0.627610 0.461039 0.018267 0.012987
1 0.534708 0.468460 0.003653 0.024119
1 0.558455 0.438776 0.003132 0.018553
1 0.622912 0.442022 0.004697 0.017625
8 0.465553 0.399814 0.009395 0.024119
8 0.509395 0.397959 0.008351 0.025974
7 0.506785 0.375232 0.008351 0.023191
2 0.506263 0.377087 0.005219 0.012059
8 0.497390 0.360390 0.010438 0.023191
8 0.573330 0.413729 0.023486 0.022263
7 0.572547 0.376623 0.019833 0.016698
7 0.573330 0.358534 0.009916 0.023191
10 0.466858 0.338590 0.004697 0.012987
10 0.489823 0.482839 0.006785 0.019481
2 0.489562 0.476809 0.005219 0.016698
8 0.599687 0.405380 0.008351 0.025974
10 0.609603 0.402597 0.009395 0.011132
6 0.565501 0.339518 0.028706 0.029685
1 0.598382 0.321429 0.003653 0.013915
7 0.576983 0.325139 0.017223 0.017625
10 0.597077 0.301020 0.006263 0.008349
2 0.597599 0.298237 0.003132 0.012059
8 0.567067 0.294527 0.012004 0.015770
1 0.506785 0.296382 0.003132 0.012059
1 0.509656 0.287570 0.002610 0.011132
2 0.531576 0.294991 0.002610 0.009276
2 0.515397 0.288961 0.002610 0.008349
8 0.511221 0.294527 0.006785 0.015770
10 0.514875 0.291744 0.004697 0.008349
7 0.531054 0.298701 0.006785 0.011132
7 0.567589 0.280612 0.005741 0.008349
1 0.570198 0.271336 0.002610 0.010204
8 0.555585 0.276902 0.012004 0.012059
8 0.561065 0.280148 0.013570 0.011132
8 0.555324 0.262987 0.009395 0.010204
5 0.557672 0.223098 0.004697 0.012059
7 0.564718 0.223562 0.005219 0.009276
1 0.553497 0.228664 0.001566 0.006494
1 0.552192 0.227737 0.002088 0.008349
10 0.507046 0.216605 0.005741 0.004638
10 0.515919 0.221243 0.002610 0.006494
10 0.521138 0.221243 0.002610 0.006494
2 0.520877 0.219388 0.002088 0.006494
2 0.516180 0.218460 0.002088 0.004638
7 0.523747 0.202226 0.003653 0.009276
10 0.524008 0.197124 0.002088 0.002783
2 0.524269 0.195733 0.001566 0.003711
0 0.523747 0.177180 0.005741 0.007421
