2 0.472860 0.906308 0.015658 0.037106
4 0.475470 0.902134 0.054280 0.064007
1 0.457724 0.810761 0.010438 0.042672
3 0.469729 0.828850 0.019833 0.032468
3 0.484081 0.783859 0.014092 0.029685
10 0.495564 0.854824 0.023486 0.030612
10 0.479645 0.864564 0.026096 0.029685
4 0.542015 0.882653 0.036013 0.093692
8 0.604645 0.840909 0.020355 0.073284
8 0.585595 0.741187 0.014614 0.053803
8 0.548539 0.738404 0.020877 0.061224
8 0.490605 0.740724 0.037578 0.052876
10 0.494520 0.693414 0.023486 0.025046
4 0.510699 0.670223 0.048539 0.043599
4 0.515397 0.623377 0.044363 0.042672
8 0.584290 0.530612 0.023486 0.035250
8 0.562109 0.486085 0.022965 0.035250
10 0.545668 0.467069 0.015136 0.019481
10 0.537839 0.452226 0.014092 0.019481
10 0.548278 0.448052 0.016180 0.014842
2 0.530271 0.426716 0.006263 0.018553
2 0.606733 0.401670 0.005741 0.018553
2 0.609081 0.462894 0.006263 0.020408
2 0.595511 0.462894 0.006263 0.016698
2 0.588987 0.484230 0.005741 0.018553
2 0.615344 0.556122 0.007307 0.019481
10 0.615084 0.561688 0.006785 0.025046
10 0.609081 0.467069 0.006263 0.023191
7 0.589509 0.488404 0.008873 0.026902
7 0.594207 0.466141 0.007829 0.023191
4 0.692589 0.554731 0.050104 0.037106
10 0.698591 0.579777 0.017223 0.022263
10 0.705376 0.574675 0.016180 0.019481
1 0.727557 0.567254 0.005219 0.026902
1 0.736169 0.564935 0.005741 0.029685
10 0.731472 0.621521 0.020355 0.025974
10 0.756263 0.750464 0.020877 0.025974
10 0.739301 0.789425 0.023486 0.031540
10 0.774791 0.806586 0.020355 0.026902
4 0.748434 0.836271 0.070981 0.060297
2 0.697808 0.809833 0.008351 0.029685
2 0.706159 0.813080 0.011482 0.032468
2 0.706159 0.810297 0.007307 0.023191
3 0.696242 0.812616 0.009395 0.027829
3 0.704593 0.819109 0.009395 0.037106
4 0.764092 0.892393 0.080376 0.066790
10 0.801670 0.949443 0.028184 0.034323
10 0.798278 0.967069 0.030793 0.036178
1 0.703810 0.441095 0.005741 0.023191
1 0.588727 0.360390 0.006263 0.017625
2 0.597338 0.338590 0.003653 0.012987
2 0.626827 0.341837 0.004175 0.013915
1 0.641441 0.352041 0.004175 0.019481
10 0.597338 0.342764 0.004697 0.013915
10 0.627349 0.345083 0.004175 0.014842
10 0.641701 0.354360 0.008873 0.011132
2 0.629436 0.305195 0.004175 0.009276
10 0.629436 0.308442 0.005219 0.012059
8 0.628653 0.256030 0.006785 0.012987
8 0.628132 0.252783 0.007829 0.013915
1 0.545668 0.338590 0.004697 0.016698
1 0.543841 0.333024 0.003132 0.014842
4 0.551931 0.294527 0.022443 0.017625
5 0.564196 0.252319 0.014614 0.020408
4 0.585595 0.253711 0.009395 0.017625
4 0.592119 0.208720 0.007829 0.012987
2 0.618215 0.244434 0.002610 0.008349
2 0.618215 0.233302 0.003653 0.010204
2 0.621868 0.233302 0.002610 0.010204
2 0.606994 0.226345 0.003132 0.009276
2 0.618476 0.213822 0.002088 0.006494
2 0.614562 0.209184 0.002610 0.008349
2 0.613779 0.196660 0.002088 0.009276
2 0.611430 0.211039 0.002610 0.006494
1 0.624739 0.234230 0.002088 0.010204
1 0.625783 0.234694 0.002088 0.011132
10 0.618215 0.246753 0.002610 0.007421
10 0.617954 0.234230 0.004175 0.010204
10 0.622129 0.234694 0.003132 0.009276
10 0.606994 0.227273 0.004175 0.009276
10 0.611430 0.212894 0.002610 0.008349
10 0.618476 0.215677 0.003132 0.008349
10 0.613518 0.198052 0.002610 0.008349
7 0.614823 0.209647 0.003132 0.007421
8 0.613257 0.223562 0.005219 0.012987
8 0.624478 0.220315 0.005741 0.012059
4 0.622129 0.198980 0.006263 0.010204
8 0.598643 0.195269 0.004175 0.010204
8 0.617954 0.180427 0.005219 0.010204
8 0.617954 0.175325 0.005219 0.011132
4 0.618476 0.161410 0.006263 0.009276
4 0.616910 0.155380 0.005219 0.010204
4 0.614562 0.149814 0.003653 0.006494
4 0.614562 0.143321 0.003653 0.006494
4 0.602818 0.134045 0.005219 0.008349
2 0.613779 0.181818 0.002088 0.005566
2 0.611430 0.155844 0.001566 0.005566
2 0.604384 0.161874 0.002088 0.006494
2 0.601775 0.159091 0.001044 0.004638
2 0.598121 0.158627 0.002088 0.005566
10 0.613257 0.184137 0.002088 0.006494
10 0.611430 0.157236 0.002610 0.004638
10 0.604384 0.162801 0.002088 0.006494
10 0.601775 0.160019 0.002088 0.004638
10 0.598121 0.159555 0.002088 0.005566
8 0.596555 0.165584 0.003132 0.008349
8 0.595251 0.172078 0.003653 0.006494
0 0.602557 0.114564 0.017223 0.028757
0 0.596033 0.141929 0.011482 0.020408
0 0.612996 0.138219 0.006785 0.007421
2 0.612735 0.171150 0.002088 0.004638
7 0.613518 0.172542 0.002610 0.005566
