1 0.509286 0.582857 0.028571 0.072381
1 0.421786 0.565714 0.036429 0.083810
1 0.362857 0.574762 0.027143 0.088571
1 0.423214 0.518095 0.019286 0.080000
1 0.287857 0.119048 0.010000 0.019048
1 0.288571 0.124762 0.010000 0.022857
1 0.271786 0.107619 0.006429 0.019048
1 0.330714 0.085714 0.011429 0.030476
1 0.255714 0.086190 0.010000 0.027619
1 0.131071 0.160952 0.012143 0.036190
1 0.062143 0.210476 0.017143 0.043810
1 0.007500 0.271905 0.015000 0.048571
1 0.247857 0.050952 0.010000 0.023810
1 0.476786 0.230000 0.015000 0.046667
1 0.313571 0.020952 0.005714 0.015238
1 0.361786 0.025714 0.006429 0.019048
1 0.428929 0.025238 0.005000 0.016190
2 0.301071 0.016667 0.005000 0.012381
2 0.297143 0.017619 0.005714 0.010476
1 0.422857 0.007619 0.004286 0.011429
1 0.415714 0.007619 0.004286 0.011429
1 0.418929 0.007619 0.003571 0.011429
1 0.395000 0.017143 0.004286 0.013333
3 0.142143 0.668571 0.080000 0.080000
3 0.273929 0.592857 0.069286 0.073333
10 0.053214 0.672857 0.103571 0.075238
2 0.347143 0.592857 0.042857 0.071429
2 0.906071 0.599524 0.046429 0.067619
1 0.785714 0.639048 0.042857 0.080000
1 0.763571 0.607143 0.024286 0.088571
1 0.720000 0.582857 0.031429 0.087619
1 0.723214 0.487143 0.025000 0.082857
1 0.748929 0.497619 0.032143 0.079048
1 0.670714 0.647619 0.037143 0.078095
1 0.638929 0.641905 0.030714 0.083810
1 0.665000 0.618571 0.024286 0.079048
1 0.687143 0.580952 0.022857 0.085714
1 0.661071 0.584762 0.023571 0.068571
1 0.928929 0.275238 0.019286 0.051429
1 0.958571 0.234762 0.018571 0.056190
1 0.993571 0.126190 0.012857 0.029524
1 0.954643 0.088095 0.015000 0.027619
1 0.892857 0.055238 0.008571 0.020952
1 0.727500 0.082857 0.009286 0.019048
1 0.695357 0.096667 0.012143 0.027619
1 0.639286 0.220000 0.011429 0.036190
1 0.658571 0.210000 0.012857 0.031429
2 0.658214 0.222857 0.013571 0.024762
2 0.590714 0.243333 0.014286 0.031429
1 0.656071 0.028571 0.006429 0.017143
1 0.680000 0.037143 0.005714 0.015238
1 0.627500 0.021905 0.005000 0.013333
1 0.318929 0.022381 0.003571 0.006667
1 0.321071 0.019048 0.003571 0.009524
1 0.507857 0.041429 0.007143 0.016190
1 0.514286 0.043333 0.005714 0.016190
1 0.514643 0.031905 0.003571 0.014286
2 0.494643 0.044286 0.005000 0.008571
1 0.521071 0.022857 0.003571 0.013333
1 0.503571 0.020476 0.005714 0.016190
1 0.534643 0.036190 0.005000 0.017143
1 0.553571 0.032381 0.005714 0.013333
1 0.533571 0.015714 0.004286 0.014286
1 0.542857 0.032381 0.004286 0.015238
1 0.546429 0.022857 0.004286 0.013333
2 0.341786 0.012857 0.003571 0.006667
2 0.337500 0.013810 0.003571 0.006667
2 0.452143 0.014286 0.004286 0.011429
1 0.550000 0.014762 0.004286 0.012381
1 0.565357 0.018571 0.003571 0.012381
1 0.551786 0.022381 0.003571 0.012381
2 0.539286 0.028095 0.002857 0.006667
