4 0.432500 0.063333 0.032143 0.094286
4 0.487857 0.047619 0.030000 0.095238
5 0.493571 0.148095 0.035714 0.100000
4 0.291786 0.188095 0.037857 0.105714
4 0.421429 0.242381 0.034286 0.100000
4 0.296786 0.304762 0.036429 0.093333
4 0.288929 0.430952 0.039286 0.111429
4 0.283214 0.560000 0.039286 0.100952
4 0.283214 0.702381 0.040714 0.109524
5 0.429286 0.893810 0.042857 0.115238
4 0.431429 0.748095 0.032857 0.109524
5 0.431071 0.612857 0.030714 0.101905
10 0.482143 0.771905 0.030000 0.014286
10 0.592500 0.757619 0.029286 0.014286
0 0.517500 0.674286 0.009286 0.020952
10 0.593571 0.641905 0.030000 0.015238
10 0.590714 0.613810 0.027143 0.020000
1 0.466786 0.607619 0.009286 0.019048
10 0.479286 0.520952 0.024286 0.011429
10 0.481429 0.535238 0.027143 0.011429
10 0.482143 0.555238 0.025714 0.017143
10 0.478214 0.576190 0.026429 0.015238
10 0.597857 0.504286 0.017143 0.039048
10 0.579286 0.418095 0.032857 0.017143
10 0.583214 0.395714 0.026429 0.020000
10 0.481429 0.423333 0.030000 0.010476
10 0.582143 0.182381 0.017143 0.046667
3 0.608571 0.171905 0.027143 0.014286
10 0.475357 0.216190 0.027857 0.013333
