4 0.015397 0.025974 0.029749 0.016698
4 0.023747 0.008349 0.024530 0.016698
4 0.079854 0.097403 0.016701 0.031540
4 0.098382 0.094620 0.013048 0.029685
6 0.063152 0.246753 0.055324 0.055659
6 0.023747 0.379406 0.047495 0.070501
6 0.079854 0.468924 0.031315 0.045455
6 0.426409 0.016234 0.049061 0.030612
8 0.359342 0.343228 0.018267 0.022263
10 0.387526 0.240724 0.004697 0.023191
10 0.393267 0.240724 0.004697 0.023191
10 0.399530 0.236549 0.005741 0.024119
10 0.398747 0.261596 0.004175 0.020408
1 0.372912 0.352041 0.006785 0.017625
1 0.353340 0.354360 0.006263 0.020408
10 0.332203 0.352505 0.014092 0.016698
7 0.355167 0.388219 0.014092 0.026902
8 0.457463 0.326531 0.017223 0.025974
4 0.534708 0.312152 0.036013 0.032468
4 0.543319 0.402597 0.022965 0.053803
4 0.530010 0.519944 0.025574 0.062152
5 0.448852 0.488868 0.055324 0.050093
5 0.454332 0.451299 0.038100 0.030612
7 0.443111 0.424861 0.041754 0.025974
4 0.441806 0.402134 0.039144 0.028757
4 0.445981 0.374304 0.043319 0.026902
4 0.459290 0.559833 0.044885 0.038033
4 0.397965 0.568182 0.048539 0.043599
5 0.468685 0.642393 0.045929 0.049165
4 0.476253 0.684601 0.049582 0.046382
4 0.484864 0.731447 0.049061 0.047310
4 0.485647 0.782931 0.058977 0.051948
5 0.686065 0.313544 0.022443 0.048237
4 0.591075 0.352505 0.040188 0.029685
7 0.589248 0.376623 0.036534 0.037106
4 0.618215 0.439703 0.042276 0.038961
4 0.629175 0.470315 0.043319 0.042672
4 0.637004 0.505102 0.042276 0.039889
5 0.647965 0.525510 0.036013 0.047310
4 0.656837 0.569573 0.037056 0.042672
4 0.773225 0.517161 0.038100 0.067718
4 0.613257 0.690167 0.054280 0.044527
