4 0.522143 0.859048 0.055714 0.102857
7 0.507143 0.711905 0.034286 0.040952
10 0.834286 0.835714 0.024286 0.037143
10 0.562857 0.702857 0.022857 0.026667
10 0.613929 0.629048 0.022143 0.027619
1 0.590000 0.612381 0.008571 0.024762
1 0.846071 0.662381 0.017857 0.027619
1 0.312143 0.436190 0.007143 0.020952
0 0.149286 0.027143 0.032857 0.054286
4 0.159286 0.083333 0.007143 0.008571
4 0.173571 0.112381 0.007143 0.009524
4 0.172857 0.124762 0.007143 0.007619
4 0.202857 0.151429 0.010000 0.011429
6 0.182857 0.127619 0.012857 0.022857
1 0.188571 0.172381 0.004286 0.007619
1 0.212857 0.227619 0.004286 0.011429
1 0.222500 0.232857 0.005000 0.010476
4 0.151429 0.279524 0.012857 0.018095
4 0.156786 0.314286 0.012143 0.019048
4 0.068929 0.391429 0.043571 0.024762
4 0.069643 0.405714 0.046429 0.024762
6 0.123929 0.317143 0.020714 0.032381
6 0.117500 0.284762 0.023571 0.040000
4 0.161071 0.330000 0.015000 0.020000
10 0.318214 0.927143 0.029286 0.029524
2 0.322500 0.931429 0.009286 0.024762
2 0.313214 0.923810 0.009286 0.024762
2 0.217500 0.949524 0.017857 0.026667
2 0.561786 0.703333 0.010714 0.021905
10 0.216071 0.949524 0.033571 0.030476
5 0.684643 0.344286 0.032143 0.023810
6 0.389286 0.185238 0.031429 0.031429
6 0.426429 0.221429 0.015714 0.023810
6 0.447500 0.252381 0.017857 0.019048
6 0.300000 0.109048 0.015714 0.025714
6 0.275714 0.089048 0.015714 0.027619
6 0.213929 0.094286 0.016429 0.019048
6 0.283571 0.090952 0.010000 0.012381
4 0.317143 0.130000 0.008571 0.010476
1 0.836786 0.716190 0.012143 0.024762
0 0.607500 0.382381 0.007857 0.018095
0 0.539286 0.330000 0.008571 0.016190
2 0.505714 0.715714 0.011429 0.018095
2 0.614286 0.628095 0.008571 0.018095
