1 0.427500 0.950952 0.022143 0.044762
1 0.455714 0.832381 0.014286 0.034286
1 0.510000 0.569048 0.008571 0.031429
1 0.407500 0.401429 0.009286 0.025714
10 0.328214 0.318095 0.015000 0.022857
10 0.180357 0.336667 0.012143 0.020000
10 0.068214 0.397619 0.026429 0.020000
2 0.065714 0.392381 0.012857 0.020952
4 0.275714 0.283333 0.025714 0.027619
1 0.635000 0.590952 0.011429 0.035238
1 0.643929 0.590952 0.012143 0.037143
1 0.651071 0.597619 0.010714 0.037143
1 0.785000 0.400476 0.010000 0.027619
1 0.920000 0.355714 0.014286 0.029524
1 0.909286 0.300000 0.012857 0.024762
1 0.919286 0.300000 0.011429 0.026667
1 0.927857 0.304286 0.011429 0.025714
1 0.940714 0.288571 0.011429 0.026667
1 0.949286 0.288571 0.010000 0.026667
0 0.840000 0.037143 0.044286 0.049524
1 0.341786 0.158571 0.005000 0.016190
1 0.346429 0.158095 0.004286 0.017143
1 0.349643 0.159524 0.006429 0.016190
1 0.358929 0.150476 0.005000 0.015238
1 0.366071 0.150000 0.005000 0.016190
1 0.371786 0.151905 0.005000 0.014286
1 0.387500 0.140000 0.003571 0.013333
1 0.391071 0.140000 0.005000 0.013333
1 0.452857 0.117619 0.004286 0.010476
1 0.458571 0.118095 0.004286 0.013333
1 0.462143 0.118571 0.005714 0.012381
1 0.497857 0.112381 0.004286 0.011429
1 0.495714 0.110000 0.004286 0.010476
1 0.540357 0.112381 0.003571 0.011429
1 0.594643 0.093810 0.005000 0.012381
1 0.600000 0.094286 0.005714 0.011429
1 0.610714 0.097143 0.005714 0.015238
1 0.619643 0.099048 0.006429 0.015238
1 0.918571 0.081429 0.004286 0.012381
1 0.922143 0.081905 0.004286 0.013333
1 0.925714 0.084762 0.004286 0.013333
1 0.019643 0.330000 0.015000 0.025714
1 0.012857 0.327619 0.014286 0.026667
1 0.056071 0.321429 0.015000 0.023810
1 0.053929 0.315238 0.012143 0.024762
1 0.155000 0.284286 0.012857 0.021905
10 0.260714 0.250476 0.011429 0.019048
1 0.202143 0.250476 0.007143 0.022857
1 0.193214 0.245238 0.006429 0.021905
1 0.198571 0.244286 0.007143 0.021905
1 0.187500 0.232381 0.007857 0.019048
1 0.197143 0.231429 0.008571 0.022857
1 0.207500 0.237143 0.006429 0.020952
1 0.203929 0.230476 0.007857 0.020952
1 0.207857 0.230952 0.005714 0.021905
1 0.213214 0.235714 0.007857 0.021905
1 0.217857 0.234286 0.008571 0.020952
1 0.215000 0.223333 0.007143 0.020000
1 0.189286 0.216190 0.007143 0.020952
1 0.193929 0.209524 0.007857 0.019048
1 0.221786 0.221905 0.007857 0.020952
1 0.237143 0.232381 0.005714 0.020952
1 0.245000 0.232381 0.007143 0.020952
1 0.252500 0.225714 0.006429 0.019048
1 0.249286 0.226190 0.007143 0.020000
1 0.245000 0.226190 0.004286 0.018095
1 0.227500 0.215238 0.006429 0.019048
1 0.231786 0.213810 0.006429 0.018095
1 0.237500 0.209048 0.006429 0.018095
1 0.232857 0.209524 0.005714 0.019048
1 0.210000 0.203333 0.007143 0.020000
1 0.196429 0.203333 0.008571 0.020000
5 0.183929 0.195714 0.017857 0.023810
4 0.198571 0.180000 0.020000 0.028571
1 0.201429 0.193810 0.005714 0.018095
1 0.212857 0.192857 0.005714 0.014286
1 0.226071 0.175714 0.006429 0.018095
2 0.169286 0.164762 0.005714 0.011429
10 0.170000 0.170476 0.008571 0.013333
4 0.190000 0.153810 0.017143 0.018095
1 0.186429 0.133333 0.004286 0.015238
1 0.190000 0.133810 0.005714 0.016190
1 0.193214 0.134762 0.005000 0.014286
0 0.205714 0.144762 0.015714 0.034286
0 0.180000 0.113333 0.015714 0.024762
1 0.157143 0.075238 0.005714 0.011429
10 0.780000 0.765714 0.017143 0.045714
10 0.793929 0.753810 0.017857 0.050476
