1 0.551786 0.166667 0.005000 0.009524
1 0.553571 0.173333 0.002857 0.005714
1 0.555000 0.184762 0.004286 0.011429
1 0.534286 0.217619 0.004286 0.008571
1 0.528571 0.239524 0.004286 0.008571
1 0.528571 0.250952 0.004286 0.008571
1 0.536429 0.249048 0.004286 0.008571
1 0.532500 0.248571 0.003571 0.007619
10 0.508929 0.580000 0.006429 0.013333
1 0.547857 0.833333 0.002857 0.009524
1 0.551071 0.835714 0.005000 0.012381
1 0.555000 0.834762 0.004286 0.010476
1 0.532500 0.686190 0.005000 0.006667
1 0.492857 0.853810 0.004286 0.008571
1 0.489643 0.858095 0.005000 0.009524
4 0.498571 0.723333 0.015714 0.031429
4 0.471786 0.392857 0.027857 0.016190
4 0.472500 0.337619 0.029286 0.014286
4 0.475357 0.292857 0.015000 0.031429
4 0.516786 0.210000 0.012143 0.033333
