1 0.449250 0.750000 0.023500 0.045333
1 0.450750 0.737667 0.021500 0.050000
6 0.414250 0.755000 0.083500 0.236667
6 0.402750 0.554000 0.059500 0.140000
5 0.491500 0.536333 0.060000 0.130000
10 0.368000 0.421333 0.022000 0.038667
1 0.368750 0.380000 0.011500 0.038667
1 0.402500 0.373000 0.014000 0.040667
1 0.409000 0.354667 0.014000 0.038667
5 0.321500 0.311333 0.086000 0.064000
4 0.368000 0.253333 0.030000 0.054667
2 0.340500 0.217333 0.008000 0.022667
1 0.353000 0.211667 0.008000 0.034000
4 0.332000 0.207333 0.065000 0.041333
4 0.300750 0.169667 0.028500 0.042000
10 0.289250 0.154000 0.016500 0.021333
1 0.364000 0.145000 0.008000 0.027333
1 0.368000 0.127667 0.008000 0.026000
1 0.301250 0.107333 0.009500 0.026667
1 0.293250 0.119667 0.007500 0.020667
1 0.289000 0.112333 0.009000 0.026000
1 0.289750 0.110333 0.007500 0.026000
4 0.346750 0.119000 0.022500 0.030000
1 0.382750 0.065667 0.006500 0.022000
5 0.301000 0.024667 0.014000 0.025333
5 0.302250 0.045333 0.013500 0.026667
1 0.346750 0.049333 0.005500 0.020000
10 0.341500 0.033333 0.005000 0.013333
2 0.342250 0.029333 0.006500 0.016000
5 0.552750 0.462667 0.053500 0.097333
2 0.495500 0.310000 0.015000 0.028000
6 0.476750 0.274667 0.043500 0.070667
4 0.611750 0.927667 0.095500 0.140667
2 0.600250 0.696000 0.009500 0.022667
1 0.597750 0.670000 0.015500 0.025333
1 0.627000 0.626333 0.026000 0.059333
1 0.598500 0.644000 0.017000 0.049333
6 0.626750 0.533667 0.098500 0.126000
1 0.438500 0.185000 0.007000 0.027333
1 0.440000 0.179333 0.007000 0.029333
2 0.455500 0.099333 0.010000 0.018667
2 0.454500 0.096000 0.008000 0.018667
6 0.436750 0.142000 0.025500 0.044000
4 0.408500 0.121667 0.024000 0.032667
4 0.404500 0.084333 0.020000 0.024667
1 0.375250 0.008000 0.006500 0.016000
2 0.392000 0.024333 0.007000 0.010000
