4 0.444500 0.955333 0.079000 0.068000
4 0.481750 0.808333 0.065500 0.052667
4 0.287500 0.880000 0.077000 0.064000
1 0.278000 0.811000 0.014000 0.026000
1 0.285500 0.813667 0.008000 0.020667
4 0.354250 0.712667 0.059500 0.044000
4 0.515500 0.655000 0.058000 0.042000
1 0.349500 0.668000 0.013000 0.028000
1 0.342750 0.643333 0.009500 0.020000
1 0.326750 0.634333 0.009500 0.020667
1 0.308250 0.651333 0.009500 0.022667
10 0.310000 0.651000 0.017000 0.024667
4 0.400500 0.601667 0.051000 0.039333
4 0.413250 0.568333 0.053500 0.039333
4 0.530000 0.567667 0.051000 0.036667
4 0.542500 0.518667 0.048000 0.033333
4 0.569500 0.441333 0.044000 0.029333
4 0.570500 0.418000 0.040000 0.026667
4 0.497000 0.358667 0.037000 0.022667
4 0.580750 0.373000 0.038500 0.027333
4 0.589250 0.345667 0.034500 0.026000
4 0.510000 0.323333 0.035000 0.022667
1 0.532500 0.354000 0.006000 0.020000
1 0.477000 0.334000 0.005000 0.018667
1 0.484750 0.325333 0.006500 0.017333
4 0.482750 0.290667 0.029500 0.022667
4 0.474750 0.278667 0.028500 0.025333
5 0.459750 0.252333 0.022500 0.022000
4 0.516750 0.225000 0.028500 0.019333
1 0.464000 0.216000 0.005000 0.014667
0 0.469750 0.138333 0.012500 0.018000
8 0.541000 0.109333 0.007000 0.016000
6 0.512750 0.095333 0.068500 0.022667
1 0.553750 0.108667 0.003500 0.010667
1 0.565750 0.111000 0.004500 0.012667
6 0.814000 0.960000 0.044000 0.080000
6 0.800500 0.698333 0.056000 0.142000
4 0.885500 0.708000 0.038000 0.069333
4 0.906750 0.565667 0.034500 0.051333
4 0.776000 0.527667 0.024000 0.052667
4 0.860000 0.379000 0.026000 0.036667
6 0.849000 0.318000 0.026000 0.042667
4 0.782250 0.237000 0.016500 0.024667
4 0.656000 0.305000 0.034000 0.023333
4 0.681750 0.254667 0.027500 0.018667
1 0.635250 0.195000 0.005500 0.014000
1 0.661250 0.191667 0.004500 0.015333
1 0.695250 0.220333 0.005500 0.016667
1 0.630750 0.119333 0.004500 0.012000
1 0.635250 0.119333 0.004500 0.012000
4 0.750500 0.182667 0.012000 0.018667
4 0.751500 0.215000 0.013000 0.020667
4 0.753500 0.233667 0.014000 0.022000
4 0.604250 0.109667 0.019500 0.015333
1 0.669750 0.097333 0.003500 0.012000
1 0.674250 0.097333 0.004500 0.010667
1 0.677500 0.099000 0.003000 0.010000
0 0.547750 0.061667 0.010500 0.014000
4 0.784750 0.158000 0.013500 0.016000
6 0.830000 0.121333 0.020000 0.014667
3 0.837750 0.145667 0.006500 0.008667
3 0.845500 0.147667 0.007000 0.007333
2 0.846250 0.142667 0.005500 0.010667
2 0.838500 0.141000 0.005000 0.011333
4 0.861500 0.119333 0.021000 0.013333
4 0.946500 0.098333 0.019000 0.014000
4 0.901750 0.094333 0.016500 0.014000
4 0.880750 0.091333 0.017500 0.012000
6 0.852250 0.083000 0.013500 0.023333
4 0.756500 0.069333 0.009000 0.013333
4 0.767000 0.070333 0.009000 0.012667
4 0.781750 0.067000 0.009500 0.011333
4 0.784250 0.046000 0.008500 0.010667
4 0.763000 0.060000 0.010000 0.010667
4 0.742500 0.044333 0.009000 0.014000
4 0.739250 0.020667 0.008500 0.010667
