4 0.361071 0.627143 0.140714 0.180000
4 0.711429 0.918571 0.155714 0.162857
4 0.556429 0.098095 0.085714 0.080000
4 0.660000 0.036667 0.075714 0.067619
4 0.715357 0.292857 0.109286 0.098095
1 0.560357 0.891905 0.027857 0.050476
1 0.529286 0.918571 0.031429 0.035238
1 0.401786 0.864286 0.043571 0.046667
10 0.408929 0.860476 0.067857 0.075238
1 0.424643 0.300476 0.017857 0.050476
1 0.376429 0.276190 0.018571 0.055238
1 0.360357 0.286190 0.020714 0.054286
1 0.355714 0.221429 0.021429 0.061905
1 0.340357 0.230000 0.023571 0.054286
1 0.272500 0.259048 0.017857 0.049524
1 0.244286 0.238095 0.022857 0.055238
1 0.250714 0.199524 0.021429 0.050476
1 0.232857 0.197143 0.024286 0.053333
1 0.255357 0.171429 0.025000 0.060952
1 0.294643 0.204762 0.022143 0.057143
1 0.305714 0.180000 0.021429 0.055238
1 0.321429 0.169524 0.018571 0.053333
1 0.281786 0.162381 0.025000 0.065714
2 0.398571 0.088571 0.017143 0.036190
3 0.400714 0.109048 0.017143 0.046667
