4 0.121429 0.338095 0.172857 0.129524
4 0.252143 0.198095 0.132857 0.104762
4 0.574643 0.299524 0.115000 0.132381
4 0.463571 0.181429 0.068571 0.107619
4 0.482143 0.060952 0.054286 0.093333
4 0.377143 0.106667 0.092857 0.089524
4 0.173571 0.146190 0.135714 0.096190
4 0.763214 0.191905 0.136429 0.100000
4 0.058929 0.264762 0.116429 0.120000
4 0.950357 0.244762 0.097857 0.108571
4 0.724286 0.037619 0.075714 0.071429
4 0.564643 0.029524 0.072143 0.059048
5 0.303214 0.060476 0.132143 0.107619
1 0.024286 0.076190 0.032857 0.074286
2 0.030000 0.092857 0.037143 0.060000
2 0.096429 0.110476 0.038571 0.049524
2 0.060357 0.160952 0.032143 0.057143
2 0.586071 0.432857 0.026429 0.060000
2 0.343571 0.164762 0.025714 0.053333
3 0.347143 0.180476 0.032857 0.050476
3 0.583571 0.448571 0.058571 0.060952
3 0.063929 0.173333 0.045000 0.049524
3 0.097143 0.121905 0.047143 0.041905
3 0.036429 0.108095 0.050000 0.039048
1 0.652857 0.028095 0.018571 0.056190
1 0.682500 0.142381 0.017857 0.061905
1 0.670714 0.134762 0.020000 0.065714
1 0.782143 0.317143 0.025714 0.074286
1 0.796429 0.342381 0.030000 0.077143
1 0.702500 0.398571 0.033571 0.077143
1 0.683571 0.389524 0.022857 0.055238
1 0.697500 0.194286 0.019286 0.060952
