4 0.376429 0.930203 0.071429 0.065990
5 0.667143 0.789975 0.060000 0.057107
4 0.930714 0.667513 0.058571 0.050761
6 0.980000 0.463832 0.040000 0.082487
6 0.268929 0.664975 0.030714 0.109137
4 0.357500 0.600888 0.020714 0.069797
4 0.566786 0.595812 0.029286 0.064721
9 0.614643 0.723350 0.067857 0.164975
9 0.615714 0.395939 0.045714 0.144670
5 0.465000 0.374365 0.015714 0.038071
5 0.423571 0.513959 0.021429 0.065990
4 0.385000 0.425761 0.017143 0.049492
5 0.133214 0.464467 0.026429 0.040609
1 0.020714 0.434010 0.007143 0.020305
9 0.108929 0.304569 0.065000 0.116751
9 0.107857 0.166244 0.065714 0.093909
1 0.135714 0.241117 0.005714 0.015228
1 0.130000 0.225888 0.007143 0.017766
1 0.142857 0.231599 0.005714 0.019036
1 0.146786 0.227157 0.005000 0.020305
1 0.150357 0.220812 0.003571 0.017766
1 0.145714 0.220178 0.004286 0.016497
1 0.149286 0.211294 0.004286 0.016497
1 0.154643 0.206853 0.005000 0.017766
8 0.207143 0.128807 0.045714 0.090102
6 0.245714 0.252538 0.034286 0.053299
4 0.427500 0.093274 0.010714 0.026650
4 0.373571 0.013959 0.011429 0.017766
10 0.365357 0.044416 0.003571 0.015228
2 0.365000 0.043147 0.004286 0.012690
5 0.332857 0.041244 0.012857 0.021574
5 0.358929 0.097081 0.013571 0.026650
9 0.303571 0.029822 0.045714 0.059645
1 0.258571 0.056472 0.002857 0.013959
1 0.264286 0.039340 0.002857 0.012690
1 0.276429 0.029188 0.002857 0.010152
1 0.239286 0.082487 0.004286 0.012690
1 0.233214 0.083756 0.002143 0.012690
1 0.229286 0.086929 0.002857 0.013959
1 0.229286 0.072970 0.002857 0.013959
1 0.225000 0.084391 0.002857 0.011421
1 0.245000 0.065355 0.002857 0.016497
1 0.158214 0.188452 0.003571 0.016497
9 0.555000 0.085660 0.030000 0.087563
9 0.527143 0.022843 0.027143 0.045685
1 0.591429 0.142766 0.004286 0.016497
0 0.500357 0.093909 0.007857 0.030457
0 0.513214 0.140228 0.006429 0.029188
1 0.518571 0.189721 0.002857 0.016497
1 0.522500 0.185914 0.003571 0.013959
0 0.531429 0.208756 0.007143 0.026650
1 0.536429 0.229061 0.002857 0.016497
1 0.546429 0.260787 0.002857 0.021574
0 0.542143 0.232868 0.004286 0.016497
1 0.681071 0.379442 0.005000 0.020305
1 0.683214 0.371193 0.005000 0.019036
1 0.707500 0.366751 0.003571 0.017766
1 0.697500 0.362310 0.003571 0.019036
9 0.980000 0.230964 0.040000 0.076142
4 0.917857 0.142766 0.034286 0.029188
4 0.865000 0.097081 0.024286 0.029188
4 0.830357 0.059010 0.022143 0.024112
4 0.801071 0.020939 0.025000 0.026650
