4 0.484286 0.537437 0.088571 0.095178
5 0.540714 0.497462 0.094286 0.111675
4 0.605000 0.483503 0.087143 0.081218
4 0.628214 0.700508 0.127857 0.144670
4 0.723214 0.687183 0.132143 0.148477
4 0.705714 0.576142 0.105714 0.101523
10 0.609643 0.568528 0.042143 0.063452
2 0.604643 0.557741 0.026429 0.072335
1 0.624286 0.387056 0.011429 0.048223
1 0.624643 0.375000 0.010714 0.049492
1 0.598571 0.267132 0.010000 0.039340
1 0.745357 0.347081 0.013571 0.046954
1 0.732857 0.328046 0.014286 0.044416
1 0.888571 0.394670 0.011429 0.050761
1 0.877500 0.366117 0.013571 0.049492
1 0.787143 0.187817 0.007143 0.032995
1 0.797857 0.187817 0.008571 0.035533
6 0.767143 0.085025 0.061429 0.060914
10 0.853929 0.131345 0.013571 0.026650
2 0.853571 0.130711 0.010000 0.022843
5 0.402143 0.197970 0.038571 0.053299
4 0.370357 0.199873 0.039286 0.046954
4 0.370357 0.182107 0.030714 0.034264
