5 0.822808 0.522727 0.036013 0.036178
4 0.823069 0.610853 0.031315 0.051020
4 0.668580 0.642393 0.039666 0.062152
4 0.572025 0.520408 0.033403 0.050093
4 0.527923 0.466605 0.036013 0.044527
8 0.494520 0.410946 0.039144 0.048237
4 0.450418 0.381262 0.034447 0.042672
4 0.373173 0.280148 0.031315 0.037106
5 0.364040 0.268089 0.030793 0.037106
4 0.674843 0.865955 0.042797 0.073284
4 0.596555 0.738404 0.041754 0.064935
4 0.577766 0.707792 0.042797 0.061224
4 0.549322 0.674861 0.042276 0.056586
6 0.529749 0.649814 0.053236 0.082560
4 0.510438 0.619202 0.041754 0.058442
6 0.491649 0.589981 0.051148 0.072356
4 0.476775 0.569573 0.040188 0.061224
6 0.453027 0.519944 0.058455 0.071429
4 0.346555 0.378479 0.037578 0.037106
6 0.317850 0.321892 0.048017 0.046382
4 0.296451 0.308442 0.029228 0.032468
4 0.306889 0.131262 0.028184 0.025046
4 0.332985 0.116883 0.026096 0.024119
4 0.011482 0.915584 0.022965 0.087199
