1 0.672500 0.885238 0.016429 0.039048
1 0.647500 0.870000 0.017857 0.044762
1 0.626786 0.869524 0.017857 0.038095
1 0.588571 0.561905 0.011429 0.030476
1 0.577857 0.555714 0.010000 0.033333
1 0.567857 0.558571 0.010000 0.033333
1 0.519643 0.487619 0.007857 0.024762
1 0.524286 0.488095 0.005714 0.025714
1 0.507857 0.403333 0.007143 0.021905
1 0.518929 0.407619 0.005000 0.020952
1 0.524286 0.406667 0.008571 0.024762
1 0.466071 0.301429 0.005000 0.018095
1 0.476429 0.298095 0.005714 0.019048
1 0.482500 0.300952 0.006429 0.019048
1 0.500000 0.274286 0.004286 0.017143
1 0.503214 0.274286 0.005000 0.019048
1 0.504286 0.269048 0.004286 0.016190
1 0.507143 0.268571 0.004286 0.017143
10 0.459643 0.265714 0.007857 0.011429
2 0.458929 0.259048 0.005000 0.015238
10 0.466429 0.257619 0.008571 0.014286
2 0.467143 0.252857 0.004286 0.014286
2 0.464643 0.251905 0.005000 0.014286
1 0.432857 0.243333 0.005714 0.018095
1 0.425714 0.243333 0.005714 0.018095
1 0.419286 0.241905 0.002857 0.017143
1 0.416429 0.244762 0.005714 0.017143
1 0.411786 0.240000 0.005000 0.015238
1 0.399286 0.228571 0.004286 0.015238
1 0.411786 0.180952 0.005000 0.011429
10 0.394643 0.166667 0.006429 0.009524
7 0.422500 0.164286 0.013571 0.014286
5 0.362143 0.153333 0.011429 0.019048
10 0.373571 0.151429 0.004286 0.007619
2 0.372857 0.148095 0.004286 0.008571
1 0.377143 0.145238 0.004286 0.012381
1 0.350357 0.117619 0.003571 0.010476
1 0.354286 0.122857 0.004286 0.013333
1 0.352143 0.113333 0.004286 0.013333
1 0.333571 0.140952 0.004286 0.013333
1 0.331071 0.141905 0.003571 0.013333
1 0.328214 0.140952 0.003571 0.013333
1 0.325714 0.140476 0.004286 0.012381
1 0.322857 0.140476 0.004286 0.012381
1 0.328214 0.125714 0.003571 0.011429
1 0.557143 0.240476 0.002857 0.012381
1 0.560357 0.240952 0.005000 0.013333
1 0.686429 0.205714 0.004286 0.015238
1 0.855000 0.097619 0.004286 0.012381
1 0.848929 0.096190 0.005000 0.011429
4 0.855714 0.088095 0.018571 0.010476
5 0.871429 0.090476 0.017143 0.013333
1 0.828571 0.080476 0.004286 0.008571
4 0.804643 0.074762 0.015000 0.008571
4 0.800000 0.071905 0.015714 0.010476
4 0.794643 0.070476 0.012143 0.009524
4 0.737143 0.055714 0.018571 0.010476
4 0.725714 0.052857 0.014286 0.008571
4 0.709286 0.042381 0.014286 0.006667
0 0.770357 0.070000 0.033571 0.023810
0 0.196429 0.065238 0.048571 0.027619
