4 0.238214 0.547619 0.083571 0.104762
4 0.157143 0.560952 0.088571 0.108571
4 0.256786 0.447619 0.077857 0.091429
4 0.338571 0.346190 0.068571 0.073333
4 0.424286 0.258571 0.061429 0.079048
4 0.481786 0.196190 0.057857 0.064762
4 0.538214 0.130952 0.055000 0.060000
4 0.595000 0.064762 0.041429 0.059048
4 0.618571 0.098095 0.051429 0.064762
4 0.673214 0.033333 0.043571 0.060952
4 0.556786 0.170952 0.053571 0.061905
4 0.502500 0.241905 0.053571 0.074286
4 0.412143 0.345714 0.054286 0.085714
4 0.324643 0.436667 0.067857 0.086667
4 0.645357 0.021905 0.045000 0.043810
10 0.023571 0.594286 0.034286 0.041905
2 0.019286 0.591429 0.025714 0.030476
0 0.322857 0.195714 0.017143 0.035238
