4 0.612857 0.305838 0.005714 0.007614
0 0.665000 0.254442 0.010000 0.013959
4 0.620000 0.305838 0.005714 0.007614
5 0.607143 0.322335 0.007143 0.010152
5 0.735000 0.402919 0.024286 0.039340
5 0.712857 0.408629 0.018571 0.035533
5 0.697143 0.409898 0.017143 0.035533
5 0.726071 0.445431 0.022143 0.032995
4 0.723929 0.458756 0.020714 0.024112
10 0.724286 0.495558 0.007143 0.024112
10 0.734643 0.514594 0.016429 0.024112
10 0.734643 0.520939 0.016429 0.021574
10 0.743214 0.526015 0.015000 0.019036
10 0.753571 0.536168 0.017143 0.021574
10 0.756786 0.541244 0.017857 0.021574
10 0.760357 0.546954 0.017857 0.022843
10 0.764643 0.551396 0.019286 0.021574
10 0.769286 0.555838 0.020000 0.020305
10 0.774286 0.559010 0.018571 0.021574
10 0.780357 0.564721 0.017857 0.022843
10 0.787500 0.572970 0.016429 0.024112
10 0.796786 0.579315 0.016429 0.021574
10 0.803571 0.585660 0.020000 0.019036
10 0.810000 0.617386 0.021429 0.026650
4 0.807857 0.604061 0.045714 0.035533
4 0.713929 0.548223 0.019286 0.038071
4 0.751071 0.636421 0.035000 0.046954
4 0.757143 0.666244 0.040000 0.030457
5 0.767143 0.682741 0.047143 0.043147
5 0.721786 0.601523 0.020714 0.043147
0 0.681786 0.595812 0.019286 0.024112
0 0.615714 0.359137 0.014286 0.012690
0 0.597857 0.361041 0.012857 0.011421
0 0.641429 0.355964 0.031429 0.016497
1 0.588214 0.362310 0.003571 0.016497
1 0.555357 0.366751 0.003571 0.015228
1 0.390357 0.359772 0.003571 0.011421
9 0.358929 0.375635 0.040714 0.025381
9 0.426786 0.371193 0.040714 0.029188
1 0.457500 0.376269 0.002143 0.016497
1 0.499286 0.372462 0.002857 0.013959
1 0.529286 0.370558 0.002857 0.015228
1 0.528929 0.348350 0.002143 0.019036
1 0.541429 0.345812 0.002857 0.013959
9 0.498929 0.359772 0.055000 0.034264
9 0.562857 0.357234 0.040000 0.029188
1 0.523571 0.404188 0.002857 0.011421
3 0.523929 0.406091 0.006429 0.007614
1 0.484643 0.421320 0.002143 0.012690
1 0.487143 0.423223 0.002857 0.013959
1 0.490357 0.426396 0.002143 0.012690
10 0.461071 0.454315 0.006429 0.015228
10 0.434643 0.484137 0.005000 0.016497
1 0.428929 0.504442 0.003571 0.016497
1 0.595357 0.516497 0.003571 0.017766
1 0.599643 0.519036 0.003571 0.017766
1 0.591786 0.541878 0.003571 0.020305
1 0.588214 0.548223 0.003571 0.017766
1 0.576071 0.567893 0.003571 0.019036
1 0.585714 0.593909 0.004286 0.020305
1 0.581429 0.619289 0.004286 0.020305
1 0.570357 0.613579 0.005000 0.024112
1 0.566071 0.612944 0.003571 0.020305
1 0.568214 0.732234 0.006429 0.027919
1 0.593571 0.852157 0.007143 0.029188
1 0.605000 0.916244 0.007143 0.035533
1 0.613571 0.914340 0.007143 0.036802
4 0.986071 0.770305 0.027857 0.048223
6 0.228571 0.963198 0.057143 0.071066
1 0.180000 0.961929 0.008571 0.040609
1 0.195714 0.870558 0.007143 0.035533
1 0.263214 0.738579 0.005000 0.032995
1 0.269643 0.739213 0.006429 0.031726
5 0.247500 0.909264 0.047857 0.067259
5 0.304286 0.719543 0.027143 0.040609
5 0.331429 0.671320 0.031429 0.045685
5 0.365357 0.633883 0.023571 0.031726
4 0.291786 0.774112 0.046429 0.038071
4 0.387500 0.608503 0.022143 0.029188
1 0.355000 0.607234 0.004286 0.019036
1 0.357143 0.611675 0.004286 0.022843
