5 0.116071 0.879048 0.232143 0.171429
4 0.056071 0.634762 0.112143 0.096190
4 0.157500 0.500952 0.120714 0.080000
4 0.298571 0.620952 0.128571 0.097143
4 0.450357 0.752857 0.167857 0.122857
4 0.551429 0.632381 0.154286 0.099048
4 0.831071 0.713333 0.185000 0.095238
4 0.805357 0.606190 0.149286 0.090476
5 0.788571 0.877143 0.218571 0.160000
1 0.348929 0.499048 0.026429 0.062857
2 0.041429 0.531429 0.021429 0.034286
2 0.491786 0.520952 0.016429 0.053333
3 0.496071 0.535238 0.052143 0.043810
7 0.054286 0.539524 0.074286 0.050476
4 0.228929 0.409048 0.106429 0.067619
4 0.392857 0.407143 0.101429 0.065714
4 0.520357 0.403810 0.096429 0.076190
3 0.506429 0.448095 0.055714 0.035238
3 0.370714 0.439048 0.047143 0.036190
4 0.096429 0.402857 0.111429 0.087619
4 0.048214 0.396667 0.093571 0.088571
4 0.234286 0.300000 0.055714 0.080000
4 0.283929 0.295714 0.062143 0.079048
4 0.332143 0.301905 0.054286 0.068571
4 0.379643 0.304762 0.056429 0.078095
4 0.424286 0.308571 0.047143 0.074286
4 0.466429 0.316667 0.041429 0.075238
4 0.515000 0.312857 0.042857 0.090476
5 0.564286 0.317143 0.048571 0.083810
1 0.419286 0.343810 0.018571 0.041905
4 0.826429 0.280000 0.084286 0.055238
4 0.810357 0.260000 0.082143 0.055238
4 0.806786 0.246190 0.086429 0.046667
4 0.818929 0.235238 0.069286 0.055238
5 0.846786 0.195238 0.070714 0.059048
5 0.841786 0.178571 0.069286 0.042857
5 0.847500 0.171429 0.056429 0.043810
5 0.846786 0.163810 0.065000 0.049524
5 0.845000 0.150000 0.057143 0.040952
4 0.846429 0.141905 0.057143 0.034286
1 0.904286 0.165714 0.011429 0.032381
1 0.916071 0.169048 0.012143 0.031429
5 0.918214 0.125714 0.027857 0.041905
4 0.940000 0.094286 0.024286 0.032381
4 0.910714 0.092381 0.018571 0.030476
4 0.984643 0.158571 0.030714 0.039048
1 0.975357 0.203333 0.016429 0.039048
4 0.989643 0.068095 0.020714 0.023810
4 0.979643 0.031429 0.017857 0.020952
4 0.950714 0.026190 0.022857 0.018095
1 0.962857 0.007143 0.005714 0.014286
1 0.951071 0.017143 0.006429 0.015238
1 0.915714 0.028571 0.004286 0.017143
1 0.909643 0.042857 0.006429 0.019048
1 0.911786 0.056190 0.010714 0.020952
1 0.906786 0.042381 0.005000 0.020000
1 0.897143 0.042857 0.005714 0.019048
1 0.900714 0.043333 0.005714 0.020000
2 0.890357 0.068095 0.006429 0.016190
2 0.895000 0.019048 0.004286 0.013333
3 0.893571 0.022381 0.007143 0.010476
10 0.890000 0.075714 0.008571 0.016190
10 0.848571 0.085238 0.020000 0.014286
0 0.827857 0.080476 0.054286 0.084762
0 0.865357 0.032857 0.049286 0.065714
0 0.923214 0.033333 0.017857 0.041905
4 0.918214 0.069048 0.017857 0.025714
4 0.913571 0.007619 0.014286 0.015238
