1 0.255480 0.297310 0.013048 0.030612
7 0.257829 0.263451 0.034447 0.038961
10 0.378132 0.911410 0.034969 0.073284
1 0.409186 0.912801 0.016701 0.077922
1 0.426931 0.908163 0.017745 0.072356
1 0.441023 0.924397 0.014614 0.051020
7 0.424582 0.895176 0.081942 0.089054
1 0.439196 0.865028 0.019311 0.051020
2 0.465292 0.875232 0.027662 0.056586
10 0.479384 0.928571 0.031837 0.103896
1 0.558455 0.714286 0.014614 0.046382
7 0.558716 0.720779 0.026618 0.096475
10 0.545668 0.619666 0.020355 0.061224
1 0.544102 0.536178 0.012004 0.042672
10 0.542537 0.545918 0.014092 0.049165
8 0.497651 0.525510 0.029749 0.071429
7 0.505741 0.470315 0.022965 0.079777
5 0.635177 0.426252 0.033403 0.067718
2 0.634656 0.570965 0.012526 0.043599
10 0.633873 0.579777 0.015136 0.046382
2 0.599426 0.418831 0.009916 0.030612
10 0.598904 0.426252 0.010960 0.034323
1 0.534708 0.408163 0.009916 0.044527
2 0.509656 0.409091 0.006785 0.022263
2 0.507829 0.404453 0.010438 0.033395
10 0.508612 0.409091 0.010960 0.035250
8 0.537056 0.251391 0.013570 0.035250
2 0.597860 0.250928 0.005741 0.019481
2 0.544102 0.233302 0.006785 0.019481
2 0.534186 0.202226 0.005741 0.020408
2 0.525313 0.207792 0.003653 0.018553
10 0.597599 0.255566 0.007307 0.021336
7 0.534447 0.205009 0.007307 0.012987
7 0.526879 0.212894 0.008873 0.013915
10 0.543580 0.238868 0.007829 0.017625
10 0.549582 0.187384 0.005219 0.016698
10 0.581420 0.168831 0.004175 0.012987
10 0.550626 0.157236 0.005219 0.013915
1 0.549582 0.182746 0.005219 0.014842
1 0.581681 0.165584 0.004697 0.013915
1 0.550365 0.153525 0.004697 0.013915
1 0.577505 0.203154 0.006785 0.024119
6 0.568111 0.132653 0.013048 0.025974
1 0.538100 0.128942 0.004175 0.018553
6 0.584812 0.121058 0.014092 0.034323
5 0.570459 0.111317 0.012526 0.020408
8 0.543058 0.099258 0.005741 0.016698
8 0.554019 0.100186 0.006785 0.014842
0 0.562109 0.032931 0.013570 0.036178
6 0.545146 0.089981 0.008873 0.016698
4 0.543580 0.083488 0.006785 0.014842
2 0.564718 0.075603 0.003132 0.010204
2 0.557933 0.081169 0.003132 0.008349
2 0.555324 0.085807 0.003132 0.008349
2 0.552975 0.076994 0.002610 0.009276
2 0.568372 0.065863 0.002088 0.005566
2 0.566284 0.060297 0.003132 0.005566
2 0.555324 0.058442 0.002088 0.005566
7 0.555324 0.059369 0.004175 0.005566
7 0.566023 0.063080 0.003653 0.007421
10 0.568372 0.066790 0.003132 0.005566
10 0.564196 0.075603 0.004175 0.008349
10 0.557933 0.082560 0.003132 0.005566
10 0.552453 0.078850 0.003653 0.007421
10 0.555585 0.089054 0.003653 0.007421
2 0.568372 0.089518 0.003132 0.008349
10 0.572025 0.089981 0.003132 0.007421
6 0.570459 0.096011 0.007307 0.013915
0 0.580376 0.093692 0.007307 0.018553
6 0.725470 0.939703 0.074113 0.118738
4 0.683977 0.117811 0.022443 0.018553
6 0.830115 0.167440 0.072547 0.054731
4 0.896660 0.197588 0.034447 0.027829
4 0.970251 0.213358 0.036534 0.031540
