1 0.357143 0.874286 0.037143 0.060952
1 0.681429 0.400476 0.014286 0.044762
1 0.526071 0.419048 0.013571 0.038095
1 0.521786 0.334762 0.016429 0.033333
1 0.494643 0.301905 0.013571 0.032381
1 0.696071 0.023333 0.010714 0.027619
1 0.489286 0.310000 0.008571 0.040952
3 0.413214 0.400952 0.046429 0.040000
2 0.016071 0.320952 0.016429 0.032381
10 0.021071 0.331905 0.037857 0.027619
1 0.243571 0.300476 0.022857 0.042857
1 0.450000 0.575714 0.012857 0.058095
2 0.548929 0.379048 0.013571 0.038095
10 0.550000 0.395238 0.021429 0.045714
2 0.418214 0.344762 0.023571 0.032381
7 0.447857 0.347143 0.042857 0.054286
7 0.489286 0.420000 0.040000 0.083810
2 0.581429 0.253810 0.012857 0.033333
10 0.580000 0.269048 0.015714 0.035238
4 0.607143 0.180476 0.041429 0.060000
2 0.450357 0.310952 0.016429 0.040952
1 0.495000 0.167143 0.011429 0.029524
1 0.499643 0.154286 0.009286 0.032381
1 0.497500 0.094286 0.010714 0.034286
1 0.529643 0.110000 0.012143 0.031429
1 0.537857 0.089524 0.010000 0.024762
2 0.554643 0.076667 0.009286 0.025714
3 0.556071 0.093333 0.009286 0.024762
4 0.529286 0.046667 0.020000 0.038095
5 0.568214 0.045714 0.029286 0.047619
5 0.557500 0.017619 0.026429 0.031429
2 0.720714 0.096667 0.011429 0.020000
10 0.718929 0.105714 0.013571 0.020952
9 0.807857 0.084762 0.040000 0.102857
4 0.792500 0.209048 0.030714 0.061905
4 0.844286 0.256190 0.041429 0.070476
5 0.783929 0.364286 0.045000 0.113333
4 0.897500 0.214762 0.035000 0.071429
4 0.962857 0.263333 0.047143 0.079048
4 0.949643 0.200000 0.039286 0.055238
5 0.949643 0.146667 0.039286 0.047619
4 0.896071 0.141429 0.035000 0.058095
4 0.927857 0.124286 0.025714 0.048571
4 0.939643 0.087143 0.033571 0.042857
4 0.887500 0.083333 0.025000 0.042857
4 0.852500 0.089048 0.027857 0.050476
4 0.852143 0.047143 0.025714 0.039048
4 0.852857 0.016190 0.024286 0.030476
4 0.885357 0.052381 0.030714 0.038095
4 0.883571 0.027143 0.025714 0.029524
4 0.887857 0.009048 0.022857 0.018095
4 0.921071 0.015238 0.030714 0.022857
4 0.921786 0.035238 0.033571 0.038095
4 0.925357 0.060000 0.032143 0.030476
5 0.850000 0.541429 0.067143 0.157143
4 0.964643 0.586667 0.070714 0.140952
