4 0.046071 0.358571 0.073571 0.090476
4 0.356429 0.755714 0.095714 0.117143
4 0.531071 0.907143 0.065000 0.174286
4 0.536786 0.514286 0.073571 0.087619
4 0.600714 0.594762 0.058571 0.113333
4 0.745357 0.460952 0.062143 0.095238
4 0.642857 0.396667 0.055714 0.082857
4 0.670000 0.452381 0.062857 0.093333
4 0.866429 0.066190 0.060000 0.080952
4 0.836071 0.302381 0.056429 0.082857
6 0.166429 0.946190 0.144286 0.107619
5 0.370357 0.027143 0.067857 0.050476
5 0.505357 0.019048 0.056429 0.032381
2 0.095714 0.220000 0.007143 0.017143
2 0.086786 0.213333 0.007857 0.015238
10 0.095000 0.227143 0.022857 0.031429
1 0.223929 0.389524 0.016429 0.026667
1 0.549643 0.321429 0.012143 0.029524
1 0.555714 0.317619 0.004286 0.023810
1 0.888214 0.904762 0.016429 0.026667
1 0.901429 0.953333 0.014286 0.022857
1 0.851071 0.932857 0.016429 0.023810
1 0.995000 0.598571 0.008571 0.016190
1 0.925357 0.689048 0.017857 0.018095
1 0.941429 0.697619 0.021429 0.025714
