1 0.042500 0.430952 0.010714 0.021905
1 0.053571 0.429524 0.011429 0.028571
1 0.261071 0.394762 0.010714 0.020000
2 0.270357 0.395238 0.013571 0.019048
2 0.368929 0.400476 0.013571 0.016190
2 0.238214 0.373810 0.007857 0.014286
2 0.230357 0.375714 0.007857 0.014286
1 0.557500 0.436190 0.009286 0.022857
1 0.541786 0.524762 0.010714 0.030476
1 0.519643 0.519048 0.012143 0.032381
1 0.611071 0.611905 0.017857 0.044762
1 0.698929 0.616190 0.016429 0.034286
1 0.707143 0.628571 0.011429 0.038095
1 0.732500 0.555714 0.013571 0.042857
1 0.723571 0.497143 0.014286 0.030476
1 0.746071 0.590476 0.010714 0.038095
1 0.754643 0.609524 0.007857 0.045714
1 0.771071 0.628095 0.012143 0.023810
1 0.766429 0.593333 0.010000 0.038095
2 0.697143 0.555714 0.011429 0.029524
2 0.791429 0.564762 0.011429 0.028571
2 0.810000 0.597143 0.010000 0.036190
1 0.819286 0.659048 0.014286 0.043810
1 0.830000 0.671905 0.010000 0.044762
1 0.848571 0.683333 0.012857 0.056190
1 0.882857 0.614286 0.011429 0.043810
1 0.864286 0.618571 0.015714 0.035238
1 0.841071 0.610000 0.010714 0.039048
1 0.851071 0.622381 0.013571 0.044762
1 0.853929 0.603333 0.013571 0.031429
1 0.876429 0.574762 0.010000 0.046667
1 0.861786 0.573810 0.013571 0.037143
2 0.825357 0.570000 0.009286 0.025714
2 0.832500 0.576667 0.013571 0.029524
2 0.832143 0.588095 0.014286 0.027619
1 0.828214 0.561429 0.013571 0.035238
1 0.828571 0.548571 0.011429 0.040000
1 0.841429 0.555714 0.010000 0.035238
1 0.848929 0.561429 0.013571 0.039048
1 0.855000 0.546190 0.010000 0.035238
2 0.864286 0.541905 0.012857 0.026667
1 0.802143 0.529048 0.008571 0.040952
1 0.786429 0.529048 0.011429 0.037143
1 0.870357 0.503333 0.010714 0.037143
1 0.883571 0.502857 0.012857 0.040000
1 0.868571 0.484286 0.010000 0.031429
3 0.736071 0.486190 0.020714 0.021905
1 0.964286 0.576667 0.014286 0.040952
