0 0.497143 0.045238 0.008571 0.018095
0 0.426071 0.101905 0.013571 0.049524
0 0.501429 0.087143 0.015714 0.042857
0 0.516071 0.189524 0.006429 0.009524
0 0.507500 0.120952 0.009286 0.013333
0 0.425714 0.231429 0.008571 0.030476
0 0.423571 0.283810 0.004286 0.013333
0 0.410000 0.305714 0.012857 0.009524
4 0.166071 0.970952 0.039286 0.058095
4 0.142500 0.955714 0.046429 0.084762
6 0.340357 0.743810 0.072143 0.209524
6 0.278929 0.667619 0.055000 0.036190
6 0.439643 0.276190 0.009286 0.020952
6 0.445000 0.197619 0.008571 0.027619
4 0.552857 0.144762 0.004286 0.005714
3 0.326786 0.682857 0.005000 0.020952
8 0.365357 0.585238 0.009286 0.025714
1 0.501071 0.528571 0.003571 0.022857
1 0.507500 0.526667 0.005000 0.024762
0 0.369643 0.109524 0.019286 0.015238
9 0.196429 0.236190 0.031429 0.019048
6 0.414643 0.117143 0.005000 0.011429
4 0.433929 0.174762 0.005000 0.008571
4 0.543571 0.146667 0.010000 0.005714
0 0.456071 0.112857 0.015000 0.065714
