6 0.427857 0.649524 0.078571 0.125714
6 0.422857 0.742381 0.022857 0.039048
6 0.220357 0.334286 0.027857 0.032381
6 0.135714 0.285238 0.010000 0.016190
4 0.230357 0.402857 0.010714 0.015238
4 0.233571 0.390000 0.010000 0.012381
0 0.060714 0.204286 0.022857 0.012381
0 0.046429 0.174762 0.021429 0.027619
0 0.017857 0.150476 0.014286 0.020952
6 0.064286 0.184762 0.008571 0.009524
6 0.072143 0.189048 0.005714 0.010476
4 0.071786 0.214762 0.006429 0.008571
4 0.078571 0.221429 0.004286 0.004762
4 0.088929 0.236190 0.005000 0.005714
4 0.098571 0.243333 0.005714 0.006667
4 0.112500 0.258095 0.005000 0.007619
4 0.139643 0.279048 0.006429 0.009524
4 0.155000 0.297619 0.007143 0.006667
6 0.087500 0.206667 0.005000 0.007619
6 0.100357 0.216190 0.012143 0.013333
0 0.581071 0.300476 0.080714 0.025714
0 0.516071 0.290476 0.033571 0.011429
4 0.676786 0.572857 0.025000 0.023810
4 0.690714 0.564286 0.025714 0.025714
4 0.641071 0.526190 0.020714 0.020000
4 0.695000 0.507143 0.021429 0.018095
