4 0.909447 0.647032 0.047495 0.051020
4 0.892484 0.620130 0.041754 0.043599
4 0.871086 0.590445 0.049061 0.045455
5 0.832724 0.501391 0.058977 0.043599
4 0.853862 0.528293 0.043841 0.023191
8 0.699635 0.519017 0.026618 0.028757
4 0.713987 0.327458 0.025052 0.025974
4 0.741127 0.260668 0.025052 0.024119
4 0.731994 0.209184 0.023486 0.023191
4 0.607777 0.186456 0.022443 0.016698
2 0.734864 0.395640 0.006263 0.013915
6 0.482516 0.720315 0.046451 0.268089
8 0.406054 0.803803 0.019833 0.069573
8 0.381263 0.769944 0.016180 0.053803
8 0.406837 0.663265 0.016180 0.051948
8 0.325157 0.860390 0.018789 0.060297
1 0.345251 0.807050 0.007829 0.024119
1 0.352818 0.813080 0.011482 0.030612
10 0.349165 0.819573 0.008351 0.039889
1 0.335334 0.630334 0.006785 0.015770
1 0.335595 0.613636 0.006263 0.026902
6 0.404749 0.544527 0.021399 0.053803
10 0.332724 0.588126 0.010960 0.014842
10 0.332463 0.576994 0.012526 0.016698
4 0.340553 0.427180 0.019311 0.041744
8 0.402401 0.355288 0.012526 0.029685
8 0.468946 0.360390 0.019311 0.025046
8 0.469468 0.346011 0.023486 0.025974
2 0.450418 0.303803 0.005219 0.015770
2 0.438674 0.276438 0.004697 0.014842
10 0.450678 0.306586 0.005741 0.015770
10 0.438674 0.278757 0.005741 0.015770
6 0.462422 0.251391 0.012526 0.029685
2 0.444937 0.237477 0.003653 0.007421
7 0.445981 0.243043 0.008873 0.020408
2 0.453549 0.223098 0.004175 0.010204
2 0.457724 0.213358 0.004175 0.012987
10 0.453549 0.226809 0.004175 0.013915
10 0.457203 0.215677 0.005219 0.012059
2 0.401618 0.208256 0.004697 0.012059
10 0.400574 0.210111 0.004697 0.012059
8 0.420407 0.210111 0.007829 0.021336
1 0.407620 0.145176 0.003132 0.012059
4 0.474426 0.162801 0.009395 0.019481
8 0.454854 0.099258 0.010960 0.012987
8 0.444415 0.130334 0.005741 0.017625
8 0.425104 0.104824 0.006785 0.016698
4 0.451983 0.053340 0.009395 0.010204
8 0.469468 0.047774 0.004697 0.012059
6 0.452505 0.041744 0.008351 0.020408
10 0.428758 0.021336 0.002610 0.007421
10 0.431889 0.011132 0.001566 0.005566
2 0.428236 0.019017 0.002610 0.006494
2 0.431628 0.010204 0.002088 0.005566
4 0.425104 0.008349 0.005741 0.012987
4 0.453027 0.018089 0.005219 0.010204
6 0.452505 0.006030 0.009395 0.012059
5 0.454593 0.068182 0.006263 0.010204
8 0.453027 0.073748 0.005219 0.012059
0 0.460073 0.138219 0.012004 0.055659
