4 0.394286 0.059524 0.038571 0.094286
4 0.411786 0.174286 0.043571 0.110476
4 0.493929 0.163333 0.039286 0.115238
4 0.573571 0.225714 0.041429 0.102857
1 0.786429 0.013333 0.015714 0.026667
1 0.624643 0.198095 0.007857 0.022857
1 0.646071 0.238095 0.012143 0.017143
4 0.457857 0.435714 0.038571 0.098095
4 0.613571 0.441905 0.045714 0.095238
5 0.628929 0.562857 0.046429 0.108571
5 0.648571 0.695238 0.044286 0.118095
5 0.540357 0.928571 0.045000 0.108571
4 0.678214 0.819524 0.045000 0.111429
4 0.711071 0.964286 0.043571 0.069524
10 0.853571 0.871905 0.032857 0.021905
10 0.850714 0.842381 0.028571 0.023810
10 0.897143 0.873333 0.022857 0.019048
10 0.836071 0.787619 0.030714 0.026667
10 0.835000 0.770952 0.028571 0.020000
10 0.819643 0.722381 0.032143 0.020000
10 0.817857 0.692857 0.030000 0.020000
1 0.879286 0.684762 0.020000 0.015238
1 0.747857 0.609524 0.017143 0.011429
10 0.683929 0.525714 0.012143 0.040000
1 0.805357 0.483333 0.016429 0.010476
1 0.798571 0.455238 0.018571 0.017143
1 0.819643 0.464286 0.016429 0.014286
3 0.811429 0.638571 0.024286 0.021905
