6 0.381785 0.542208 0.100731 0.084416
5 0.427975 0.474490 0.098121 0.075139
2 0.549322 0.801484 0.021399 0.053803
10 0.548539 0.827458 0.018789 0.070501
1 0.632307 0.495362 0.016180 0.053803
1 0.522443 0.384508 0.009395 0.049165
1 0.543058 0.411410 0.013048 0.047310
1 0.547234 0.397959 0.009916 0.050093
10 0.560282 0.322820 0.009916 0.038961
2 0.667015 0.519944 0.013570 0.032468
7 0.667797 0.522727 0.023486 0.069573
4 0.680063 0.375696 0.036534 0.077922
7 0.585595 0.242579 0.013570 0.038033
2 0.614301 0.185529 0.005219 0.022263
2 0.618737 0.185529 0.005741 0.016698
2 0.618737 0.185065 0.007829 0.025046
7 0.617171 0.180427 0.014092 0.056586
2 0.616649 0.144712 0.007829 0.024119
10 0.616127 0.149351 0.008873 0.022263
2 0.609342 0.112709 0.007829 0.025046
7 0.609081 0.119202 0.010438 0.030612
4 0.731733 0.214286 0.057411 0.059369
2 0.801409 0.213358 0.006785 0.018553
1 0.798800 0.217996 0.006785 0.031540
1 0.802453 0.216605 0.009916 0.032468
7 0.768789 0.201763 0.017745 0.036178
10 0.600731 0.012987 0.006263 0.018553
10 0.631785 0.049165 0.006785 0.022263
2 0.630480 0.045918 0.005219 0.025046
3 0.811587 0.234230 0.021921 0.026902
3 0.691284 0.039889 0.016180 0.016698
