4 0.335714 0.552665 0.017143 0.041878
4 0.365000 0.350888 0.011429 0.034264
1 0.584286 0.409264 0.002857 0.016497
1 0.581429 0.406726 0.004286 0.019036
1 0.576429 0.336929 0.004286 0.019036
1 0.562857 0.343274 0.002857 0.016497
1 0.566429 0.333122 0.004286 0.016497
1 0.557143 0.296320 0.004286 0.013959
1 0.561429 0.340102 0.002857 0.015228
1 0.574643 0.430838 0.003571 0.019036
1 0.565000 0.333122 0.004286 0.019036
9 0.586786 0.263959 0.047857 0.040609
4 0.545714 0.276650 0.020000 0.015228
4 0.541786 0.265863 0.019286 0.013959
0 0.437857 0.234772 0.074286 0.035533
1 0.478214 0.265863 0.003571 0.016497
1 0.472143 0.269670 0.004286 0.011421
1 0.468929 0.269670 0.003571 0.016497
1 0.458571 0.268401 0.002857 0.013959
1 0.452143 0.265228 0.004286 0.015228
1 0.426786 0.276650 0.003571 0.012690
1 0.416071 0.263959 0.003571 0.012690
1 0.386429 0.279188 0.004286 0.015228
1 0.359286 0.274112 0.002857 0.012690
1 0.356429 0.273477 0.002857 0.013959
1 0.370357 0.229061 0.003571 0.013959
1 0.373929 0.227792 0.003571 0.011421
1 0.382143 0.231599 0.002857 0.011421
1 0.388929 0.234772 0.002143 0.012690
1 0.390714 0.221447 0.002857 0.011421
1 0.391071 0.233503 0.003571 0.015228
1 0.384643 0.229061 0.005000 0.011421
1 0.341071 0.257614 0.003571 0.010152
1 0.347143 0.258883 0.002857 0.010152
1 0.331786 0.248096 0.003571 0.011421
1 0.449286 0.291244 0.002857 0.011421
1 0.422857 0.291878 0.002857 0.010152
1 0.420357 0.291878 0.002143 0.010152
1 0.407500 0.295685 0.003571 0.012690
1 0.361786 0.296954 0.003571 0.010152
1 0.354643 0.295685 0.003571 0.010152
1 0.440000 0.261421 0.002857 0.015228
4 0.461071 0.210660 0.006429 0.017766
4 0.461071 0.201777 0.007857 0.017766
4 0.462500 0.156726 0.006429 0.016497
4 0.474643 0.137056 0.006429 0.015228
1 0.512143 0.184010 0.002857 0.010152
1 0.507857 0.185279 0.002857 0.010152
1 0.506786 0.174492 0.003571 0.008883
1 0.508929 0.171954 0.002143 0.013959
1 0.507857 0.196066 0.002857 0.013959
1 0.516429 0.188452 0.002857 0.011421
1 0.514643 0.190355 0.002143 0.007614
1 0.513214 0.199873 0.002143 0.011421
1 0.518214 0.204949 0.002143 0.011421
0 0.490000 0.111675 0.014286 0.040609
4 0.440714 0.035533 0.004286 0.010152
4 0.477857 0.042513 0.004286 0.008883
6 0.467143 0.027919 0.005714 0.017766
6 0.453214 0.053299 0.006429 0.020305
6 0.446071 0.072335 0.009286 0.025381
6 0.441071 0.093274 0.007857 0.024112
6 0.455714 0.039975 0.005714 0.016497
