5 0.252500 0.858095 0.117857 0.280000
4 0.361071 0.760476 0.073571 0.193333
4 0.416786 0.449524 0.053571 0.121905
4 0.498571 0.499048 0.051429 0.100952
4 0.574286 0.705714 0.070000 0.167619
4 0.558571 0.548571 0.055714 0.121905
4 0.558929 0.427143 0.050714 0.086667
4 0.608929 0.908571 0.083571 0.182857
5 0.523214 0.940952 0.076429 0.118095
4 0.045714 0.874762 0.091429 0.220000
4 0.305000 0.425238 0.062857 0.105714
4 0.321786 0.344762 0.047857 0.062857
4 0.435000 0.251905 0.037143 0.065714
4 0.417143 0.163333 0.031429 0.048571
4 0.400357 0.090952 0.023571 0.039048
10 0.358214 0.329524 0.016429 0.038095
4 0.387143 0.146667 0.037143 0.041905
5 0.373571 0.178571 0.032857 0.056190
5 0.547857 0.338571 0.037143 0.067619
4 0.542500 0.280000 0.039286 0.059048
1 0.503929 0.302857 0.013571 0.043810
10 0.484286 0.132857 0.011429 0.025714
2 0.485357 0.127619 0.010714 0.020952
2 0.485000 0.128571 0.007143 0.017143
4 0.412857 0.055238 0.030000 0.026667
4 0.352143 0.039048 0.022857 0.032381
5 0.376786 0.034286 0.019286 0.040000
4 0.427500 0.017619 0.039286 0.023810
4 0.426786 0.028571 0.036429 0.020952
4 0.424643 0.037619 0.036429 0.025714
4 0.539643 0.122857 0.039286 0.032381
5 0.519643 0.109524 0.045000 0.043810
4 0.516071 0.071905 0.040714 0.027619
5 0.512500 0.055238 0.036429 0.022857
4 0.511429 0.038571 0.037143 0.020000
4 0.510357 0.029524 0.033571 0.019048
1 0.564286 0.075238 0.007143 0.026667
4 0.513214 0.008095 0.035000 0.016190
10 0.822857 0.788095 0.052857 0.075238
10 0.785000 0.668095 0.040000 0.063810
5 0.736071 0.561905 0.070714 0.133333
1 0.799286 0.336190 0.015714 0.040000
10 0.701786 0.361429 0.016429 0.044762
4 0.656429 0.294286 0.042857 0.066667
1 0.713929 0.240000 0.010714 0.034286
10 0.648214 0.245238 0.036429 0.054286
1 0.735357 0.183810 0.015000 0.030476
1 0.732143 0.115714 0.011429 0.031429
1 0.639286 0.081429 0.007143 0.025714
1 0.648214 0.070476 0.007857 0.028571
5 0.620357 0.096667 0.025000 0.042857
3 0.703214 0.113333 0.015000 0.017143
4 0.593571 0.095714 0.024286 0.033333
4 0.587857 0.069048 0.022857 0.029524
4 0.581786 0.035714 0.020714 0.023810
1 0.593214 0.006190 0.005000 0.012381
10 0.463571 0.831905 0.025714 0.079048
2 0.463929 0.817619 0.025000 0.035238
5 0.331071 0.012857 0.026429 0.023810
4 0.390714 0.016190 0.018571 0.032381
4 0.244286 0.068571 0.042857 0.032381
10 0.107500 0.304762 0.026429 0.036190
4 0.182857 0.512381 0.052857 0.089524
10 0.132857 0.603810 0.057143 0.053333
10 0.092500 0.605714 0.036429 0.060952
10 0.015357 0.511429 0.030714 0.051429
