5 0.033929 0.066624 0.050714 0.097716
1 0.351071 0.123731 0.007857 0.031726
1 0.358571 0.121827 0.007143 0.032995
1 0.447143 0.131345 0.008571 0.034264
1 0.445000 0.112310 0.007143 0.036802
1 0.388214 0.133883 0.009286 0.021574
1 0.475357 0.462563 0.009286 0.039340
1 0.510357 0.468274 0.007857 0.035533
1 0.510714 0.447335 0.008571 0.029188
1 0.275714 0.559645 0.010000 0.035533
1 0.508214 0.345178 0.006429 0.032995
1 0.505000 0.260787 0.008571 0.029188
1 0.501786 0.281091 0.009286 0.024112
1 0.509286 0.185279 0.007143 0.032995
1 0.482857 0.119924 0.010000 0.021574
1 0.495000 0.140863 0.008571 0.020305
1 0.500000 0.130711 0.005714 0.022843
2 0.288214 0.618020 0.010714 0.020305
1 0.294643 0.611041 0.007857 0.016497
2 0.290000 0.558376 0.008571 0.017766
1 0.298214 0.562183 0.009286 0.017766
2 0.280357 0.609137 0.017857 0.020305
1 0.288571 0.595812 0.011429 0.016497
2 0.297857 0.590736 0.007143 0.026650
2 0.309643 0.576142 0.007857 0.020305
2 0.259286 0.843909 0.012857 0.032995
2 0.435357 0.932741 0.023571 0.030457
1 0.462143 0.824873 0.014286 0.040609
1 0.476786 0.820431 0.012143 0.041878
2 0.311786 0.557107 0.012143 0.017766
