4 0.011071 0.239213 0.020714 0.024112
6 0.021071 0.169416 0.035000 0.034264
6 0.045000 0.144670 0.028571 0.045685
1 0.018929 0.345812 0.003571 0.008883
1 0.010000 0.686548 0.007143 0.012690
1 0.012857 0.680203 0.007143 0.010152
5 0.202857 0.599619 0.018571 0.044416
5 0.327857 0.119924 0.010000 0.036802
10 0.315714 0.140228 0.002857 0.011421
2 0.315357 0.137056 0.002143 0.007614
1 0.401786 0.091371 0.002143 0.010152
4 0.456429 0.218274 0.020000 0.020305
5 0.461071 0.229061 0.023571 0.021574
6 0.455357 0.250000 0.032143 0.032995
5 0.455357 0.272843 0.022143 0.025381
5 0.511071 0.295685 0.012143 0.040609
4 0.516429 0.340102 0.011429 0.032995
6 0.471071 0.313452 0.020714 0.068528
4 0.408929 0.651015 0.015000 0.048223
9 0.912857 0.918147 0.082857 0.130711
9 0.905714 0.871827 0.042857 0.071066
9 0.938214 0.862944 0.019286 0.068528
9 0.960000 0.875000 0.021429 0.067259
9 0.977143 0.893401 0.024286 0.073604
9 0.992500 0.909898 0.015000 0.076142
1 0.952143 0.715736 0.005714 0.007614
4 0.928571 0.270305 0.012857 0.032995
4 0.715714 0.046320 0.021429 0.021574
5 0.691429 0.033629 0.020000 0.024112
5 0.739286 0.055203 0.021429 0.024112
4 0.592143 0.145305 0.018571 0.031726
5 0.607143 0.117386 0.017143 0.034264
5 0.585000 0.223350 0.011429 0.032995
5 0.592143 0.261421 0.014286 0.038071
5 0.615714 0.349619 0.015714 0.041878
5 0.575357 0.303299 0.015000 0.050761
6 0.583571 0.347081 0.018571 0.049492
0 0.507143 0.060914 0.002857 0.007614
4 0.518571 0.053934 0.008571 0.024112
4 0.530000 0.046320 0.010000 0.026650
6 0.504643 0.104695 0.032143 0.031726
6 0.526071 0.147208 0.033571 0.035533
6 0.526786 0.165609 0.033571 0.034264
6 0.522857 0.188452 0.031429 0.034264
6 0.519643 0.449873 0.019286 0.057107
6 0.628214 0.428299 0.022143 0.054569
5 0.651786 0.393401 0.023571 0.022843
4 0.648214 0.385787 0.019286 0.022843
6 0.657857 0.442893 0.032857 0.040609
6 0.666071 0.553299 0.027857 0.071066
6 0.650000 0.563452 0.027143 0.068528
5 0.646786 0.500635 0.019286 0.044416
5 0.596429 0.574239 0.027143 0.026650
5 0.597500 0.548223 0.026429 0.022843
5 0.595000 0.526650 0.027143 0.025381
5 0.558571 0.508883 0.027143 0.025381
6 0.582857 0.473350 0.035714 0.032995
1 0.544643 0.550761 0.002143 0.010152
4 0.551071 0.478426 0.023571 0.022843
4 0.591786 0.501269 0.025000 0.022843
4 0.562143 0.539340 0.025714 0.025381
0 0.614286 0.303299 0.004286 0.015228
9 0.340714 0.881345 0.050000 0.034264
9 0.146071 0.833122 0.030714 0.074873
1 0.363929 0.838832 0.006429 0.015228
