5 0.592500 0.711929 0.019286 0.043147
4 0.412143 0.772843 0.018571 0.040609
5 0.366786 0.648477 0.017857 0.038071
5 0.356429 0.532995 0.014286 0.030457
5 0.458214 0.377538 0.012143 0.021574
4 0.357857 0.266497 0.008571 0.012690
4 0.535357 0.086294 0.006429 0.010152
4 0.544643 0.077411 0.006429 0.007614
4 0.579643 0.060279 0.007857 0.008883
4 0.515714 0.073604 0.005714 0.007614
0 0.617500 0.021574 0.036429 0.043147
6 0.561786 0.171954 0.022143 0.019036
0 0.570000 0.133249 0.068571 0.053299
6 0.640357 0.175127 0.019286 0.020305
6 0.691786 0.190990 0.023571 0.019036
6 0.712857 0.195431 0.020000 0.020305
9 0.718929 0.202411 0.015000 0.016497
6 0.725357 0.203680 0.020714 0.019036
6 0.741429 0.214467 0.025714 0.022843
6 0.143214 0.507614 0.047857 0.050761
4 0.033929 0.560279 0.032143 0.026650
4 0.220357 0.491117 0.017857 0.022843
4 0.211071 0.486675 0.017857 0.029188
5 0.205357 0.479695 0.019286 0.027919
4 0.196071 0.477792 0.016429 0.021574
