4 0.799286 0.976667 0.055714 0.037143
4 0.774286 0.948095 0.052857 0.031429
4 0.303929 0.981429 0.032143 0.037143
4 0.255000 0.969524 0.038571 0.060952
4 0.317500 0.824762 0.020714 0.030476
4 0.353571 0.811429 0.018571 0.030476
4 0.336429 0.770000 0.015714 0.025714
5 0.446429 0.823810 0.015714 0.032381
1 0.557143 0.738571 0.005714 0.016190
1 0.557143 0.722857 0.004286 0.013333
1 0.541429 0.704762 0.004286 0.013333
4 0.117857 0.707619 0.030000 0.015238
4 0.337143 0.711429 0.012857 0.017143
5 0.358214 0.674286 0.010714 0.017143
4 0.377500 0.667619 0.010714 0.015238
4 0.387500 0.643810 0.009286 0.011429
4 0.372857 0.642381 0.010000 0.012381
4 0.380714 0.628571 0.008571 0.009524
4 0.396429 0.622857 0.007143 0.009524
4 0.397500 0.611429 0.007857 0.009524
4 0.413571 0.604286 0.007143 0.008571
4 0.406786 0.599048 0.006429 0.007619
6 0.440000 0.636190 0.008571 0.015238
6 0.454286 0.612857 0.007143 0.014286
4 0.461071 0.583333 0.005000 0.006667
4 0.417857 0.579524 0.004286 0.006667
4 0.422857 0.582857 0.004286 0.007619
4 0.421429 0.574286 0.005714 0.005714
4 0.430357 0.575238 0.005000 0.005714
4 0.445000 0.560000 0.004286 0.005714
0 0.483929 0.546667 0.047857 0.022857
