6 0.600000 0.325238 0.021429 0.029524
4 0.578929 0.311905 0.015000 0.012381
4 0.604286 0.359048 0.015714 0.019048
4 0.550714 0.294286 0.011429 0.011429
4 0.525357 0.269048 0.010714 0.010476
4 0.440000 0.379048 0.011429 0.019048
4 0.434643 0.416667 0.012143 0.018095
4 0.431071 0.434286 0.013571 0.022857
4 0.335714 0.478571 0.038571 0.023810
4 0.331786 0.495238 0.040714 0.019048
6 0.412143 0.378571 0.017143 0.037143
6 0.407143 0.411429 0.015714 0.030476
4 0.177500 0.600952 0.037857 0.047619
10 0.525000 0.479048 0.004286 0.017143
10 0.517857 0.387619 0.002857 0.013333
1 0.504286 0.314286 0.001429 0.007619
1 0.499643 0.279524 0.002143 0.006667
2 0.525000 0.475714 0.005714 0.010476
2 0.518571 0.385238 0.004286 0.008571
0 0.508929 0.263333 0.003571 0.010476
0 0.510000 0.150476 0.024286 0.045714
6 0.543571 0.217143 0.011429 0.011429
6 0.504643 0.193810 0.006429 0.010476
6 0.589643 0.200476 0.009286 0.016190
4 0.596786 0.212381 0.006429 0.005714
6 0.628929 0.257143 0.007857 0.019048
6 0.616071 0.235714 0.010714 0.021905
6 0.648571 0.276667 0.010000 0.014286
0 0.743929 0.402381 0.012143 0.027619
0 0.705000 0.340000 0.014286 0.015238
