1 0.427857 0.733333 0.010000 0.036190
1 0.447143 0.730476 0.010000 0.032381
1 0.457500 0.600476 0.009286 0.025714
1 0.463571 0.596667 0.008571 0.027619
1 0.457500 0.568095 0.006429 0.027619
1 0.463571 0.569048 0.005714 0.027619
1 0.418571 0.504286 0.011429 0.031429
1 0.409286 0.500000 0.011429 0.028571
1 0.399643 0.497143 0.010714 0.026667
1 0.389286 0.507143 0.010000 0.031429
1 0.387857 0.492857 0.012857 0.023810
1 0.369286 0.429048 0.010000 0.025714
1 0.551071 0.479048 0.006429 0.024762
1 0.547500 0.475714 0.007857 0.025714
1 0.541429 0.470000 0.007143 0.029524
1 0.535357 0.468571 0.005000 0.028571
1 0.570000 0.465714 0.007143 0.024762
1 0.568929 0.450476 0.007857 0.022857
0 0.593571 0.434762 0.041429 0.040952
5 0.374643 0.325714 0.023571 0.040000
1 0.357143 0.286190 0.007143 0.020000
1 0.329286 0.239048 0.005714 0.017143
7 0.376429 0.245238 0.007143 0.014286
7 0.413571 0.240952 0.018571 0.020952
1 0.346429 0.191905 0.005714 0.014286
1 0.353214 0.189048 0.005000 0.016190
1 0.348214 0.177143 0.005000 0.015238
2 0.321786 0.158571 0.005000 0.008571
10 0.322143 0.163333 0.005714 0.008571
0 0.339286 0.150476 0.015714 0.034286
1 0.293571 0.219048 0.005714 0.017143
1 0.296071 0.217143 0.005000 0.013333
1 0.299643 0.218095 0.006429 0.017143
1 0.308571 0.218095 0.005714 0.017143
1 0.312143 0.217619 0.005714 0.016190
