4 0.420000 0.521905 0.011429 0.036190
4 0.474643 0.526190 0.012143 0.035238
4 0.504286 0.532857 0.011429 0.035238
4 0.533214 0.534286 0.012143 0.034286
4 0.562143 0.534762 0.011429 0.031429
4 0.575357 0.532857 0.012143 0.035238
5 0.614643 0.540952 0.016429 0.043810
4 0.453929 0.818571 0.013571 0.046667
4 0.472857 0.810952 0.014286 0.044762
4 0.490000 0.820476 0.012857 0.042857
4 0.512857 0.694286 0.037143 0.020952
4 0.797857 0.530476 0.028571 0.017143
10 0.694286 0.426190 0.005714 0.012381
10 0.691429 0.416190 0.005714 0.011429
0 0.641071 0.382381 0.045000 0.012381
10 0.679643 0.368095 0.007857 0.006667
10 0.683929 0.381905 0.005000 0.011429
10 0.686429 0.393810 0.007143 0.010476
10 0.688929 0.398095 0.006429 0.013333
10 0.569643 0.394286 0.005000 0.013333
10 0.566429 0.392381 0.004286 0.011429
10 0.563929 0.394286 0.005000 0.013333
3 0.551429 0.397143 0.004286 0.011429
3 0.540000 0.397619 0.002857 0.012381
3 0.535357 0.403810 0.005000 0.013333
1 0.414286 0.248571 0.004286 0.009524
1 0.413571 0.241905 0.004286 0.007619
1 0.418214 0.231905 0.005000 0.010476
1 0.422857 0.227619 0.004286 0.009524
1 0.421786 0.223333 0.003571 0.010476
1 0.421071 0.220000 0.003571 0.011429
1 0.308571 0.270952 0.004286 0.008571
1 0.310714 0.269048 0.004286 0.008571
1 0.298929 0.251429 0.005000 0.009524
1 0.296786 0.255714 0.003571 0.008571
1 0.290714 0.251429 0.004286 0.007619
1 0.288214 0.249048 0.003571 0.010476
0 0.305000 0.210952 0.012857 0.016190
1 0.680357 0.023810 0.005000 0.013333
1 0.699643 0.028095 0.003571 0.008571
1 0.703929 0.025714 0.003571 0.013333
1 0.706429 0.023333 0.004286 0.012381
