10 0.313214 0.922857 0.022143 0.019048
2 0.312143 0.921905 0.007143 0.015238
5 0.648571 0.299048 0.028571 0.022857
5 0.626429 0.073333 0.005714 0.007619
4 0.616429 0.074286 0.005714 0.007619
4 0.590714 0.073333 0.004286 0.009524
4 0.491429 0.071429 0.005714 0.007619
4 0.632500 0.075238 0.005000 0.005714
4 0.642857 0.074286 0.004286 0.007619
9 0.458571 0.225238 0.015714 0.050476
1 0.577500 0.282857 0.003571 0.013333
2 0.472500 0.177143 0.003571 0.005714
10 0.476429 0.081429 0.002857 0.004762
10 0.472500 0.179524 0.005000 0.010476
0 0.490000 0.048571 0.011429 0.030476
