5 0.188929 0.111041 0.010714 0.026650
6 0.317500 0.022843 0.009286 0.032995
6 0.293214 0.029188 0.013571 0.045685
9 0.335714 0.139594 0.015714 0.071066
9 0.318929 0.103426 0.015000 0.067259
5 0.306786 0.093274 0.010714 0.034264
5 0.309643 0.152919 0.012143 0.034264
9 0.330000 0.208122 0.020000 0.076142
4 0.306429 0.045685 0.007143 0.015228
4 0.330357 0.043147 0.009286 0.020305
4 0.309286 0.008883 0.007143 0.015228
4 0.383214 0.008249 0.009286 0.016497
9 0.293214 0.113579 0.013571 0.064721
5 0.297143 0.191624 0.011429 0.030457
5 0.312857 0.199239 0.010000 0.027919
4 0.317857 0.245558 0.010000 0.021574
4 0.376786 0.170051 0.009286 0.022843
4 0.324286 0.281726 0.010000 0.022843
5 0.357500 0.423223 0.015000 0.029188
9 0.310357 0.277284 0.020714 0.072335
9 0.326071 0.352157 0.029286 0.085025
5 0.338571 0.351523 0.012857 0.030457
5 0.332857 0.317893 0.011429 0.029188
5 0.341429 0.295051 0.011429 0.029188
1 0.233929 0.381345 0.005000 0.013959
1 0.215714 0.481599 0.004286 0.011421
1 0.213929 0.486041 0.005000 0.012690
1 0.317500 0.776015 0.006429 0.013959
4 0.386429 0.507614 0.015714 0.032995
4 0.370357 0.473985 0.013571 0.041878
5 0.346786 0.384518 0.012143 0.027919
10 0.422143 0.335660 0.004286 0.016497
2 0.422500 0.333122 0.003571 0.008883
1 0.485000 0.361041 0.001429 0.011421
1 0.510000 0.442893 0.004286 0.012690
1 0.513571 0.440990 0.004286 0.013959
9 0.480000 0.426396 0.032857 0.096447
4 0.502500 0.577411 0.019286 0.038071
4 0.485714 0.543147 0.015714 0.035533
4 0.466071 0.501269 0.017857 0.032995
5 0.521429 0.611675 0.022857 0.048223
4 0.543929 0.651650 0.020714 0.039340
4 0.549286 0.625635 0.021429 0.043147
4 0.566429 0.695431 0.022857 0.040609
5 0.608571 0.762056 0.028571 0.054569
6 0.653571 0.789340 0.052857 0.088832
4 0.682500 0.888959 0.029286 0.046954
6 0.734643 0.947970 0.072143 0.101523
6 0.867500 0.902919 0.057857 0.110406
