4 0.328500 0.925333 0.111000 0.149333
4 0.443000 0.420667 0.077000 0.204000
5 0.695500 0.081000 0.136000 0.108667
1 0.335000 0.534000 0.030000 0.061333
1 0.357500 0.524000 0.019000 0.044000
1 0.341750 0.460667 0.035500 0.068000
1 0.551250 0.428000 0.027500 0.069333
1 0.577750 0.735000 0.032500 0.047333
1 0.615250 0.711000 0.032500 0.040667
1 0.717500 0.804667 0.049000 0.041333
1 0.720000 0.865333 0.054000 0.034667
1 0.728750 0.740000 0.038500 0.040000
1 0.611000 0.126667 0.022000 0.066667
1 0.642000 0.119333 0.023000 0.060000
1 0.675000 0.122000 0.027000 0.057333
1 0.679500 0.342000 0.025000 0.058667
1 0.669500 0.285667 0.020000 0.054000
1 0.665500 0.252333 0.026000 0.048667
2 0.509000 0.330333 0.018000 0.040667
2 0.292000 0.358333 0.027000 0.046000
1 0.309500 0.186667 0.029000 0.069333
1 0.504250 0.056667 0.016500 0.070667
1 0.548000 0.075333 0.019000 0.066667
1 0.536500 0.022333 0.015000 0.044667
3 0.296500 0.367667 0.022000 0.079333
10 0.508000 0.336000 0.018000 0.073333
3 0.314750 0.121333 0.016500 0.064000
3 0.816750 0.158667 0.058500 0.036000
3 0.671000 0.172667 0.054000 0.033333
3 0.783000 0.136333 0.018000 0.047333
10 0.756000 0.138000 0.030000 0.028000
10 0.746000 0.156000 0.048000 0.025333
10 0.648000 0.213667 0.052000 0.046000
10 0.654750 0.270000 0.034500 0.069333
10 0.364250 0.110000 0.023500 0.069333
10 0.338250 0.104000 0.021500 0.070667
10 0.370000 0.029333 0.017000 0.058667
10 0.342500 0.038667 0.022000 0.057333
10 0.599500 0.034000 0.022000 0.061333
10 0.620000 0.030333 0.021000 0.059333
10 0.728750 0.018000 0.055500 0.032000
0 0.670500 0.022667 0.036000 0.044000
3 0.669500 0.170667 0.045000 0.034667
1 0.287250 0.176000 0.030500 0.060000
