4 0.745714 0.884762 0.157143 0.102857
4 0.711429 0.653810 0.070000 0.046667
4 0.287857 0.595714 0.048571 0.035238
4 0.050714 0.802857 0.098571 0.070476
4 0.081429 0.899048 0.161429 0.081905
4 0.065357 0.965238 0.126429 0.069524
4 0.329643 0.972381 0.179286 0.055238
4 0.280357 0.934762 0.200714 0.117143
4 0.133214 0.830476 0.152143 0.091429
4 0.287500 0.839048 0.127857 0.091429
4 0.336429 0.792381 0.140000 0.060952
5 0.220357 0.755238 0.132143 0.064762
5 0.345357 0.619524 0.039286 0.046667
4 0.311071 0.568571 0.020714 0.032381
2 0.542143 0.928095 0.022857 0.069524
3 0.540000 0.946190 0.028571 0.075238
1 0.347500 0.694286 0.016429 0.045714
1 0.478929 0.626190 0.010714 0.029524
1 0.463214 0.632381 0.010714 0.030476
1 0.321786 0.609048 0.010714 0.027619
1 0.329286 0.610476 0.008571 0.032381
1 0.068214 0.632381 0.020714 0.040000
2 0.172143 0.653333 0.011429 0.034286
2 0.177857 0.651905 0.012857 0.035238
10 0.176071 0.659524 0.037857 0.025714
3 0.409286 0.640000 0.022857 0.017143
2 0.408214 0.632381 0.010714 0.036190
1 0.465714 0.626667 0.005714 0.024762
1 0.465714 0.622857 0.008571 0.026667
1 0.464643 0.614762 0.010714 0.031429
1 0.233929 0.560952 0.007857 0.019048
4 0.098214 0.547143 0.033571 0.029524
1 0.073571 0.529524 0.007143 0.017143
1 0.081071 0.529048 0.006429 0.018095
0 0.105000 0.532381 0.035714 0.017143
4 0.017857 0.527143 0.035714 0.031429
2 0.957500 0.925714 0.025000 0.076190
3 0.953571 0.947143 0.071429 0.075238
3 0.723929 0.710952 0.020714 0.021905
3 0.854286 0.650000 0.022857 0.018095
2 0.723571 0.699048 0.012857 0.034286
2 0.853571 0.641905 0.011429 0.026667
2 0.787857 0.673810 0.014286 0.027619
10 0.790357 0.680952 0.029286 0.024762
1 0.989643 0.721429 0.010714 0.040952
2 0.976429 0.624762 0.011429 0.032381
10 0.978214 0.628571 0.023571 0.020952
1 0.996071 0.628571 0.007857 0.032381
9 0.723214 0.595714 0.103571 0.054286
6 0.874643 0.535238 0.055000 0.032381
1 0.537857 0.587143 0.007143 0.021905
1 0.671071 0.578571 0.007857 0.023810
1 0.781786 0.584286 0.006429 0.021905
2 0.911786 0.540000 0.006429 0.015238
6 0.967857 0.515238 0.034286 0.022857
4 0.763571 0.609048 0.047143 0.035238
4 0.799643 0.623333 0.049286 0.033333
4 0.791071 0.590952 0.033571 0.025714
4 0.810714 0.600476 0.041429 0.029524
4 0.842143 0.612381 0.045714 0.028571
4 0.848929 0.594286 0.039286 0.024762
4 0.884643 0.602381 0.042143 0.031429
4 0.916429 0.592381 0.038571 0.024762
4 0.952500 0.583333 0.035000 0.023810
4 0.976429 0.578571 0.025714 0.023810
4 0.991071 0.572381 0.017857 0.024762
4 0.883929 0.585238 0.040714 0.023810
4 0.913929 0.576667 0.030714 0.025714
4 0.945000 0.572381 0.034286 0.024762
4 0.973929 0.553810 0.026429 0.018095
4 0.879643 0.568571 0.036429 0.030476
4 0.911071 0.567143 0.025000 0.021905
4 0.930357 0.564286 0.022143 0.025714
4 0.952500 0.556667 0.025000 0.020000
5 0.835000 0.581429 0.044286 0.035238
1 0.985357 0.634762 0.007857 0.033333
