4 0.798278 0.820037 0.093424 0.089054
4 0.727557 0.729592 0.078288 0.078850
4 0.467902 0.916048 0.052714 0.158627
4 0.424322 0.843228 0.062630 0.146568
4 0.567850 0.310761 0.021921 0.053803
1 0.623434 0.596011 0.010960 0.039889
1 0.634395 0.602041 0.010960 0.040816
1 0.295146 0.226345 0.032881 0.040816
6 0.333507 0.227273 0.054280 0.053803
5 0.337944 0.274119 0.037056 0.039889
8 0.382046 0.243970 0.037578 0.040816
10 0.318372 0.587199 0.012526 0.046382
10 0.307150 0.582096 0.009916 0.047310
10 0.295929 0.582560 0.011482 0.042672
10 0.289144 0.583952 0.010438 0.038033
10 0.280010 0.580241 0.014092 0.038033
10 0.252610 0.586735 0.010438 0.043599
10 0.243998 0.586735 0.014092 0.045455
10 0.239301 0.573748 0.013048 0.036178
10 0.230428 0.583024 0.010960 0.039889
10 0.218163 0.591837 0.014614 0.038961
10 0.207463 0.572820 0.017223 0.038033
10 0.195198 0.566790 0.015658 0.033395
10 0.196242 0.587199 0.016701 0.044527
10 0.182933 0.588590 0.020355 0.045455
10 0.169624 0.602041 0.026096 0.042672
8 0.643267 0.583488 0.026618 0.059369
7 0.633612 0.439239 0.014614 0.038033
2 0.665710 0.418367 0.009916 0.024119
2 0.708507 0.340909 0.009916 0.028757
2 0.660491 0.353432 0.007829 0.025974
2 0.725470 0.373840 0.011482 0.018553
7 0.634134 0.306586 0.018789 0.041744
7 0.652662 0.385436 0.024530 0.026902
7 0.639353 0.399351 0.019833 0.054731
2 0.669885 0.378942 0.004697 0.012059
2 0.664927 0.377087 0.005219 0.013915
1 0.587161 0.242115 0.007307 0.025974
5 0.615084 0.015306 0.010960 0.028757
