1 0.148214 0.434645 0.003571 0.011421
1 0.161429 0.420685 0.002857 0.013959
1 0.204643 0.412437 0.003571 0.012690
1 0.363929 0.363579 0.003571 0.011421
1 0.399286 0.359137 0.002857 0.012690
4 0.375714 0.454315 0.017143 0.017766
4 0.260000 0.475888 0.021429 0.020305
4 0.046071 0.507614 0.025000 0.020305
4 0.073214 0.567893 0.026429 0.024112
4 0.176429 0.531091 0.025714 0.024112
6 0.016786 0.578046 0.033571 0.044416
4 0.007143 0.559645 0.014286 0.015228
6 0.123571 0.526015 0.037143 0.039340
2 0.070000 0.463832 0.004286 0.008883
3 0.069643 0.467005 0.007857 0.010152
9 0.258214 0.503807 0.032143 0.030457
4 0.321071 0.486675 0.017857 0.019036
9 0.400357 0.459391 0.030714 0.035533
5 0.447143 0.419416 0.020000 0.021574
5 0.481071 0.436548 0.022143 0.020305
4 0.527143 0.427665 0.020000 0.020305
4 0.535357 0.401650 0.019286 0.016497
5 0.586429 0.397208 0.025714 0.017766
6 0.602857 0.400381 0.045714 0.039340
4 0.641071 0.401650 0.019286 0.019036
5 0.657143 0.383883 0.020000 0.019036
9 0.685357 0.335025 0.030714 0.020305
4 0.715714 0.368655 0.018571 0.016497
1 0.577857 0.310279 0.002857 0.008883
1 0.617500 0.261421 0.003571 0.012690
1 0.488571 0.333756 0.002857 0.010152
1 0.523214 0.322970 0.003571 0.013959
2 0.452500 0.351523 0.002143 0.007614
3 0.451786 0.355330 0.006429 0.010152
0 0.608929 0.468909 0.009286 0.016497
3 0.680714 0.609137 0.008571 0.012690
3 0.676071 0.601523 0.009286 0.012690
5 0.757500 0.371193 0.022143 0.021574
5 0.850000 0.180838 0.011429 0.021574
4 0.850714 0.197970 0.011429 0.017766
5 0.861429 0.194162 0.010000 0.020305
6 0.876429 0.208122 0.020000 0.035533
4 0.862500 0.213198 0.010714 0.020305
4 0.871429 0.227157 0.011429 0.012690
9 0.883571 0.242386 0.018571 0.032995
5 0.866429 0.232868 0.011429 0.024112
4 0.880000 0.255076 0.011429 0.020305
4 0.890357 0.275381 0.010714 0.022843
4 0.897143 0.269670 0.010000 0.019036
5 0.730357 0.310279 0.016429 0.016497
6 0.745000 0.314721 0.031429 0.025381
4 0.745357 0.342640 0.016429 0.012690
4 0.761429 0.331218 0.015714 0.010152
4 0.768214 0.341371 0.019286 0.012690
5 0.757143 0.305838 0.015714 0.015228
4 0.761071 0.296954 0.017857 0.010152
4 0.784286 0.296320 0.015714 0.011421
4 0.781786 0.305838 0.015000 0.012690
5 0.776429 0.316624 0.017143 0.016497
6 0.786786 0.324873 0.026429 0.022843
6 0.797500 0.334391 0.023571 0.019036
9 0.795714 0.370558 0.051429 0.035533
4 0.811429 0.325508 0.015714 0.008883
4 0.823214 0.352157 0.015000 0.016497
4 0.824643 0.336929 0.015000 0.016497
4 0.803571 0.317893 0.015714 0.011421
4 0.798929 0.315990 0.012143 0.015228
4 0.805357 0.295685 0.015000 0.012690
4 0.814286 0.303934 0.014286 0.011421
5 0.823214 0.314721 0.017857 0.015228
5 0.831429 0.324239 0.015714 0.016497
1 0.815000 0.868655 0.005714 0.013959
1 0.782857 0.809010 0.004286 0.013959
1 0.778929 0.800127 0.003571 0.016497
1 0.774643 0.797589 0.003571 0.016497
1 0.782857 0.796954 0.004286 0.015228
2 0.901071 0.966371 0.005000 0.011421
3 0.898571 0.969543 0.008571 0.022843
4 0.952143 0.369924 0.018571 0.016497
4 0.918214 0.360406 0.016429 0.015228
4 0.988571 0.359137 0.021429 0.015228
6 0.895000 0.237944 0.024286 0.046954
6 0.986429 0.480330 0.027143 0.064721
4 0.967143 0.477792 0.018571 0.034264
