0 0.468214 0.335238 0.009286 0.011429
0 0.496429 0.316190 0.010000 0.013333
6 0.613571 0.408095 0.062857 0.020000
9 0.306429 0.468571 0.045714 0.024762
4 0.264286 0.418095 0.021429 0.017143
4 0.180357 0.436190 0.020714 0.019048
5 0.517857 0.231905 0.012857 0.027619
4 0.537143 0.230000 0.010000 0.029524
5 0.691429 0.210000 0.024286 0.018095
5 0.763571 0.188571 0.011429 0.036190
5 0.762143 0.113333 0.011429 0.032381
5 0.579286 0.302381 0.012857 0.035238
5 0.342500 0.272381 0.010714 0.032381
4 0.330714 0.250952 0.008571 0.023810
4 0.353929 0.223810 0.013571 0.030476
6 0.281071 0.750952 0.063571 0.033333
6 0.660714 0.704762 0.030000 0.022857
4 0.608571 0.729524 0.024286 0.013333
4 0.693571 0.694286 0.024286 0.015238
9 0.813929 0.454762 0.047857 0.027619
4 0.745357 0.435238 0.026429 0.015238
4 0.890714 0.440952 0.024286 0.015238
4 0.938214 0.439524 0.025000 0.012381
4 0.920714 0.416190 0.024286 0.013333
4 0.976786 0.410476 0.026429 0.013333
4 0.881786 0.414286 0.026429 0.015238
4 0.672857 0.167143 0.011429 0.031429
4 0.557500 0.370000 0.020714 0.025714
4 0.790714 0.269524 0.011429 0.030476
5 0.597857 0.339524 0.010000 0.031429
4 0.516786 0.373333 0.009286 0.022857
4 0.918929 0.260952 0.022143 0.013333
4 0.946429 0.252857 0.020000 0.016190
4 0.876071 0.261429 0.020714 0.031429
4 0.847500 0.260476 0.012143 0.031429
5 0.816071 0.220476 0.019286 0.014286
4 0.852857 0.192857 0.012857 0.029524
6 0.830714 0.319048 0.047143 0.024762
6 0.895714 0.260000 0.027143 0.038095
7 0.918571 0.249524 0.015714 0.011429
4 0.813571 0.265714 0.012857 0.028571
4 0.825000 0.299048 0.015714 0.028571
4 0.703929 0.328095 0.025000 0.016190
4 0.676429 0.330000 0.022857 0.016190
5 0.681071 0.344286 0.023571 0.012381
4 0.086429 0.246667 0.024286 0.011429
4 0.106786 0.270952 0.023571 0.012381
10 0.166071 0.496667 0.007857 0.004762
10 0.330714 0.435714 0.007143 0.004762
10 0.338571 0.437619 0.007143 0.004762
7 0.440000 0.415238 0.018571 0.009524
10 0.399643 0.350476 0.010714 0.005714
10 0.411429 0.367619 0.011429 0.011429
