6 0.315250 0.159000 0.011500 0.024667
4 0.317750 0.175667 0.010500 0.014000
6 0.367750 0.169667 0.011500 0.019333
6 0.368000 0.230000 0.019000 0.028000
6 0.316750 0.232667 0.023500 0.056000
6 0.314500 0.192667 0.018000 0.038667
6 0.328000 0.391667 0.043000 0.144667
4 0.319250 0.306000 0.018500 0.024000
8 0.354750 0.281000 0.013500 0.023333
4 0.379750 0.273333 0.016500 0.020000
5 0.407750 0.325000 0.023500 0.034000
4 0.431000 0.394333 0.028000 0.035333
4 0.372750 0.415000 0.029500 0.040667
0 0.319250 0.093333 0.029500 0.026667
0 0.391500 0.106000 0.025000 0.025333
1 0.400750 0.202667 0.003500 0.012000
1 0.403250 0.204000 0.004500 0.012000
2 0.288500 0.469000 0.010000 0.020667
3 0.289250 0.485000 0.009500 0.027333
4 0.390000 0.585667 0.037000 0.071333
4 0.313250 0.707333 0.051500 0.104000
6 0.522500 0.701000 0.120000 0.218000
6 0.558750 0.585667 0.127500 0.234000
4 0.896750 0.861333 0.131500 0.092000
4 0.839500 0.789333 0.124000 0.082667
4 0.956500 0.753000 0.087000 0.082000
4 0.986500 0.827667 0.027000 0.062000
1 0.951500 0.496333 0.018000 0.036667
10 0.890500 0.412667 0.013000 0.018667
10 0.900250 0.409667 0.014500 0.018000
10 0.874250 0.399333 0.013500 0.020000
10 0.861500 0.398000 0.010000 0.018667
10 0.853750 0.395333 0.011500 0.018667
10 0.829000 0.380667 0.015000 0.020000
10 0.840500 0.376333 0.013000 0.018000
4 0.795250 0.426333 0.040500 0.023333
4 0.771250 0.414333 0.048500 0.024667
1 0.788000 0.352667 0.006000 0.021333
4 0.731500 0.310000 0.030000 0.021333
4 0.708500 0.284667 0.033000 0.021333
10 0.733000 0.290000 0.012000 0.012000
10 0.672500 0.272333 0.011000 0.014000
5 0.652000 0.268000 0.019000 0.024000
4 0.630500 0.311000 0.036000 0.019333
5 0.625000 0.301667 0.037000 0.020667
4 0.614250 0.297333 0.030500 0.018667
4 0.605750 0.292333 0.027500 0.018000
5 0.585250 0.273000 0.029500 0.018000
4 0.576250 0.268333 0.027500 0.015333
4 0.569750 0.264000 0.028500 0.016000
4 0.566750 0.259333 0.028500 0.018667
4 0.580750 0.234667 0.017500 0.017333
5 0.553250 0.214000 0.017500 0.017333
4 0.515750 0.222000 0.026500 0.014667
5 0.555500 0.197333 0.018000 0.013333
5 0.535000 0.193667 0.014000 0.011333
4 0.536000 0.192333 0.022000 0.010000
7 0.490250 0.170333 0.007500 0.008667
4 0.470500 0.159667 0.014000 0.008667
4 0.469000 0.158000 0.015000 0.009333
4 0.456500 0.150667 0.008000 0.008000
1 0.448000 0.147000 0.002000 0.007333
