4 0.074643 0.038095 0.023571 0.017143
4 0.057500 0.064286 0.017857 0.014286
4 0.082143 0.064762 0.017143 0.017143
4 0.111071 0.065714 0.020714 0.017143
4 0.229286 0.148571 0.018571 0.015238
4 0.231429 0.162381 0.017143 0.012381
4 0.221429 0.175238 0.024286 0.013333
4 0.213214 0.188571 0.023571 0.015238
4 0.198929 0.217143 0.022143 0.013333
4 0.186786 0.234286 0.025000 0.013333
4 0.178214 0.246190 0.023571 0.012381
4 0.165357 0.260476 0.022143 0.016190
4 0.163571 0.274762 0.024286 0.020000
10 0.275714 0.611429 0.005714 0.011429
10 0.262143 0.624762 0.007143 0.011429
10 0.268571 0.619524 0.007143 0.010476
10 0.272143 0.614762 0.005714 0.010476
1 0.375000 0.574286 0.004286 0.007619
1 0.366429 0.299524 0.002857 0.008571
3 0.439286 0.283333 0.002857 0.010476
3 0.448571 0.284762 0.002857 0.009524
3 0.452143 0.282857 0.002857 0.009524
3 0.466429 0.280952 0.002857 0.009524
3 0.473929 0.286667 0.003571 0.009524
0 0.466429 0.255238 0.008571 0.009524
0 0.450714 0.253810 0.007143 0.008571
0 0.471071 0.266667 0.006429 0.007619
10 0.470357 0.275714 0.002143 0.010476
0 0.450714 0.268571 0.011429 0.013333
0 0.482857 0.267619 0.007143 0.011429
1 0.427143 0.728571 0.005714 0.005714
1 0.469643 0.867619 0.005000 0.005714
4 0.525357 0.044286 0.006429 0.020000
4 0.534643 0.044762 0.007857 0.020952
4 0.564286 0.047619 0.008571 0.022857
4 0.574286 0.049524 0.007143 0.019048
0 0.615000 0.046190 0.022857 0.016190
4 0.546071 0.046190 0.007857 0.021905
4 0.817857 0.927143 0.018571 0.046667
4 0.866429 0.895238 0.018571 0.038095
4 0.875000 0.953810 0.020000 0.050476
10 0.956071 0.892381 0.006429 0.017143
4 0.943214 0.852857 0.032143 0.020000
6 0.863929 0.843333 0.032143 0.058095
4 0.851071 0.790000 0.019286 0.040952
4 0.842857 0.742381 0.017143 0.039048
4 0.836786 0.698571 0.017857 0.037143
4 0.830000 0.652857 0.017143 0.035238
6 0.825714 0.609048 0.017143 0.033333
4 0.810714 0.534286 0.014286 0.034286
4 0.875357 0.531905 0.013571 0.033333
4 0.890000 0.532381 0.012857 0.030476
4 0.903214 0.530952 0.017857 0.027619
4 0.862857 0.498571 0.020000 0.016190
4 0.863571 0.475714 0.014286 0.031429
4 0.875714 0.475238 0.018571 0.032381
4 0.888571 0.478095 0.015714 0.030476
5 0.891429 0.365238 0.012857 0.021905
4 0.906071 0.308095 0.015000 0.029524
4 0.918571 0.307619 0.014286 0.026667
4 0.930000 0.310952 0.015714 0.029524
4 0.944286 0.311905 0.015714 0.029524
4 0.957143 0.311429 0.015714 0.026667
4 0.975714 0.356667 0.017143 0.025714
4 0.954286 0.761905 0.027143 0.026667
4 0.991071 0.886190 0.017857 0.044762
10 0.982500 0.890000 0.016429 0.029524
2 0.774286 0.318095 0.004286 0.005714
10 0.773929 0.319524 0.003571 0.008571
4 0.730714 0.072857 0.011429 0.021905
4 0.859643 0.100000 0.012143 0.022857
4 0.882143 0.096190 0.012857 0.022857
4 0.925000 0.100000 0.015714 0.024762
7 0.485714 0.282381 0.005714 0.014286
