9 0.754643 0.636421 0.172143 0.158629
9 0.858214 0.537437 0.059286 0.209391
9 0.755357 0.489213 0.079286 0.186548
9 0.807500 0.346447 0.130714 0.129442
4 0.833571 0.225254 0.041429 0.029188
4 0.687500 0.085025 0.017857 0.020305
4 0.701071 0.087563 0.012143 0.017766
4 0.708571 0.096447 0.015714 0.017766
4 0.716429 0.102792 0.014286 0.017766
4 0.724286 0.108503 0.012857 0.016497
4 0.732500 0.113579 0.015000 0.019036
4 0.737857 0.123096 0.014286 0.025381
9 0.555714 0.601523 0.198571 0.157360
9 0.422500 0.423223 0.119286 0.135787
9 0.383214 0.484137 0.119286 0.135787
9 0.515000 0.432741 0.124286 0.139594
9 0.307857 0.369924 0.110000 0.123096
9 0.203214 0.397208 0.117857 0.104061
9 0.340357 0.304569 0.055000 0.065990
9 0.386786 0.312817 0.037857 0.057107
