5 0.394250 0.610000 0.236500 0.362667
1 0.275500 0.677667 0.051000 0.052667
1 0.230000 0.497667 0.050000 0.082000
1 0.832000 0.726333 0.069000 0.078000
1 0.566000 0.261667 0.022000 0.090000
1 0.615500 0.278000 0.029000 0.098667
1 0.127750 0.456000 0.064500 0.076000
1 0.157000 0.231667 0.033000 0.070000
1 0.162250 0.205333 0.045500 0.082667
1 0.054750 0.102000 0.063500 0.100000
1 0.148500 0.086000 0.042000 0.089333
1 0.146250 0.059667 0.042500 0.075333
2 0.140750 0.037000 0.013500 0.024667
10 0.184000 0.027000 0.065000 0.054000
1 0.174500 0.029333 0.026000 0.058667
3 0.100500 0.023333 0.055000 0.046667
4 0.259750 0.126667 0.128500 0.166667
1 0.424750 0.033667 0.022500 0.067333
1 0.579000 0.155333 0.026000 0.080000
1 0.609750 0.188000 0.028500 0.081333
1 0.630500 0.215333 0.032000 0.073333
1 0.764000 0.459667 0.056000 0.066000
1 0.765000 0.435333 0.061000 0.078667
3 0.754750 0.484333 0.094500 0.050000
2 0.773750 0.747333 0.056500 0.069333
3 0.753750 0.751333 0.086500 0.130667
2 0.942250 0.643333 0.081500 0.066667
3 0.923000 0.644667 0.080000 0.089333
1 0.960750 0.847000 0.078500 0.046000
10 0.965250 0.785333 0.069500 0.092000
