6 0.490250 0.891000 0.302500 0.218000
5 0.515750 0.780000 0.160500 0.148000
5 0.408500 0.671333 0.167000 0.157333
6 0.357500 0.550667 0.220000 0.208000
5 0.350750 0.468667 0.106500 0.094667
4 0.370750 0.363000 0.123500 0.087333
6 0.305250 0.293667 0.163500 0.159333
4 0.302500 0.259000 0.111000 0.076667
4 0.304250 0.206000 0.120500 0.084000
4 0.322500 0.151000 0.115000 0.067333
5 0.229500 0.071333 0.078000 0.092000
3 0.533500 0.064667 0.045000 0.033333
3 0.636000 0.049000 0.024000 0.043333
5 0.593750 0.111333 0.084500 0.101333
6 0.627250 0.141667 0.093500 0.143333
3 0.774750 0.261333 0.034500 0.042667
5 0.691750 0.252333 0.105500 0.120667
4 0.733750 0.346667 0.098500 0.120000
4 0.902250 0.607333 0.098500 0.164000
5 0.966250 0.721333 0.067500 0.198667
