6 0.379643 0.810476 0.042143 0.121905
6 0.385714 0.486190 0.027143 0.052381
4 0.359286 0.641429 0.025714 0.056190
4 0.403571 0.359048 0.014286 0.026667
5 0.421071 0.251905 0.009286 0.018095
9 0.432857 0.273810 0.015714 0.044762
6 0.525000 0.080952 0.005714 0.009524
5 0.526429 0.090476 0.004286 0.005714
5 0.296071 0.092857 0.009286 0.006667
0 0.544643 0.060952 0.010714 0.011429
0 0.572857 0.063333 0.007143 0.012381
0 0.491071 0.037143 0.049286 0.064762
5 0.449643 0.077619 0.003571 0.004762
6 0.955000 0.177143 0.025714 0.034286
4 0.469643 0.711905 0.020714 0.025714
