4 0.545714 0.657143 0.151429 0.156190
4 0.396071 0.410952 0.137857 0.132381
4 0.837857 0.706667 0.175714 0.158095
6 0.733929 0.249048 0.116429 0.202857
9 0.046786 0.149524 0.093571 0.129524
4 0.043929 0.068095 0.087857 0.100000
4 0.265714 0.047143 0.084286 0.094286
4 0.315000 0.066667 0.090000 0.121905
4 0.359643 0.110476 0.085000 0.140952
5 0.918929 0.033333 0.066429 0.066667
4 0.050000 0.600476 0.100000 0.193333
10 0.572857 0.280952 0.034286 0.045714
10 0.751071 0.071905 0.009286 0.067619
10 0.718214 0.105238 0.026429 0.056190
7 0.696071 0.462857 0.083571 0.064762
2 0.679643 0.475714 0.029286 0.035238
1 0.657143 0.328095 0.017143 0.046667
1 0.680357 0.341429 0.012143 0.046667
1 0.721429 0.300000 0.034286 0.032381
1 0.613214 0.391905 0.017857 0.039048
1 0.621071 0.442381 0.022143 0.040952
1 0.736071 0.376190 0.023571 0.028571
1 0.727143 0.362857 0.018571 0.047619
1 0.737143 0.040952 0.020000 0.051429
2 0.558571 0.360000 0.020000 0.038095
3 0.731429 0.399048 0.040000 0.040000
3 0.615714 0.391429 0.040000 0.047619
3 0.558214 0.363333 0.025000 0.044762
2 0.395714 0.957619 0.020000 0.040952
2 0.417143 0.809524 0.017143 0.024762
1 0.508571 0.787143 0.014286 0.016190
1 0.500000 0.770952 0.012857 0.031429
1 0.478571 0.746190 0.031429 0.025714
1 0.436071 0.750000 0.019286 0.033333
7 0.438214 0.827619 0.083571 0.099048
7 0.272857 0.887143 0.064286 0.122857
