6 0.122500 0.879048 0.163571 0.102857
4 0.331429 0.829524 0.101429 0.070476
10 0.551071 0.722381 0.047857 0.031429
1 0.574286 0.810476 0.022857 0.043810
1 0.591786 0.706667 0.023571 0.049524
1 0.491071 0.648571 0.016429 0.051429
1 0.476071 0.657143 0.016429 0.028571
1 0.323214 0.516190 0.020714 0.030476
1 0.699286 0.651905 0.014286 0.031429
1 0.681786 0.655238 0.015000 0.026667
1 0.663571 0.669048 0.018571 0.029524
1 0.600714 0.584762 0.014286 0.043810
1 0.580714 0.511905 0.011429 0.037143
1 0.616429 0.429524 0.008571 0.024762
1 0.532500 0.345238 0.009286 0.018095
1 0.531071 0.370000 0.007857 0.027619
1 0.546071 0.367619 0.007857 0.026667
1 0.546429 0.355238 0.008571 0.022857
1 0.520357 0.340476 0.009286 0.021905
1 0.669643 0.273810 0.012143 0.029524
1 0.677857 0.290476 0.014286 0.028571
1 0.747857 0.282381 0.014286 0.021905
1 0.770357 0.228571 0.015000 0.034286
1 0.752857 0.209524 0.015714 0.026667
1 0.753571 0.199048 0.012857 0.024762
1 0.812500 0.216667 0.013571 0.029524
1 0.843929 0.190952 0.015000 0.025714
1 0.838929 0.177619 0.015000 0.027619
4 0.856071 0.097619 0.047857 0.060000
1 0.910714 0.063333 0.018571 0.031429
3 0.966786 0.045714 0.017857 0.024762
10 0.912857 0.106667 0.038571 0.034286
7 0.948571 0.081905 0.037143 0.030476
4 0.979286 0.177619 0.041429 0.052381
4 0.965714 0.194286 0.064286 0.060952
4 0.946786 0.212381 0.067857 0.068571
4 0.912857 0.216667 0.061429 0.063810
4 0.814643 0.268571 0.063571 0.076190
4 0.786071 0.282381 0.052143 0.065714
4 0.746786 0.315714 0.062143 0.071429
4 0.713929 0.331905 0.060714 0.073333
10 0.567143 0.308095 0.024286 0.031429
2 0.569643 0.303810 0.015000 0.024762
4 0.593214 0.264286 0.065000 0.073333
4 0.531786 0.246667 0.062143 0.064762
4 0.554643 0.214286 0.057857 0.072381
4 0.480000 0.304762 0.068571 0.070476
9 0.394286 0.334286 0.125714 0.165714
4 0.347143 0.319048 0.072857 0.066667
4 0.388929 0.250952 0.069286 0.067619
1 0.275357 0.483333 0.016429 0.025714
4 0.262500 0.582857 0.055000 0.106667
4 0.399286 0.492381 0.014286 0.032381
6 0.200714 0.480476 0.114286 0.079048
4 0.151786 0.392381 0.080714 0.070476
4 0.662143 0.540476 0.087143 0.060000
1 0.823571 0.798571 0.021429 0.025714
