4 0.417500 0.928934 0.107857 0.139594
10 0.295357 0.962563 0.046429 0.072335
2 0.290357 0.956218 0.029286 0.049492
4 0.324643 0.732234 0.099286 0.180203
5 0.233214 0.803299 0.107857 0.220812
4 0.143571 0.896574 0.101429 0.204315
1 0.246071 0.465102 0.017857 0.052030
1 0.468214 0.308376 0.009286 0.053299
1 0.512500 0.338198 0.012143 0.052030
1 0.735714 0.456853 0.017143 0.055838
1 0.500714 0.062817 0.010000 0.041878
1 0.593929 0.022843 0.010714 0.045685
1 0.590714 0.021574 0.008571 0.043147
1 0.894286 0.282995 0.017143 0.048223
4 0.087500 0.034264 0.039286 0.058376
5 0.132857 0.026015 0.040000 0.052030
4 0.177143 0.015863 0.038571 0.031726
