4 0.035714 0.289340 0.020000 0.020305
4 0.049643 0.299492 0.012143 0.022843
6 0.061429 0.319162 0.031429 0.046954
6 0.071071 0.366751 0.042143 0.063452
6 0.089643 0.355964 0.036429 0.057107
6 0.105000 0.343909 0.032857 0.043147
9 0.025357 0.143401 0.033571 0.040609
4 0.027143 0.176396 0.014286 0.022843
5 0.017500 0.239848 0.015000 0.017766
4 0.087500 0.289975 0.016429 0.016497
5 0.136786 0.330584 0.016429 0.019036
4 0.187143 0.366751 0.018571 0.022843
4 0.153571 0.366117 0.018571 0.024112
5 0.140357 0.383249 0.015000 0.030457
5 0.148214 0.392132 0.016429 0.032995
4 0.157143 0.401015 0.020000 0.030457
4 0.174643 0.416878 0.019286 0.034264
4 0.186071 0.423223 0.015000 0.024112
5 0.200357 0.446701 0.022143 0.032995
4 0.209643 0.454949 0.019286 0.031726
4 0.218214 0.464467 0.019286 0.032995
6 0.225000 0.583756 0.037143 0.063452
6 0.268571 0.657995 0.047143 0.087563
10 0.237500 0.496827 0.007857 0.016497
10 0.240357 0.509518 0.007857 0.013959
10 0.251071 0.516497 0.010714 0.010152
5 0.250714 0.529822 0.025714 0.021574
4 0.263929 0.548223 0.023571 0.020305
5 0.273929 0.567259 0.022143 0.020305
5 0.285357 0.583122 0.026429 0.024112
5 0.300357 0.602157 0.025000 0.024112
5 0.311429 0.620558 0.024286 0.022843
4 0.328571 0.743655 0.021429 0.040609
5 0.343929 0.723985 0.022143 0.041878
5 0.356429 0.710025 0.021429 0.041878
4 0.241429 0.407995 0.018571 0.021574
5 0.262143 0.368655 0.020000 0.024112
4 0.286786 0.440355 0.022143 0.022843
4 0.283929 0.476523 0.020714 0.026650
4 0.322857 0.465736 0.022857 0.025381
4 0.346071 0.371827 0.022143 0.020305
5 0.423929 0.397208 0.023571 0.022843
5 0.389286 0.409264 0.022857 0.026650
5 0.342143 0.501904 0.022857 0.029188
9 0.337143 0.543782 0.052857 0.082487
4 0.381071 0.565990 0.022143 0.025381
4 0.402500 0.628173 0.020714 0.030457
4 0.435000 0.672589 0.022857 0.032995
4 0.378571 0.501904 0.018571 0.024112
5 0.411429 0.482234 0.022857 0.025381
5 0.396071 0.538071 0.017857 0.022843
4 0.478571 0.608503 0.022857 0.029188
4 0.539286 0.470812 0.022857 0.022843
9 0.630357 0.437183 0.060714 0.052030
4 0.691071 0.524746 0.023571 0.024112
4 0.702500 0.621193 0.026429 0.034264
4 0.579286 0.739213 0.025714 0.034264
4 0.591071 0.800761 0.016429 0.027919
5 0.611786 0.625635 0.027857 0.035533
9 0.562857 0.880076 0.061429 0.115482
4 0.680714 0.977157 0.028571 0.043147
5 0.695357 0.782360 0.030714 0.041878
5 0.886071 0.982234 0.023571 0.032995
4 0.977500 0.979695 0.032143 0.038071
4 0.991429 0.954315 0.017143 0.038071
5 0.804286 0.601523 0.022857 0.032995
10 0.775000 0.692893 0.010000 0.017766
2 0.776071 0.692893 0.005000 0.012690
4 0.797857 0.765863 0.027143 0.039340
4 0.893929 0.779188 0.023571 0.032995
4 0.848929 0.825508 0.027857 0.041878
5 0.848571 0.727792 0.025714 0.036802
5 0.852143 0.780457 0.027143 0.038071
1 0.320357 0.128807 0.003571 0.011421
1 0.433929 0.107868 0.003571 0.012690
1 0.546071 0.200508 0.002143 0.012690
5 0.582143 0.262056 0.021429 0.019036
5 0.683929 0.271574 0.022143 0.022843
5 0.720357 0.270305 0.023571 0.020305
4 0.758214 0.273477 0.022143 0.019036
4 0.636786 0.267132 0.020714 0.019036
1 0.768214 0.097716 0.003571 0.012690
1 0.776786 0.132614 0.002143 0.008883
1 0.774286 0.109772 0.002857 0.008883
1 0.770357 0.111041 0.003571 0.011421
1 0.771429 0.097081 0.002857 0.011421
1 0.747143 0.024112 0.002857 0.010152
1 0.754643 0.036168 0.002143 0.011421
1 0.757500 0.039975 0.002143 0.008883
1 0.757143 0.050127 0.002857 0.011421
1 0.760357 0.038706 0.002143 0.008883
1 0.671786 0.036168 0.002143 0.008883
1 0.660357 0.069797 0.002143 0.010152
1 0.671786 0.057107 0.002143 0.012690
1 0.677857 0.051396 0.004286 0.011421
1 0.676429 0.079949 0.002857 0.012690
1 0.679286 0.067893 0.002857 0.008883
1 0.683571 0.050761 0.002857 0.012690
0 0.695357 0.057107 0.002143 0.015228
0 0.587143 0.017766 0.008571 0.012690
0 0.600000 0.018401 0.010000 0.013959
1 0.556071 0.097716 0.003571 0.010152
10 0.568214 0.093909 0.003571 0.015228
10 0.570357 0.116751 0.003571 0.017766
10 0.575714 0.159264 0.002857 0.011421
9 0.956071 0.294416 0.023571 0.055838
9 0.969643 0.288706 0.033571 0.082487
9 0.982143 0.281091 0.032857 0.082487
9 0.987500 0.266497 0.025000 0.081218
9 0.978214 0.180838 0.043571 0.046954
9 0.986786 0.210660 0.026429 0.040609
4 0.978214 0.140863 0.019286 0.020305
1 0.908929 0.167513 0.003571 0.010152
1 0.902857 0.175127 0.004286 0.007614
1 0.903571 0.170051 0.002857 0.010152
