4 0.017500 0.781091 0.035000 0.059645
1 0.017500 0.901015 0.013571 0.032995
4 0.079643 0.978426 0.073571 0.040609
4 0.211786 0.930838 0.065000 0.057107
9 0.309643 0.743020 0.050714 0.166244
4 0.473929 0.711294 0.019286 0.049492
1 0.329286 0.562817 0.004286 0.019036
1 0.336071 0.519670 0.005000 0.019036
1 0.337143 0.525381 0.004286 0.015228
1 0.340357 0.518401 0.003571 0.021574
1 0.338929 0.526015 0.003571 0.016497
4 0.378929 0.532360 0.015000 0.026650
4 0.435714 0.556472 0.014286 0.026650
9 0.410357 0.556472 0.019286 0.059645
1 0.361071 0.446701 0.005000 0.017766
5 0.337143 0.453046 0.020000 0.030457
4 0.343929 0.437817 0.017857 0.017766
5 0.377500 0.458122 0.012143 0.022843
5 0.440000 0.389594 0.011429 0.017766
4 0.391429 0.414340 0.010000 0.016497
1 0.362143 0.396574 0.002857 0.013959
1 0.355714 0.391497 0.002857 0.011421
4 0.391786 0.380076 0.009286 0.016497
1 0.392500 0.324239 0.002143 0.008883
1 0.391071 0.330584 0.002143 0.008883
9 0.405714 0.361675 0.014286 0.038071
5 0.431429 0.305203 0.007143 0.013959
4 0.420000 0.248731 0.004286 0.007614
4 0.420714 0.242386 0.004286 0.007614
9 0.422857 0.232868 0.005714 0.011421
4 0.442857 0.258883 0.005714 0.010152
10 0.467143 0.259518 0.002857 0.008883
2 0.467143 0.257614 0.002857 0.007614
1 0.482857 0.267766 0.001429 0.007614
5 0.470357 0.218274 0.003571 0.007614
4 0.443214 0.237944 0.005000 0.008883
6 0.457143 0.180203 0.004286 0.012690
6 0.454286 0.211929 0.005714 0.017766
4 0.430357 0.160533 0.003571 0.003807
9 0.432500 0.166878 0.003571 0.006345
4 0.432500 0.172589 0.003571 0.005076
4 0.438214 0.173858 0.003571 0.005076
4 0.441786 0.178934 0.003571 0.005076
4 0.438929 0.190990 0.003571 0.006345
4 0.437500 0.184010 0.003571 0.005076
5 0.444286 0.183376 0.002857 0.006345
5 0.443929 0.170051 0.003571 0.005076
4 0.447500 0.175127 0.003571 0.005076
4 0.453214 0.187183 0.003571 0.006345
4 0.452857 0.196701 0.004286 0.007614
9 0.518929 0.354695 0.019286 0.044416
