5 0.908500 0.892000 0.128000 0.198667
4 0.084500 0.803333 0.078000 0.157333
4 0.195500 0.518333 0.046000 0.082000
4 0.770250 0.564667 0.063500 0.101333
4 0.725250 0.469333 0.046500 0.074667
4 0.683000 0.366667 0.044000 0.072000
4 0.656500 0.301000 0.039000 0.058000
4 0.620500 0.211000 0.031000 0.039333
9 0.587250 0.084000 0.049500 0.093333
4 0.558500 0.030333 0.020000 0.022000
5 0.107500 0.623333 0.070000 0.144000
4 0.178750 0.384667 0.041500 0.072000
4 0.201250 0.289333 0.038500 0.068000
4 0.240500 0.150333 0.027000 0.040667
4 0.262500 0.096000 0.022000 0.034667
4 0.275750 0.067333 0.023500 0.040000
4 0.284750 0.042000 0.020500 0.022667
4 0.298000 0.010667 0.017000 0.021333
4 0.472750 0.073667 0.019500 0.028667
5 0.547000 0.011000 0.021000 0.022000
2 0.565750 0.143333 0.006500 0.022667
2 0.572750 0.144667 0.005500 0.021333
3 0.573250 0.153667 0.004500 0.012667
3 0.566000 0.151333 0.004000 0.012000
0 0.510000 0.011000 0.014000 0.022000
1 0.174250 0.320667 0.009500 0.036000
0 0.153000 0.480333 0.055000 0.120667
0 0.254250 0.509333 0.024500 0.057333
