1 0.060357 0.845812 0.023571 0.031726
1 0.159643 0.722716 0.020714 0.029188
1 0.200714 0.748096 0.024286 0.026650
1 0.278929 0.608503 0.010714 0.021574
1 0.730714 0.592640 0.018571 0.035533
1 0.661429 0.526015 0.014286 0.029188
1 0.635000 0.475888 0.008571 0.030457
1 0.629286 0.467640 0.012857 0.034264
3 0.712500 0.472716 0.033571 0.029188
1 0.352143 0.234772 0.011429 0.038071
1 0.341071 0.222716 0.012143 0.041878
1 0.187857 0.233503 0.018571 0.038071
1 0.154643 0.253807 0.015000 0.032995
4 0.441429 0.477792 0.040000 0.133249
