4 0.333571 0.660000 0.050000 0.112381
4 0.482143 0.799048 0.045714 0.146667
4 0.428214 0.811429 0.042143 0.144762
4 0.484286 0.611429 0.034286 0.102857
4 0.667857 0.833810 0.054286 0.143810
4 0.595000 0.660952 0.041429 0.106667
4 0.651429 0.648095 0.042857 0.103810
4 0.603929 0.836190 0.047857 0.135238
4 0.754286 0.475238 0.041429 0.083810
4 0.886786 0.750476 0.077857 0.123810
4 0.915000 0.508571 0.054286 0.087619
4 0.620714 0.120000 0.060000 0.043810
4 0.533214 0.154286 0.060714 0.040000
4 0.378214 0.158095 0.062143 0.040000
4 0.540357 0.084286 0.055000 0.035238
4 0.432857 0.040000 0.060000 0.032381
4 0.631786 0.050952 0.060714 0.035238
4 0.711071 0.159048 0.059286 0.032381
5 0.156429 0.116190 0.061429 0.038095
5 0.372500 0.109524 0.057857 0.041905
5 0.536786 0.610476 0.035000 0.095238
4 0.424643 0.630000 0.036429 0.111429
4 0.944286 0.651905 0.085714 0.124762
5 0.869286 0.084286 0.057143 0.042857
5 0.277143 0.020952 0.058571 0.041905
4 0.016071 0.113810 0.032143 0.033333
4 0.011071 0.193333 0.022143 0.036190
4 0.982500 0.513333 0.035000 0.102857
4 0.191429 0.971905 0.041429 0.050476
9 0.461786 0.401905 0.202143 0.131429
1 0.805000 0.607619 0.014286 0.024762
1 0.862143 0.633810 0.015714 0.025714
1 0.806071 0.507143 0.016429 0.027619
1 0.649286 0.464762 0.015714 0.026667
1 0.819643 0.469524 0.010714 0.017143
1 0.800000 0.486190 0.012857 0.027619
1 0.709286 0.368095 0.012857 0.027619
1 0.658929 0.357143 0.010714 0.024762
1 0.595000 0.308571 0.010000 0.024762
1 0.581071 0.269048 0.009286 0.027619
1 0.634286 0.282381 0.011429 0.025714
1 0.301786 0.322857 0.012143 0.028571
1 0.212857 0.374286 0.018571 0.026667
1 0.121786 0.286190 0.015000 0.025714
1 0.199643 0.420476 0.015000 0.031429
1 0.404643 0.277619 0.010714 0.029524
1 0.444643 0.251905 0.010714 0.027619
1 0.476429 0.264762 0.010000 0.028571
1 0.486429 0.297143 0.011429 0.030476
1 0.785714 0.246190 0.010000 0.033333
1 0.920357 0.275714 0.015000 0.023810
1 0.835000 0.330952 0.014286 0.035238
1 0.836071 0.736190 0.019286 0.024762
1 0.083571 0.290952 0.018571 0.031429
1 0.105714 0.257619 0.018571 0.029524
1 0.082857 0.266190 0.020000 0.023810
1 0.250000 0.275714 0.017143 0.027619
1 0.257143 0.270952 0.011429 0.016190
1 0.232500 0.296667 0.015000 0.025714
1 0.214286 0.289048 0.014286 0.027619
1 0.214286 0.279048 0.010000 0.017143
1 0.223214 0.274286 0.016429 0.024762
1 0.108214 0.358095 0.019286 0.032381
1 0.118571 0.336190 0.014286 0.026667
1 0.267857 0.350476 0.015714 0.026667
1 0.275357 0.370952 0.012143 0.027619
8 0.137143 0.338571 0.035714 0.065714
2 0.083929 0.233810 0.016429 0.023810
2 0.162857 0.244286 0.014286 0.027619
2 0.352857 0.305238 0.008571 0.016190
2 0.346786 0.306667 0.009286 0.019048
10 0.357500 0.310476 0.026429 0.020952
10 0.165714 0.249524 0.024286 0.022857
10 0.085357 0.236667 0.027857 0.016190
1 0.865000 0.300952 0.010000 0.024762
1 0.852857 0.340952 0.014286 0.022857
1 0.844643 0.341429 0.009286 0.018095
1 0.816071 0.266667 0.012143 0.028571
1 0.868571 0.280952 0.011429 0.028571
2 0.864286 0.224286 0.008571 0.020000
2 0.820357 0.172857 0.009286 0.016190
3 0.861786 0.228571 0.025000 0.013333
3 0.862143 0.283810 0.022857 0.015238
10 0.817500 0.184286 0.022143 0.012381
1 0.870714 0.809048 0.011429 0.023810
1 0.876071 0.792857 0.010714 0.025714
2 0.745357 0.603333 0.010714 0.018095
10 0.743571 0.608571 0.014286 0.040000
10 0.101786 0.689048 0.013571 0.037143
10 0.112500 0.622857 0.017857 0.043810
10 0.030714 0.578095 0.032857 0.041905
