1 0.068571 0.487143 0.005714 0.010476
1 0.127857 0.509048 0.005714 0.010476
1 0.070714 0.597143 0.007143 0.011429
1 0.107500 0.502381 0.007857 0.010476
1 0.116071 0.489048 0.007857 0.010476
1 0.083929 0.493333 0.006429 0.011429
1 0.095000 0.500476 0.005714 0.008571
1 0.103929 0.505714 0.006429 0.011429
1 0.098929 0.483333 0.007857 0.012381
1 0.188571 0.487619 0.005714 0.013333
0 0.157143 0.514286 0.014286 0.013333
0 0.482857 0.770000 0.021429 0.025714
4 0.611786 0.990000 0.049286 0.020000
4 0.586071 0.814762 0.017857 0.044762
4 0.557857 0.851429 0.032857 0.019048
4 0.551786 0.823333 0.036429 0.018095
4 0.634643 0.724286 0.032143 0.033333
1 0.644286 0.561429 0.002857 0.012381
1 0.608929 0.630952 0.006429 0.010476
1 0.538571 0.523333 0.004286 0.012381
1 0.595000 0.551905 0.004286 0.014286
1 0.579286 0.547143 0.004286 0.012381
1 0.560000 0.503333 0.004286 0.010476
1 0.495357 0.464286 0.003571 0.008571
1 0.403929 0.367143 0.003571 0.010476
1 0.398929 0.360000 0.005000 0.011429
1 0.392500 0.358095 0.005000 0.011429
4 0.599643 0.952381 0.040714 0.024762
4 0.589286 0.920476 0.031429 0.021905
0 0.381071 0.343810 0.020714 0.019048
