5 0.091786 0.028571 0.037857 0.057143
4 0.087143 0.089524 0.042857 0.064762
4 0.076071 0.150476 0.047857 0.072381
5 0.062143 0.214286 0.051429 0.091429
4 0.047500 0.314286 0.056429 0.102857
4 0.113214 0.344762 0.057857 0.112381
4 0.221786 0.264286 0.046429 0.101905
1 0.262857 0.267143 0.020000 0.056190
1 0.255714 0.126190 0.018571 0.039048
1 0.265714 0.115714 0.017143 0.040952
4 0.030000 0.449048 0.060000 0.128571
9 0.314286 0.019048 0.045714 0.038095
4 0.353929 0.197619 0.043571 0.079048
5 0.409643 0.051429 0.046429 0.066667
4 0.435714 0.108571 0.041429 0.059048
4 0.472857 0.098571 0.038571 0.056190
4 0.535357 0.030000 0.067857 0.039048
4 0.563571 0.060000 0.065714 0.051429
4 0.534643 0.328095 0.065000 0.096190
4 0.482500 0.442857 0.056429 0.116190
4 0.622500 0.396190 0.067857 0.100952
4 0.658929 0.330952 0.072143 0.109524
5 0.560714 0.420000 0.065714 0.100952
5 0.582500 0.306190 0.059286 0.107619
10 0.626071 0.137143 0.040714 0.045714
4 0.652500 0.178095 0.076429 0.059048
4 0.678571 0.216667 0.078571 0.056190
4 0.845714 0.511905 0.114286 0.149524
4 0.707143 0.765238 0.120000 0.195238
4 0.577143 0.666190 0.081429 0.159048
6 0.632500 0.571429 0.109286 0.180952
1 0.571786 0.796667 0.023571 0.054286
4 0.023214 0.585714 0.046429 0.123810
4 0.015357 0.741905 0.030714 0.194286
4 0.012857 0.932381 0.025714 0.131429
5 0.820357 0.773810 0.159286 0.227619
10 0.879286 0.694286 0.042857 0.068571
1 0.879643 0.670476 0.026429 0.036190
4 0.687857 0.941905 0.105714 0.116190
4 0.798571 0.970476 0.098571 0.057143
