1 0.531071 0.409048 0.003571 0.014286
1 0.588571 0.394762 0.004286 0.012381
1 0.555357 0.399048 0.003571 0.013333
1 0.553929 0.400476 0.003571 0.012381
1 0.564643 0.404762 0.006429 0.013333
1 0.578571 0.418095 0.007143 0.015238
1 0.572143 0.440000 0.005714 0.019048
1 0.591786 0.405238 0.005000 0.016190
1 0.586071 0.406190 0.003571 0.014286
1 0.576786 0.405238 0.006429 0.010476
1 0.582143 0.402381 0.004286 0.012381
1 0.579643 0.390000 0.003571 0.014286
1 0.564643 0.382857 0.005000 0.013333
1 0.560357 0.390000 0.006429 0.014286
1 0.521429 0.381429 0.002857 0.014286
1 0.501429 0.380476 0.007143 0.016190
1 0.492143 0.398571 0.007143 0.012381
1 0.530714 0.417143 0.002857 0.013333
1 0.443571 0.363810 0.002857 0.013333
2 0.456786 0.354762 0.005000 0.004762
1 0.043929 0.904286 0.020714 0.023810
1 0.112143 0.575238 0.010000 0.011429
1 0.112857 0.569524 0.008571 0.022857
0 0.611429 0.233810 0.047143 0.020000
1 0.823571 0.762857 0.014286 0.024762
1 0.760357 0.713333 0.017857 0.020952
0 0.688571 0.306667 0.008571 0.013333
