5 0.453929 0.919416 0.020714 0.069797
5 0.559643 0.614213 0.016429 0.043147
5 0.446071 0.518401 0.016429 0.039340
4 0.546071 0.395939 0.010714 0.025381
5 0.510357 0.470812 0.012143 0.040609
5 0.486429 0.350888 0.011429 0.019036
4 0.544286 0.332487 0.011429 0.025381
5 0.462143 0.313452 0.011429 0.022843
4 0.512143 0.291244 0.008571 0.019036
4 0.477857 0.282360 0.008571 0.016497
4 0.540714 0.283629 0.008571 0.021574
4 0.491429 0.246193 0.010000 0.015228
4 0.527143 0.251904 0.008571 0.019036
4 0.539643 0.227157 0.007857 0.015228
4 0.526071 0.212563 0.007857 0.019036
4 0.538929 0.198604 0.009286 0.013959
4 0.526429 0.187817 0.007143 0.015228
0 0.513571 0.083122 0.060000 0.166244
6 0.118929 0.329315 0.030714 0.044416
1 0.596071 0.541244 0.006429 0.021574
1 0.600000 0.571066 0.004286 0.020305
1 0.629286 0.575508 0.005714 0.019036
