1 0.335000 0.810476 0.021429 0.089524
1 0.395714 0.822381 0.028571 0.103810
1 0.411071 0.771429 0.025000 0.081905
1 0.292143 0.719524 0.021429 0.088571
1 0.328929 0.704762 0.027857 0.080000
1 0.039643 0.641429 0.040714 0.071429
3 0.268571 0.576667 0.044286 0.040952
3 0.196786 0.601429 0.045000 0.067619
3 0.243214 0.532857 0.043571 0.035238
10 0.556786 0.439048 0.017857 0.040000
3 0.495714 0.428571 0.022857 0.043810
1 0.549286 0.378571 0.010000 0.029524
1 0.564286 0.380000 0.010000 0.034286
1 0.589643 0.376667 0.010714 0.035238
10 0.817857 0.375714 0.024286 0.018095
9 0.720000 0.368571 0.187143 0.078095
10 0.885000 0.340476 0.012857 0.027619
4 0.591786 0.293333 0.036429 0.022857
4 0.381071 0.375238 0.066429 0.038095
4 0.137500 0.340000 0.073571 0.032381
4 0.066429 0.276667 0.050000 0.031429
4 0.109643 0.274286 0.045000 0.026667
4 0.192143 0.277619 0.040000 0.021905
4 0.134286 0.271905 0.031429 0.020000
4 0.156429 0.268571 0.021429 0.017143
5 0.194286 0.253333 0.055714 0.034286
4 0.229643 0.249048 0.027857 0.020000
0 0.377500 0.214286 0.032143 0.020952
0 0.404286 0.220476 0.025714 0.021905
0 0.428929 0.222381 0.023571 0.018095
0 0.460000 0.228095 0.028571 0.020000
0 0.492857 0.242381 0.024286 0.020000
4 0.540000 0.250000 0.027143 0.021905
1 0.558214 0.260476 0.007857 0.023810
10 0.566786 0.274762 0.009286 0.016190
1 0.400357 0.283810 0.009286 0.024762
1 0.423214 0.284762 0.007857 0.022857
1 0.410000 0.330476 0.005714 0.026667
1 0.420714 0.330476 0.007143 0.030476
1 0.465714 0.322857 0.007143 0.028571
4 0.714286 0.267619 0.012857 0.017143
5 0.773571 0.240476 0.030000 0.016190
1 0.795714 0.241429 0.004286 0.010476
2 0.557143 0.439048 0.015714 0.041905
2 0.495357 0.426190 0.015000 0.037143
2 0.886429 0.339524 0.011429 0.025714
2 0.814286 0.367143 0.011429 0.031429
2 0.822857 0.364762 0.008571 0.026667
2 0.567500 0.272857 0.006429 0.014286
