1 0.166786 0.839467 0.006429 0.021574
10 0.239643 0.696066 0.012143 0.013959
4 0.340357 0.800761 0.025000 0.050761
4 0.896786 0.930203 0.026429 0.065990
4 0.927857 0.778553 0.025714 0.059645
4 0.930714 0.626904 0.021429 0.043147
4 0.892143 0.612310 0.020000 0.041878
4 0.940000 0.438452 0.014286 0.029188
9 0.920714 0.395939 0.025714 0.063452
4 0.974286 0.220178 0.015714 0.019036
5 0.933571 0.230964 0.015714 0.022843
4 0.828571 0.263959 0.027143 0.022843
10 0.925714 0.203680 0.005714 0.008883
2 0.926429 0.201142 0.004286 0.008883
2 0.897143 0.210025 0.004286 0.008883
10 0.896071 0.211929 0.005000 0.007614
9 0.926071 0.106599 0.037857 0.035533
0 0.863214 0.126904 0.007857 0.012690
0 0.851786 0.129442 0.012143 0.015228
0 0.852143 0.130076 0.005714 0.008883
0 0.833929 0.134518 0.005000 0.010152
0 0.825000 0.137056 0.008571 0.010152
0 0.817500 0.138959 0.003571 0.006345
0 0.812500 0.137056 0.003571 0.010152
4 0.893929 0.380711 0.013571 0.035533
4 0.871071 0.368020 0.017857 0.035533
4 0.704643 0.318528 0.019286 0.022843
5 0.815714 0.433376 0.018571 0.039340
4 0.771786 0.664340 0.016429 0.044416
4 0.727500 0.713198 0.017857 0.045685
5 0.716071 0.564721 0.017857 0.040609
5 0.565357 0.713832 0.016429 0.046954
6 0.607857 0.604695 0.021429 0.062183
9 0.659643 0.295685 0.040714 0.076142
4 0.537500 0.225888 0.009286 0.020305
4 0.491071 0.345178 0.015000 0.020305
9 0.513571 0.137690 0.041429 0.039340
4 0.445000 0.123096 0.015714 0.015228
4 0.394286 0.104695 0.014286 0.013959
5 0.763214 0.969543 0.022143 0.058376
10 0.669643 0.884518 0.009286 0.030457
2 0.671071 0.879442 0.007857 0.022843
9 0.629643 0.917513 0.027857 0.096447
9 0.366786 0.679569 0.040714 0.120558
9 0.340714 0.188452 0.017143 0.029188
9 0.348214 0.213832 0.019286 0.044416
9 0.355357 0.249365 0.022143 0.052030
9 0.371429 0.250635 0.024286 0.044416
9 0.372500 0.174492 0.046429 0.029188
9 0.377143 0.183376 0.038571 0.026650
9 0.375000 0.192259 0.045714 0.029188
9 0.383929 0.199873 0.045000 0.029188
9 0.393214 0.207487 0.049286 0.031726
9 0.407500 0.231599 0.046429 0.034264
9 0.416429 0.239213 0.047143 0.031726
9 0.422500 0.249365 0.047857 0.031726
9 0.474286 0.300761 0.041429 0.058376
9 0.423571 0.259518 0.034286 0.026650
1 0.348214 0.326777 0.002143 0.011421
1 0.351429 0.326142 0.002857 0.015228
1 0.368929 0.333122 0.003571 0.013959
0 0.391429 0.366117 0.005714 0.013959
0 0.372857 0.370558 0.012857 0.012690
0 0.431429 0.354061 0.002857 0.012690
1 0.347500 0.553934 0.005000 0.021574
1 0.351786 0.550127 0.003571 0.016497
1 0.332857 0.707487 0.004286 0.021574
4 0.385357 0.607234 0.016429 0.034264
4 0.388214 0.553299 0.015000 0.032995
4 0.391071 0.440355 0.012143 0.027919
4 0.397500 0.470812 0.012143 0.030457
5 0.394286 0.505076 0.012857 0.032995
5 0.233571 0.267132 0.015714 0.011421
5 0.200714 0.314086 0.011429 0.021574
4 0.196786 0.333122 0.010714 0.019036
5 0.225714 0.330584 0.010000 0.026650
