4 0.664643 0.799048 0.050714 0.131429
4 0.602500 0.806667 0.046429 0.127619
4 0.537500 0.810000 0.046429 0.130476
4 0.471071 0.806190 0.046429 0.132381
4 0.731071 0.844286 0.047857 0.140000
4 0.587857 0.636190 0.044286 0.131429
4 0.512143 0.477619 0.042857 0.132381
4 0.575714 0.473810 0.047143 0.138095
4 0.639286 0.471429 0.047143 0.146667
4 0.717500 0.532381 0.047857 0.148571
4 0.543214 0.092857 0.053571 0.136190
4 0.556429 0.263810 0.045714 0.137143
4 0.620714 0.249524 0.050000 0.142857
3 0.357500 0.800000 0.017857 0.053333
2 0.351429 0.810000 0.017143 0.023810
