0 0.599643 0.382857 0.019286 0.017143
0 0.621071 0.400952 0.005000 0.005714
6 0.390000 0.523810 0.065714 0.040000
6 0.343571 0.497143 0.054286 0.032381
6 0.381429 0.513333 0.064286 0.034286
6 0.300000 0.516190 0.091429 0.045714
6 0.317143 0.543810 0.051429 0.034286
6 0.675714 0.608095 0.048571 0.073333
6 0.604286 0.460476 0.065714 0.037143
6 0.717857 0.716190 0.060000 0.104762
6 0.911071 0.958095 0.106429 0.083810
6 0.895714 0.789048 0.047143 0.052381
4 0.763214 0.759048 0.030714 0.041905
4 0.841071 0.887143 0.043571 0.054286
4 0.800000 0.817619 0.037143 0.046667
4 0.713571 0.671905 0.024286 0.029524
4 0.740714 0.711905 0.022857 0.033333
4 0.436429 0.584762 0.025714 0.020952
1 0.509643 0.652857 0.003571 0.014286
1 0.534643 0.667143 0.005000 0.014286
2 0.498214 0.468571 0.003571 0.007619
0 0.633214 0.506190 0.006429 0.014286
0 0.674643 0.494762 0.009286 0.016190
0 0.663214 0.482381 0.012143 0.016190
1 0.645357 0.487619 0.002143 0.009524
1 0.620714 0.439524 0.002857 0.008571
1 0.638214 0.422857 0.002143 0.007619
10 0.498571 0.470476 0.008571 0.007619
4 0.399286 0.498095 0.022857 0.017143
4 0.288929 0.541905 0.020714 0.015238
5 0.541071 0.373333 0.005000 0.009524
5 0.587143 0.373333 0.010000 0.007619
9 0.470357 0.307143 0.010714 0.012381
0 0.573571 0.250476 0.022857 0.017143
6 0.521786 0.320952 0.006429 0.013333
4 0.560714 0.323810 0.011429 0.007619
6 0.440000 0.351905 0.010000 0.018095
0 0.436786 0.290476 0.010714 0.015238
0 0.492500 0.269048 0.009286 0.014286
4 0.688571 0.406190 0.011429 0.012381
4 0.695000 0.406667 0.010000 0.009524
4 0.704643 0.406190 0.009286 0.008571
4 0.712143 0.404286 0.011429 0.010476
4 0.755000 0.427143 0.015714 0.008571
4 0.726429 0.431905 0.017143 0.008571
4 0.681786 0.416667 0.006429 0.010476
4 0.692500 0.417619 0.006429 0.012381
4 0.702500 0.420476 0.007857 0.010476
4 0.726786 0.420476 0.009286 0.008571
6 0.738929 0.419048 0.006429 0.013333
6 0.719643 0.441905 0.016429 0.011429
9 0.777143 0.433333 0.031429 0.020952
5 0.725714 0.400476 0.011429 0.012381
5 0.722143 0.403333 0.010000 0.010476
5 0.751429 0.434286 0.012857 0.009524
4 0.686786 0.452381 0.016429 0.011429
4 0.799286 0.428095 0.012857 0.010476
4 0.790714 0.423333 0.014286 0.010476
4 0.672143 0.417619 0.008571 0.010476
4 0.661786 0.416667 0.007857 0.008571
7 0.780714 0.442381 0.011429 0.008571
2 0.778214 0.442857 0.005000 0.009524
0 0.701071 0.433333 0.005000 0.007619
4 0.616429 0.408571 0.010000 0.009524
4 0.602143 0.399048 0.012857 0.009524
4 0.575714 0.392857 0.012857 0.006667
0 0.569643 0.381905 0.020714 0.015238
4 0.612500 0.394286 0.013571 0.007619
6 0.570357 0.371429 0.015000 0.007619
6 0.032500 0.396667 0.015000 0.016190
6 0.058929 0.400952 0.009286 0.017143
6 0.253929 0.319048 0.015000 0.017143
6 0.265357 0.316667 0.022143 0.014286
6 0.287857 0.320952 0.024286 0.007619
6 0.207143 0.329524 0.022857 0.009524
6 0.347500 0.313810 0.026429 0.010476
6 0.346786 0.319048 0.023571 0.011429
4 0.737857 0.404762 0.011429 0.009524
5 0.803571 0.642381 0.018571 0.023810
10 0.971429 0.882857 0.018571 0.026667
10 0.959286 0.925714 0.011429 0.017143
10 0.950357 0.910476 0.019286 0.013333
10 0.879286 0.854762 0.008571 0.020000
10 0.845357 0.715238 0.007857 0.013333
2 0.845357 0.711905 0.003571 0.006667
6 0.005714 0.353810 0.011429 0.014286
