4 0.598382 0.638219 0.025574 0.085343
4 0.298800 0.667904 0.045407 0.077922
4 0.460334 0.913729 0.042797 0.096475
4 0.350731 0.885900 0.061587 0.055659
4 0.340814 0.960111 0.066806 0.059369
5 0.564196 0.416512 0.031315 0.050093
4 0.603862 0.346011 0.045929 0.042672
4 0.629175 0.319109 0.034969 0.035250
4 0.655010 0.290816 0.032359 0.034323
4 0.681628 0.266234 0.029228 0.029685
4 0.705637 0.241651 0.037578 0.039889
4 0.405271 0.161874 0.024530 0.051020
4 0.408142 0.100649 0.026096 0.047310
4 0.271399 0.107143 0.034447 0.032468
4 0.211378 0.287106 0.022965 0.047310
4 0.159186 0.312152 0.024008 0.052876
4 0.112474 0.333952 0.024530 0.051948
4 0.031315 0.377551 0.026096 0.057514
4 0.177192 0.159091 0.034969 0.034323
4 0.193633 0.142393 0.033403 0.034323
4 0.086900 0.132189 0.036013 0.032468
4 0.043841 0.177644 0.037578 0.036178
4 0.061065 0.161410 0.032359 0.038961
4 0.147704 0.823748 0.036534 0.094620
