1 0.512500 0.446190 0.010714 0.014286
1 0.510357 0.459524 0.006429 0.016190
1 0.503214 0.448095 0.006429 0.021905
1 0.507143 0.470000 0.007143 0.016190
1 0.493929 0.455238 0.006429 0.020952
1 0.487500 0.520476 0.006429 0.016190
1 0.460000 0.477619 0.007143 0.018095
1 0.463571 0.432857 0.008571 0.018095
1 0.455000 0.512857 0.007143 0.018095
1 0.434286 0.495238 0.008571 0.020952
1 0.426786 0.441429 0.007857 0.021905
1 0.378214 0.634762 0.017857 0.016190
1 0.445714 0.747143 0.010000 0.018095
1 0.429286 0.894762 0.010000 0.018095
1 0.349643 0.810476 0.012143 0.022857
1 0.340000 0.840952 0.015714 0.020952
1 0.312143 0.807143 0.012857 0.018095
1 0.329286 0.681905 0.007143 0.015238
1 0.261429 0.834286 0.008571 0.019048
1 0.221071 0.762857 0.009286 0.013333
1 0.943929 0.471429 0.007857 0.019048
1 0.903214 0.430952 0.010714 0.014286
1 0.822500 0.379524 0.009286 0.012381
1 0.196429 0.207619 0.010000 0.019048
