4 0.390658 0.931354 0.056889 0.074212
4 0.393267 0.875232 0.049582 0.067718
4 0.387526 0.837199 0.053758 0.052876
5 0.780271 0.958256 0.060543 0.061224
4 0.707463 0.798701 0.050626 0.046382
4 0.663100 0.688776 0.045407 0.034323
4 0.688152 0.758349 0.043319 0.049165
4 0.644572 0.652597 0.040710 0.038033
4 0.082203 0.912801 0.040188 0.087199
4 0.119259 0.770408 0.026618 0.062152
4 0.159186 0.643785 0.025052 0.048237
9 0.858820 0.160946 0.028706 0.025046
4 0.833246 0.140074 0.009916 0.009276
0 0.337944 0.106679 0.014092 0.037106
4 0.847860 0.139610 0.013048 0.008349
4 0.902140 0.182746 0.012004 0.011132
4 0.908142 0.177180 0.013570 0.009276
4 0.887265 0.168367 0.014614 0.010204
4 0.877088 0.166048 0.014092 0.009276
0 0.819154 0.141002 0.004697 0.009276
0 0.890919 0.158163 0.003132 0.010204
0 0.866910 0.129870 0.006263 0.005566
