1 0.617857 0.775714 0.032857 0.100000
1 0.592143 0.620000 0.021429 0.074286
1 0.571429 0.621905 0.020000 0.055238
1 0.594643 0.534762 0.019286 0.058095
1 0.654286 0.472381 0.017143 0.045714
1 0.632857 0.471905 0.014286 0.054286
1 0.616786 0.469524 0.015000 0.041905
1 0.723929 0.476190 0.015000 0.055238
4 0.730714 0.589048 0.062857 0.088571
4 0.564643 0.506667 0.089286 0.060952
4 0.694286 0.441905 0.058571 0.053333
1 0.659286 0.441429 0.012857 0.044762
1 0.554286 0.327619 0.005714 0.022857
1 0.560714 0.324286 0.007143 0.023810
1 0.569643 0.326190 0.007857 0.025714
4 0.511786 0.272857 0.035000 0.021905
4 0.549286 0.266190 0.014286 0.014286
2 0.566071 0.264286 0.005000 0.010476
4 0.570000 0.259524 0.014286 0.012381
0 0.651786 0.336190 0.070714 0.049524
10 0.053571 0.524762 0.041429 0.043810
1 0.552857 0.286190 0.007143 0.020000
1 0.546786 0.274286 0.005000 0.015238
3 0.566071 0.267143 0.007857 0.006667
1 0.572500 0.302857 0.006429 0.020952
