4 0.411786 0.812817 0.013571 0.044416
4 0.526429 0.717005 0.012857 0.050761
4 0.523571 0.549492 0.011429 0.045685
4 0.494643 0.579949 0.010714 0.045685
4 0.538214 0.959391 0.013571 0.055838
9 0.472857 0.961294 0.017143 0.072335
10 0.522500 0.006345 0.003571 0.012690
10 0.507143 0.340736 0.004286 0.019036
2 0.506786 0.339467 0.003571 0.006345
4 0.986429 0.440990 0.017143 0.039340
4 0.902500 0.507614 0.012143 0.030457
4 0.913214 0.512056 0.010714 0.034264
4 0.924286 0.395305 0.011429 0.036802
4 0.956786 0.327411 0.013571 0.040609
1 0.824643 0.560279 0.003571 0.011421
1 0.820000 0.557107 0.004286 0.012690
1 0.821786 0.559645 0.003571 0.010152
1 0.828214 0.574873 0.003571 0.007614
1 0.823214 0.573604 0.005000 0.010152
1 0.830714 0.567893 0.002857 0.008883
1 0.830357 0.563452 0.005000 0.010152
1 0.814643 0.605330 0.003571 0.007614
1 0.885714 0.434010 0.004286 0.007614
1 0.885357 0.409264 0.003571 0.008883
1 0.882500 0.404188 0.002143 0.008883
1 0.892857 0.419416 0.004286 0.011421
1 0.908929 0.368020 0.005000 0.012690
1 0.897500 0.411168 0.003571 0.007614
1 0.888929 0.410533 0.005000 0.011421
1 0.887500 0.422589 0.003571 0.010152
1 0.879643 0.434645 0.003571 0.008883
1 0.867857 0.458756 0.002857 0.008883
1 0.822500 0.532360 0.003571 0.006345
4 0.989286 0.112310 0.012857 0.031726
1 0.960714 0.175127 0.004286 0.010152
1 0.952143 0.230964 0.004286 0.010152
1 0.950714 0.218909 0.004286 0.008883
1 0.949286 0.227157 0.002857 0.010152
1 0.973214 0.095178 0.005000 0.007614
1 0.974643 0.083756 0.005000 0.010152
1 0.986786 0.027284 0.003571 0.013959
1 0.993214 0.015863 0.003571 0.011421
1 0.990357 0.006980 0.005000 0.013959
1 0.982857 0.052030 0.004286 0.007614
1 0.980357 0.075508 0.005000 0.013959
1 0.981071 0.066624 0.006429 0.013959
1 0.982500 0.059645 0.003571 0.012690
