8 0.331429 0.765238 0.031429 0.023810
4 0.491429 0.809524 0.048571 0.059048
4 0.508571 0.768571 0.047143 0.060952
6 0.535000 0.696190 0.044286 0.064762
6 0.562143 0.653810 0.052857 0.096190
10 0.344643 0.670476 0.016429 0.011429
2 0.590357 0.566667 0.006429 0.013333
2 0.587857 0.563333 0.005714 0.012381
10 0.589286 0.567143 0.012857 0.023810
2 0.800000 0.822381 0.007143 0.014286
10 0.798571 0.823810 0.017143 0.020952
4 0.758571 0.738095 0.048571 0.059048
6 0.727857 0.638095 0.048571 0.053333
6 0.660714 0.559524 0.052857 0.061905
1 0.494286 0.510000 0.005714 0.014286
6 0.586786 0.408095 0.020714 0.035238
6 0.542857 0.360476 0.018571 0.044762
10 0.325357 0.336190 0.007857 0.019048
10 0.458929 0.287143 0.013571 0.014286
10 0.458929 0.271905 0.015000 0.014286
4 0.486071 0.270476 0.020714 0.041905
10 0.425000 0.246667 0.007143 0.020952
10 0.514643 0.163810 0.009286 0.019048
10 0.510714 0.126190 0.012857 0.014286
4 0.527143 0.128095 0.018571 0.033333
10 0.632143 0.053333 0.005714 0.017143
