3 0.504286 0.770952 0.014286 0.048571
2 0.503929 0.771905 0.013571 0.025714
10 0.549643 0.825238 0.019286 0.061905
10 0.549643 0.756190 0.019286 0.060952
4 0.556071 0.640952 0.045000 0.142857
7 0.519286 0.554762 0.022857 0.061905
2 0.521071 0.542857 0.015000 0.022857
6 0.563214 0.480952 0.040714 0.144762
1 0.545714 0.354286 0.012857 0.032381
3 0.565000 0.280952 0.021429 0.038095
6 0.579643 0.201429 0.033571 0.082857
4 0.585357 0.115714 0.033571 0.088571
3 0.535714 0.119048 0.011429 0.047619
2 0.535714 0.111905 0.010000 0.035238
4 0.601786 0.028571 0.053571 0.047619
