6 0.038214 0.969543 0.015000 0.043147
4 0.676786 0.800127 0.013571 0.013959
6 0.882143 0.875635 0.024286 0.027919
5 0.848571 0.895305 0.018571 0.016497
1 0.863571 0.862944 0.002857 0.012690
0 0.780714 0.585660 0.002857 0.006345
4 0.801071 0.654822 0.003571 0.007614
10 0.804286 0.770939 0.002857 0.008883
2 0.804286 0.767132 0.002857 0.008883
0 0.770714 0.780457 0.014286 0.017766
1 0.759643 0.736041 0.002143 0.007614
1 0.767857 0.735406 0.001429 0.011421
1 0.746429 0.732868 0.002857 0.008883
0 0.731429 0.576777 0.002857 0.011421
0 0.732857 0.593274 0.002857 0.011421
0 0.735714 0.621193 0.004286 0.013959
0 0.736786 0.609137 0.003571 0.007614
0 0.741429 0.666244 0.002857 0.005076
1 0.758214 0.707487 0.002143 0.006345
1 0.760714 0.708756 0.001429 0.006345
0 0.750714 0.677665 0.007143 0.007614
0 0.751786 0.693528 0.003571 0.008883
9 0.773571 0.732234 0.005714 0.020305
