6 0.376786 0.191429 0.019286 0.024762
4 0.456786 0.373810 0.015000 0.020000
4 0.472857 0.360476 0.015714 0.023810
7 0.402857 0.198571 0.008571 0.008571
5 0.893929 0.532381 0.020714 0.017143
4 0.921429 0.456190 0.011429 0.024762
4 0.950357 0.468095 0.012143 0.025714
4 0.965357 0.471429 0.016429 0.026667
4 0.978571 0.475714 0.014286 0.023810
1 0.453929 0.341429 0.006429 0.010476
1 0.475357 0.335238 0.005000 0.007619
1 0.474643 0.329524 0.005000 0.009524
1 0.676786 0.216190 0.003571 0.009524
1 0.680357 0.218571 0.003571 0.006667
10 0.646071 0.219048 0.005000 0.007619
