6 0.449286 0.853333 0.035714 0.123810
6 0.423929 0.435238 0.030714 0.057143
9 0.394286 0.284286 0.017143 0.054286
4 0.443214 0.654762 0.020714 0.061905
4 0.386071 0.363333 0.016429 0.025714
5 0.386429 0.250476 0.010000 0.020952
6 0.404286 0.131905 0.010000 0.027619
0 0.498929 0.013810 0.027857 0.018095
7 0.752857 0.473810 0.015714 0.029524
4 0.770714 0.484286 0.020000 0.035238
6 0.803929 0.516667 0.029286 0.061905
6 0.826786 0.095714 0.020714 0.027619
6 0.827857 0.923810 0.094286 0.080000
0 0.472857 0.018571 0.011429 0.025714
4 0.458929 0.370000 0.012143 0.020000
