5 0.429802 0.031540 0.027662 0.063080
5 0.416754 0.106215 0.027662 0.073284
5 0.410752 0.178571 0.027140 0.071429
5 0.532098 0.071892 0.023486 0.082560
5 0.390136 0.317718 0.041232 0.108534
4 0.513309 0.253711 0.027662 0.091837
5 0.374217 0.430427 0.035491 0.102041
10 0.365344 0.509276 0.020877 0.035250
7 0.564979 0.165584 0.021399 0.034323
10 0.635699 0.337662 0.025052 0.027829
1 0.530010 0.580241 0.005741 0.032468
10 0.663100 0.526438 0.018267 0.017625
10 0.645877 0.505566 0.019311 0.029685
10 0.655271 0.607607 0.025574 0.027829
10 0.627610 0.578850 0.026618 0.027829
3 0.655793 0.570501 0.021399 0.020408
7 0.644833 0.536178 0.037056 0.048237
7 0.639614 0.640538 0.053758 0.038033
7 0.629958 0.694805 0.049061 0.055659
7 0.620825 0.724026 0.031837 0.051020
10 0.650574 0.676716 0.036013 0.023191
10 0.668058 0.819573 0.034447 0.023191
10 0.674582 0.706401 0.033925 0.032468
10 0.665971 0.857607 0.032359 0.026902
10 0.659447 0.970779 0.041232 0.036178
10 0.558455 0.940167 0.031315 0.030612
6 0.485647 0.807978 0.114301 0.152134
6 0.420407 0.948516 0.056889 0.099258
4 0.303236 0.905380 0.054280 0.161410
5 0.328288 0.746289 0.040710 0.110390
4 0.349165 0.608534 0.043841 0.126160
1 0.718163 0.108071 0.007307 0.032468
10 0.686065 0.121985 0.021399 0.017625
10 0.718685 0.093228 0.020877 0.021336
3 0.688674 0.160019 0.023486 0.017625
7 0.706942 0.548701 0.027662 0.089981
