4 0.028571 0.961429 0.054286 0.077143
5 0.110714 0.710476 0.100000 0.169524
4 0.489286 0.966190 0.092857 0.067619
1 0.385357 0.962857 0.015000 0.041905
3 0.150714 0.545714 0.027143 0.051429
2 0.148571 0.534762 0.020000 0.025714
4 0.232500 0.362857 0.053571 0.083810
4 0.277143 0.265714 0.041429 0.068571
1 0.259286 0.161905 0.008571 0.030476
8 0.312500 0.091905 0.033571 0.052381
1 0.310714 0.095238 0.011429 0.026667
6 0.371786 0.054762 0.032143 0.077143
8 0.307857 0.132381 0.024286 0.059048
4 0.420714 0.084762 0.025714 0.036190
4 0.461786 0.013810 0.017857 0.027619
1 0.486071 0.039048 0.007857 0.030476
4 0.495357 0.034762 0.039286 0.029524
4 0.557500 0.085714 0.046429 0.036190
7 0.527857 0.117143 0.034286 0.036190
7 0.523214 0.143810 0.016429 0.038095
1 0.546071 0.145238 0.009286 0.031429
1 0.537143 0.161429 0.010000 0.029524
1 0.506429 0.185238 0.010000 0.035238
5 0.575357 0.187143 0.076429 0.052381
5 0.577143 0.224286 0.052857 0.063810
1 0.529643 0.453333 0.012143 0.041905
1 0.539643 0.600000 0.019286 0.041905
4 0.597500 0.585714 0.096429 0.093333
4 0.634286 0.654762 0.118571 0.111429
6 0.637143 0.054286 0.057143 0.040000
1 0.507143 0.005714 0.004286 0.011429
