4 0.281837 0.455473 0.029228 0.066790
4 0.312630 0.436920 0.032359 0.063080
4 0.249739 0.304731 0.024530 0.041744
4 0.199113 0.088590 0.012004 0.023191
4 0.121086 0.069573 0.009395 0.016698
4 0.103079 0.075603 0.010960 0.013915
4 0.176409 0.058442 0.009395 0.014842
4 0.187891 0.051020 0.010438 0.016698
4 0.181367 0.030612 0.006785 0.016698
4 0.173017 0.011596 0.006785 0.013915
4 0.161273 0.012059 0.007307 0.012987
4 0.102557 0.056122 0.008873 0.010204
4 0.103862 0.041280 0.009395 0.015770
4 0.102296 0.024583 0.010438 0.012059
2 0.265136 0.766698 0.010438 0.026902
2 0.572808 0.522263 0.007829 0.018553
2 0.530532 0.460111 0.010960 0.012987
2 0.524008 0.435065 0.009395 0.020408
2 0.475731 0.319109 0.006785 0.009276
2 0.457203 0.314935 0.007307 0.010204
2 0.135699 0.175788 0.005219 0.008349
10 0.573591 0.540353 0.019833 0.023191
10 0.530793 0.477273 0.017745 0.025046
10 0.457724 0.326531 0.014614 0.012987
10 0.137787 0.186456 0.005219 0.009276
3 0.270094 0.794063 0.012004 0.025974
3 0.474948 0.335807 0.010438 0.012987
3 0.526357 0.448980 0.012004 0.018553
2 0.299322 0.099258 0.003653 0.009276
2 0.307672 0.097866 0.001566 0.000928
10 0.300887 0.105751 0.004697 0.009276
3 0.309499 0.105751 0.005219 0.003711
0 0.082724 0.038961 0.025574 0.040816
