1 0.599687 0.564935 0.017745 0.081633
8 0.360908 0.622913 0.074635 0.166048
1 0.316806 0.627551 0.026096 0.102968
10 0.295146 0.636364 0.019311 0.089054
10 0.196764 0.378479 0.032359 0.050093
1 0.171451 0.364100 0.013048 0.038033
1 0.211900 0.343692 0.012526 0.045455
10 0.233559 0.352041 0.018267 0.039889
4 0.235908 0.271336 0.028184 0.058442
1 0.295929 0.238868 0.007307 0.043599
7 0.318894 0.238868 0.014614 0.032468
8 0.333246 0.234230 0.014092 0.039889
8 0.348643 0.231447 0.015658 0.043599
6 0.547756 0.150278 0.031837 0.044527
1 0.593685 0.202226 0.006785 0.033395
1 0.608299 0.199907 0.004697 0.030612
7 0.656837 0.230519 0.041232 0.045455
6 0.638048 0.196660 0.017223 0.046382
7 0.862213 0.294527 0.039666 0.038033
7 0.903184 0.295918 0.039144 0.037106
7 0.856994 0.256030 0.038622 0.033395
10 0.908925 0.236549 0.013048 0.033395
10 0.465031 0.140538 0.006263 0.015770
7 0.572286 0.195269 0.021399 0.034323
10 0.289666 0.243970 0.016701 0.035250
2 0.342380 0.327458 0.011482 0.040816
2 0.198069 0.372913 0.020355 0.050093
10 0.342380 0.343228 0.021921 0.037106
10 0.383090 0.235622 0.012526 0.024119
3 0.275313 0.288497 0.007829 0.025974
0 0.281054 0.269481 0.038100 0.038033
10 0.598904 0.574212 0.021399 0.079777
2 0.464770 0.136364 0.004697 0.016698
