4 0.160714 0.621905 0.102857 0.129524
4 0.108571 0.955238 0.131429 0.087619
1 0.284286 0.980476 0.037143 0.039048
10 0.316429 0.661905 0.020000 0.057143
10 0.378571 0.619048 0.047143 0.072381
3 0.299643 0.507619 0.033571 0.041905
4 0.645000 0.394762 0.080000 0.096190
2 0.547143 0.473333 0.017143 0.032381
2 0.526429 0.465714 0.018571 0.030476
2 0.542500 0.449048 0.016429 0.031429
2 0.514286 0.450476 0.017143 0.028571
2 0.673214 0.459048 0.019286 0.040000
2 0.703929 0.413333 0.019286 0.045714
3 0.671429 0.465238 0.025714 0.042857
3 0.701429 0.422381 0.021429 0.040952
5 0.700000 0.315714 0.072857 0.092381
4 0.764643 0.253810 0.055000 0.075238
2 0.921429 0.272381 0.015714 0.028571
3 0.919286 0.282857 0.011429 0.041905
