4 0.102557 0.440167 0.008873 0.015770
4 0.101775 0.406772 0.010438 0.017625
4 0.128392 0.445269 0.017745 0.024119
6 0.100731 0.367347 0.015658 0.035250
6 0.099165 0.333952 0.012526 0.027829
6 0.101775 0.306122 0.007307 0.018553
6 0.091336 0.262987 0.007307 0.015770
4 0.093946 0.246289 0.003132 0.006494
6 0.094990 0.214750 0.004175 0.008349
6 0.094729 0.202690 0.004697 0.006494
5 0.002871 0.333952 0.005741 0.011132
6 0.018789 0.278293 0.011482 0.016698
6 0.020616 0.271800 0.028706 0.016698
4 0.011482 0.279221 0.012526 0.011132
8 0.013570 0.298701 0.006263 0.009276
4 0.087161 0.246289 0.004175 0.006494
2 0.077766 0.304267 0.002088 0.005566
10 0.078027 0.305659 0.002610 0.004638
6 0.043580 0.260204 0.008873 0.021336
6 0.397182 0.919759 0.052192 0.086271
7 0.460334 0.987477 0.019833 0.023191
2 0.463987 0.990724 0.008351 0.016698
6 0.488779 0.901670 0.106994 0.194805
5 0.444937 0.729128 0.032881 0.044527
5 0.469990 0.701299 0.031837 0.031540
7 0.489040 0.684137 0.013570 0.023191
6 0.447286 0.680427 0.035491 0.032468
4 0.443894 0.658163 0.028706 0.028757
2 0.415971 0.633117 0.006263 0.012059
2 0.355167 0.740260 0.004697 0.014842
2 0.354123 0.737477 0.005741 0.018553
2 0.353079 0.734694 0.006785 0.016698
10 0.353340 0.740724 0.008351 0.021336
4 0.334551 0.789889 0.049061 0.038033
6 0.315762 0.734230 0.042797 0.052876
8 0.373695 0.624768 0.025052 0.026902
1 0.406837 0.589518 0.005741 0.019481
10 0.399530 0.570501 0.009916 0.011132
7 0.382829 0.570037 0.018267 0.015770
5 0.368476 0.557978 0.022965 0.025046
8 0.389353 0.538961 0.013570 0.020408
7 0.351253 0.515770 0.012526 0.012987
1 0.348382 0.511132 0.004697 0.012987
2 0.342641 0.509740 0.005741 0.012059
10 0.343424 0.513451 0.006263 0.012059
5 0.321242 0.507885 0.020355 0.019481
6 0.272965 0.648887 0.036534 0.043599
4 0.247390 0.581633 0.029228 0.029685
10 0.250783 0.547310 0.004697 0.011132
2 0.250261 0.543599 0.003653 0.012987
1 0.250000 0.502319 0.006263 0.015770
7 0.242432 0.485158 0.007829 0.014842
7 0.289666 0.498145 0.010438 0.011132
10 0.284708 0.493506 0.010960 0.011132
2 0.310543 0.486085 0.006263 0.012987
4 0.312370 0.480519 0.022443 0.018553
10 0.317850 0.469388 0.008351 0.009276
8 0.306367 0.470779 0.011482 0.013915
7 0.306628 0.461039 0.017223 0.012987
7 0.287839 0.459184 0.016180 0.012987
7 0.271660 0.462430 0.014092 0.017625
4 0.215292 0.494434 0.018267 0.018553
7 0.270616 0.439239 0.016180 0.013915
4 0.251827 0.435529 0.020355 0.013915
6 0.279489 0.429499 0.019311 0.014842
6 0.233299 0.346939 0.014614 0.011132
6 0.158925 0.346011 0.013048 0.027829
4 0.153967 0.334416 0.011482 0.012059
4 0.151879 0.327922 0.010438 0.008349
4 0.150313 0.320501 0.009395 0.010204
4 0.184238 0.315399 0.012526 0.007421
4 0.197286 0.309369 0.011482 0.008349
4 0.178497 0.313544 0.008351 0.007421
4 0.175887 0.306122 0.005219 0.009276
4 0.144050 0.266698 0.005219 0.006494
6 0.160230 0.288033 0.006263 0.010204
4 0.169102 0.266698 0.007307 0.006494
5 0.167797 0.261596 0.006785 0.005566
0 0.096294 0.185065 0.010960 0.023191
0 0.177714 0.284787 0.021399 0.024119
0 0.149530 0.234694 0.027662 0.046382
0 0.134916 0.277365 0.012004 0.063080
0 0.127349 0.219852 0.012526 0.037106
4 0.560282 0.825603 0.044363 0.038961
8 0.578288 0.782931 0.034447 0.038961
1 0.613257 0.827458 0.005219 0.024119
1 0.618476 0.831169 0.006263 0.022263
10 0.623956 0.838590 0.010960 0.016698
10 0.665188 0.921614 0.013048 0.025046
10 0.679802 0.929963 0.014092 0.021336
4 0.637526 0.937848 0.043319 0.051948
8 0.596033 0.967996 0.030271 0.056586
4 0.650052 0.981447 0.042276 0.035250
