0 0.520750 0.527667 0.044500 0.038000
5 0.231500 0.954000 0.091000 0.092000
4 0.294000 0.878667 0.074000 0.108000
1 0.321250 0.897667 0.013500 0.059333
4 0.370750 0.959000 0.069500 0.082000
4 0.452250 0.951000 0.061500 0.098000
4 0.682000 0.984000 0.146000 0.032000
4 0.457250 0.548667 0.010500 0.009333
5 0.466000 0.548667 0.009000 0.009333
4 0.477750 0.549667 0.009500 0.008667
4 0.502500 0.548000 0.007000 0.006667
5 0.528000 0.550000 0.008000 0.009333
2 0.517000 0.551000 0.003000 0.007333
2 0.519500 0.550667 0.003000 0.005333
10 0.519000 0.552000 0.002000 0.005333
4 0.505000 0.567333 0.020000 0.010667
4 0.539750 0.573333 0.010500 0.010667
4 0.477750 0.570000 0.017500 0.012000
5 0.478750 0.576000 0.010500 0.014667
4 0.542500 0.576667 0.010000 0.010667
4 0.542500 0.584333 0.010000 0.010000
4 0.474000 0.583000 0.012000 0.014000
4 0.471500 0.587333 0.012000 0.017333
4 0.542500 0.589667 0.010000 0.012667
5 0.543250 0.595000 0.010500 0.016667
4 0.466250 0.594000 0.014500 0.018667
4 0.457000 0.609333 0.016000 0.018667
4 0.554250 0.600333 0.023500 0.014000
4 0.561500 0.602000 0.022000 0.010667
4 0.566750 0.605667 0.030500 0.012667
4 0.565000 0.609333 0.029000 0.013333
4 0.566250 0.615667 0.035500 0.011333
4 0.567250 0.618667 0.033500 0.013333
4 0.568000 0.626000 0.037000 0.016000
4 0.569250 0.637000 0.039500 0.019333
4 0.436750 0.627333 0.021500 0.021333
4 0.489000 0.614333 0.014000 0.019333
4 0.506250 0.616000 0.015500 0.018667
5 0.507500 0.606667 0.012000 0.016000
4 0.494000 0.626667 0.017000 0.017333
2 0.464750 0.628000 0.005500 0.016000
3 0.464500 0.631667 0.006000 0.012667
6 0.428250 0.607333 0.039500 0.029333
1 0.449250 0.650333 0.005500 0.020667
4 0.485000 0.650667 0.019000 0.025333
4 0.495000 0.669333 0.018000 0.025333
4 0.419000 0.656000 0.024000 0.028000
4 0.580750 0.663000 0.047500 0.023333
4 0.575500 0.669000 0.047000 0.024667
4 0.584000 0.680000 0.054000 0.025333
4 0.593000 0.691333 0.058000 0.028000
4 0.553500 0.722667 0.027000 0.041333
4 0.411000 0.674333 0.025000 0.028667
4 0.407500 0.698333 0.029000 0.038000
4 0.386250 0.719333 0.033500 0.046667
4 0.366250 0.759000 0.040500 0.051333
1 0.338750 0.682667 0.005500 0.020000
4 0.320000 0.690667 0.032000 0.028000
4 0.484750 0.732333 0.028500 0.044667
4 0.340000 0.805667 0.055000 0.066000
1 0.409250 0.838667 0.013500 0.048000
4 0.472500 0.819333 0.035000 0.058667
4 0.578500 0.839000 0.048000 0.067333
4 0.661500 0.902000 0.115000 0.077333
