4 0.022143 0.231599 0.014286 0.011421
5 0.089286 0.418147 0.011429 0.024112
5 0.063929 0.383883 0.013571 0.026650
4 0.051429 0.418147 0.018571 0.021574
4 0.046071 0.400381 0.016429 0.019036
4 0.038929 0.375635 0.017857 0.022843
5 0.043214 0.392132 0.017857 0.015228
1 0.073571 0.377538 0.004286 0.013959
1 0.076429 0.377538 0.005714 0.008883
1 0.038929 0.295685 0.003571 0.007614
5 0.033214 0.356599 0.019286 0.017766
4 0.030000 0.339467 0.017143 0.013959
4 0.026071 0.333756 0.015000 0.015228
5 0.025357 0.324239 0.017857 0.016497
5 0.021429 0.313452 0.014286 0.022843
5 0.018571 0.308376 0.018571 0.017766
5 0.016786 0.298223 0.017857 0.017766
5 0.014286 0.291878 0.020000 0.015228
4 0.011786 0.285533 0.013571 0.015228
4 0.010714 0.277284 0.015714 0.019036
1 0.002857 0.255711 0.004286 0.008883
6 0.357857 0.496193 0.025714 0.032995
6 0.409643 0.475888 0.035000 0.043147
6 0.245357 0.634518 0.027857 0.035533
5 0.118929 0.744289 0.019286 0.026650
5 0.147500 0.751904 0.023571 0.026650
4 0.015357 0.861041 0.022143 0.026650
4 0.103929 0.838198 0.020714 0.026650
4 0.283571 0.620558 0.018571 0.022843
4 0.212500 0.727792 0.019286 0.029188
0 0.284643 0.660533 0.006429 0.008883
5 0.250357 0.796320 0.017857 0.024112
4 0.241071 0.839467 0.019286 0.026650
4 0.245357 0.854061 0.016429 0.022843
4 0.298929 0.827411 0.016429 0.022843
4 0.285714 0.789340 0.017143 0.025381
4 0.280000 0.779188 0.017143 0.025381
4 0.358929 0.583756 0.015000 0.022843
4 0.376071 0.531091 0.013571 0.016497
9 0.330357 0.629442 0.027857 0.038071
0 0.352500 0.534898 0.005000 0.008883
4 0.397143 0.689721 0.015714 0.029188
6 0.382500 0.741751 0.032143 0.036802
4 0.268214 0.933376 0.017857 0.024112
6 0.441786 0.839467 0.023571 0.118020
6 0.465357 0.831853 0.023571 0.115482
6 0.485357 0.814721 0.025000 0.116751
6 0.506429 0.800761 0.025714 0.114213
6 0.524286 0.785533 0.025714 0.114213
6 0.544643 0.765863 0.027857 0.115482
6 0.601071 0.717005 0.030714 0.111675
6 0.582143 0.736041 0.030000 0.106599
6 0.564286 0.748096 0.028571 0.112944
6 0.628929 0.703680 0.027857 0.054569
6 0.460000 0.613579 0.021429 0.039340
4 0.501786 0.633883 0.012143 0.026650
6 0.516071 0.559645 0.040714 0.081218
6 0.477857 0.582487 0.034286 0.068528
6 0.468214 0.597716 0.033571 0.065990
6 0.520000 0.542513 0.021429 0.049492
6 0.569643 0.538706 0.010714 0.039340
6 0.557857 0.528553 0.010000 0.039340
5 0.587143 0.550761 0.008571 0.030457
5 0.577500 0.546320 0.007857 0.026650
4 0.455714 0.508249 0.011429 0.021574
5 0.459643 0.449873 0.015000 0.021574
6 0.476429 0.411168 0.032857 0.043147
4 0.536071 0.359772 0.010714 0.016497
4 0.578571 0.316624 0.014286 0.019036
4 0.570357 0.302665 0.012143 0.016497
4 0.461786 0.404188 0.015000 0.019036
4 0.852500 0.610406 0.016429 0.020305
