4 0.208929 0.922589 0.023571 0.048223
4 0.224643 0.958122 0.015000 0.030457
9 0.223571 0.909898 0.025714 0.053299
6 0.292143 0.953680 0.042857 0.087563
4 0.236071 0.865482 0.017857 0.035533
4 0.211429 0.814086 0.020000 0.036802
4 0.178571 0.766497 0.022857 0.020305
4 0.141429 0.761421 0.024286 0.025381
4 0.389643 0.436548 0.019286 0.020305
4 0.386786 0.413071 0.019286 0.021574
5 0.402143 0.377538 0.017143 0.024112
4 0.452857 0.413706 0.015714 0.022843
4 0.481429 0.348350 0.017143 0.019036
4 0.526786 0.288071 0.016429 0.017766
4 0.720714 0.114213 0.014286 0.017766
4 0.774286 0.070431 0.014286 0.013959
4 0.791429 0.040609 0.012857 0.015228
4 0.855000 0.012690 0.011429 0.015228
4 0.173571 0.033629 0.014286 0.013959
4 0.145000 0.041878 0.014286 0.017766
4 0.138929 0.039340 0.012143 0.015228
4 0.133929 0.036168 0.013571 0.016497
4 0.129286 0.032995 0.012857 0.017766
0 0.066429 0.022208 0.030000 0.026650
