6 0.076429 0.589467 0.035714 0.057107
5 0.462143 0.927665 0.017143 0.050761
4 0.556786 0.815990 0.015000 0.048223
4 0.550357 0.681472 0.015000 0.040609
4 0.509286 0.669416 0.011429 0.031726
5 0.461429 0.625635 0.012857 0.027919
4 0.545714 0.599619 0.011429 0.026650
4 0.531429 0.553299 0.010000 0.022843
4 0.527143 0.505711 0.010000 0.024112
4 0.541786 0.507614 0.010714 0.020305
4 0.489643 0.487310 0.009286 0.015228
4 0.526071 0.469543 0.009286 0.017766
4 0.538929 0.465102 0.009286 0.019036
5 0.475714 0.463198 0.008571 0.020305
4 0.468214 0.442893 0.007857 0.015228
4 0.482143 0.430203 0.007143 0.015228
4 0.493929 0.408629 0.007857 0.010152
4 0.537500 0.420051 0.007857 0.020305
6 0.523571 0.421954 0.010000 0.024112
4 0.516786 0.400381 0.006429 0.021574
9 0.523929 0.333122 0.007857 0.029188
4 0.488214 0.349619 0.006429 0.013959
4 0.522857 0.308376 0.005714 0.012690
0 0.512500 0.191624 0.053571 0.220812
1 0.617500 0.911168 0.005000 0.015228
1 0.648214 0.890228 0.005000 0.021574
1 0.609643 0.867386 0.005000 0.021574
