6 0.575714 0.371429 0.020000 0.045714
6 0.618214 0.191429 0.006429 0.013333
6 0.631786 0.184762 0.006429 0.013333
0 0.638214 0.165238 0.020714 0.025714
6 0.614643 0.206190 0.006429 0.018095
0 0.862857 0.546190 0.012857 0.025714
0 0.795000 0.405238 0.017143 0.021905
0 0.756786 0.345714 0.026429 0.030476
6 0.739643 0.288095 0.009286 0.012381
6 0.730357 0.269048 0.009286 0.016190
6 0.626071 0.190476 0.005000 0.011429
6 0.612857 0.220952 0.007143 0.011429
4 0.625000 0.200476 0.004286 0.006667
4 0.644643 0.201429 0.007857 0.006667
4 0.579643 0.235714 0.012143 0.006667
0 0.594286 0.250000 0.017143 0.029524
0 0.618214 0.378571 0.006429 0.021905
10 0.623214 0.359524 0.006429 0.008571
10 0.530357 0.448095 0.005000 0.012381
10 0.505714 0.548571 0.004286 0.017143
3 0.472857 0.648571 0.004286 0.019048
3 0.436786 0.805714 0.007857 0.024762
3 0.426786 0.882857 0.006429 0.028571
2 0.426071 0.876667 0.007857 0.016190
2 0.436071 0.798095 0.009286 0.015238
2 0.472143 0.641905 0.005714 0.013333
2 0.505714 0.541905 0.004286 0.011429
2 0.530357 0.443333 0.005000 0.010476
2 0.660357 0.766667 0.010714 0.020952
10 0.659286 0.771905 0.010000 0.042857
0 0.673214 0.149524 0.020714 0.020952
