6 0.553571 0.708095 0.148571 0.202857
8 0.372500 0.593810 0.023571 0.031429
2 0.373571 0.590476 0.008571 0.019048
10 0.357143 0.549048 0.014286 0.021905
2 0.356071 0.544286 0.007857 0.012381
5 0.372857 0.523810 0.027143 0.034286
5 0.321429 0.468095 0.022857 0.027619
4 0.306071 0.487143 0.025000 0.023810
8 0.257500 0.477619 0.012143 0.018095
2 0.259643 0.476190 0.005000 0.011429
4 0.114286 0.373333 0.018571 0.011429
6 0.162143 0.355238 0.020000 0.022857
4 0.201786 0.327619 0.010714 0.005714
6 0.168214 0.324286 0.009286 0.010476
4 0.085714 0.327143 0.008571 0.006667
6 0.221786 0.280952 0.049286 0.013333
4 0.876786 0.498571 0.036429 0.021905
8 0.727857 0.446667 0.017143 0.015238
4 0.451071 0.437619 0.020714 0.016190
6 0.402143 0.408571 0.020000 0.020952
4 0.093571 0.535238 0.032857 0.015238
4 0.825000 0.534286 0.044286 0.028571
4 0.801071 0.576667 0.042143 0.025714
6 0.817143 0.631429 0.287143 0.179048
1 0.979286 0.552381 0.010000 0.022857
1 0.912143 0.513810 0.007143 0.021905
