4 0.399643 0.635238 0.043571 0.062857
4 0.367857 0.620952 0.045714 0.060952
4 0.405357 0.555714 0.036429 0.050476
4 0.433571 0.564286 0.038571 0.050476
4 0.458929 0.511905 0.030714 0.040952
4 0.435714 0.498571 0.032857 0.039048
4 0.480000 0.475238 0.028571 0.036190
4 0.501429 0.429524 0.025714 0.034286
5 0.478214 0.429048 0.025000 0.040952
4 0.518571 0.393333 0.020000 0.032381
4 0.493571 0.396667 0.022857 0.025714
4 0.508214 0.370952 0.022143 0.025714
4 0.521429 0.353333 0.018571 0.024762
4 0.599643 0.399048 0.015000 0.024762
2 0.507500 0.307619 0.003571 0.007619
2 0.546786 0.256667 0.003571 0.006667
10 0.507500 0.311905 0.003571 0.008571
10 0.546786 0.260476 0.003571 0.006667
0 0.532500 0.280000 0.005000 0.011429
0 0.682143 0.068095 0.008571 0.016190
0 0.671786 0.083810 0.009286 0.019048
0 0.664643 0.103810 0.019286 0.019048
0 0.663214 0.122381 0.020714 0.012381
0 0.643929 0.126667 0.013571 0.019048
4 0.616429 0.152381 0.008571 0.005714
4 0.667143 0.197143 0.007143 0.013333
4 0.668214 0.148571 0.006429 0.007619
4 0.641071 0.151905 0.009286 0.006667
1 0.603571 0.165238 0.002857 0.008571
1 0.560000 0.215238 0.002857 0.009524
0 0.596071 0.180952 0.010714 0.015238
0 0.585000 0.198571 0.004286 0.010476
0 0.525000 0.279048 0.004286 0.011429
2 0.552143 0.239524 0.002857 0.006667
2 0.556071 0.245238 0.003571 0.006667
2 0.561071 0.250000 0.003571 0.006667
10 0.551786 0.242857 0.003571 0.005714
10 0.560714 0.253333 0.002857 0.007619
10 0.555357 0.248571 0.003571 0.005714
0 0.566071 0.255238 0.003571 0.007619
0 0.541071 0.240476 0.005000 0.010476
0 0.443214 0.420000 0.009286 0.017143
