4 0.234286 0.978095 0.014286 0.030476
5 0.262500 0.955714 0.015000 0.025714
6 0.422500 0.882381 0.016429 0.042857
4 0.427143 0.784762 0.011429 0.020952
4 0.424286 0.758095 0.010000 0.019048
5 0.442143 0.834286 0.018571 0.022857
4 0.446786 0.821905 0.016429 0.019048
6 0.402500 0.713810 0.020714 0.020000
6 0.384286 0.610000 0.015714 0.027619
6 0.272857 0.560476 0.012857 0.018095
5 0.407857 0.563333 0.007143 0.010476
4 0.430000 0.690476 0.014286 0.011429
4 0.446429 0.683810 0.007143 0.015238
4 0.411071 0.674762 0.007857 0.014286
6 0.470000 0.629048 0.012857 0.031429
4 0.467143 0.749524 0.014286 0.011429
4 0.466429 0.762857 0.012857 0.011429
4 0.467857 0.755714 0.014286 0.012381
6 0.506071 0.568571 0.020714 0.019048
6 0.415714 0.541905 0.007143 0.013333
4 0.508571 0.533333 0.010000 0.007619
4 0.507143 0.530952 0.010000 0.008571
4 0.509286 0.526667 0.010000 0.007619
6 0.494643 0.508095 0.010714 0.023810
6 0.509286 0.462857 0.007143 0.013333
6 0.487857 0.415714 0.010000 0.016190
9 0.470714 0.423810 0.008571 0.015238
4 0.490357 0.390000 0.005000 0.004762
4 0.513571 0.341905 0.002857 0.003810
9 0.530357 0.312381 0.005000 0.007619
4 0.511429 0.379048 0.004286 0.005714
4 0.515357 0.359048 0.003571 0.003810
4 0.517857 0.356667 0.002857 0.004762
4 0.518929 0.353333 0.003571 0.003810
