5 0.608571 0.779188 0.065714 0.053299
4 0.588214 0.734772 0.056429 0.045685
4 0.688571 0.498096 0.035714 0.046954
4 0.691071 0.301396 0.017857 0.057107
4 0.649286 0.293782 0.018571 0.046954
1 0.667500 0.274746 0.006429 0.029188
1 0.671429 0.274746 0.004286 0.019036
4 0.624286 0.350254 0.018571 0.060914
4 0.601786 0.352792 0.019286 0.053299
5 0.580357 0.351523 0.017857 0.055838
4 0.557857 0.351523 0.020000 0.055838
9 0.535357 0.357234 0.020714 0.074873
1 0.477500 0.786802 0.009286 0.032995
1 0.461071 0.756980 0.007857 0.031726
5 0.402857 0.571066 0.035714 0.076142
4 0.376786 0.515863 0.037857 0.069797
4 0.438214 0.500000 0.035000 0.060914
5 0.405714 0.428934 0.032857 0.065990
5 0.450000 0.434010 0.037143 0.078680
4 0.446429 0.366751 0.047143 0.035533
5 0.441786 0.313452 0.045000 0.045685
4 0.385714 0.309645 0.028571 0.038071
4 0.307857 0.366751 0.032857 0.053299
4 0.338214 0.315355 0.036429 0.046954
5 0.306071 0.288071 0.036429 0.060914
4 0.312143 0.227792 0.042857 0.049492
5 0.305000 0.211929 0.040000 0.053299
4 0.299286 0.195431 0.042857 0.040609
5 0.259643 0.190990 0.026429 0.054569
4 0.241786 0.197970 0.023571 0.043147
6 0.219643 0.190355 0.039286 0.086294
4 0.194286 0.236041 0.038571 0.040609
4 0.165000 0.289975 0.037143 0.029188
4 0.174286 0.270305 0.037143 0.038071
4 0.184286 0.253807 0.042857 0.040609
