2 0.303497 0.808905 0.025574 0.061224
7 0.287578 0.812616 0.083507 0.105751
1 0.288883 0.706865 0.008873 0.050093
1 0.298800 0.714750 0.012004 0.054731
7 0.339248 0.658627 0.043841 0.040816
7 0.403706 0.710111 0.050626 0.058442
2 0.411795 0.707792 0.013570 0.038961
10 0.389353 0.678108 0.014614 0.027829
8 0.371086 0.679499 0.020877 0.058442
8 0.306889 0.689703 0.033403 0.056586
1 0.402401 0.608998 0.005219 0.021336
8 0.398486 0.604824 0.017223 0.029685
2 0.416493 0.601577 0.005219 0.017625
10 0.417797 0.606215 0.006785 0.019481
4 0.421451 0.614100 0.019311 0.027829
2 0.553497 0.719852 0.012004 0.044527
10 0.551409 0.730519 0.029749 0.041744
2 0.621868 0.733302 0.017223 0.056586
10 0.624217 0.735622 0.031315 0.050093
10 0.633090 0.709184 0.028184 0.032468
2 0.632829 0.697124 0.014092 0.038033
1 0.993737 0.696660 0.011482 0.046382
2 0.993476 0.688776 0.010960 0.032468
2 0.980689 0.727737 0.015658 0.052876
10 0.979906 0.740260 0.036013 0.050093
4 0.713205 0.662338 0.038100 0.048237
4 0.681367 0.664657 0.039144 0.049165
7 0.561587 0.683210 0.040710 0.034323
8 0.558194 0.661410 0.040188 0.038961
1 0.515919 0.656772 0.008873 0.035250
1 0.512004 0.649351 0.005219 0.031540
2 0.503392 0.656308 0.006785 0.017625
2 0.503653 0.647032 0.005219 0.015770
2 0.498956 0.653989 0.006263 0.018553
7 0.502610 0.661410 0.016701 0.033395
4 0.512787 0.618738 0.015136 0.025974
4 0.534708 0.602041 0.015136 0.025974
1 0.614040 0.608534 0.004697 0.022263
1 0.548017 0.606215 0.004175 0.019481
1 0.552714 0.600649 0.003132 0.013915
1 0.540710 0.608071 0.005219 0.017625
10 0.537056 0.609462 0.008351 0.014842
10 0.529749 0.609462 0.011482 0.012987
10 0.544885 0.612709 0.008351 0.015770
2 0.552453 0.609926 0.004697 0.019481
10 0.552192 0.614564 0.006263 0.019481
2 0.500783 0.615028 0.005741 0.016698
2 0.500783 0.612709 0.004697 0.017625
10 0.501044 0.616419 0.006263 0.019481
8 0.486430 0.614100 0.018789 0.029685
8 0.471816 0.608071 0.013570 0.028757
4 0.482516 0.602505 0.016180 0.026902
8 0.495303 0.599258 0.019833 0.025974
7 0.518789 0.578850 0.009395 0.016698
1 0.516701 0.570501 0.003132 0.009276
8 0.475731 0.572356 0.006785 0.016698
2 0.468424 0.575139 0.003653 0.011132
2 0.467902 0.574212 0.004697 0.009276
10 0.467902 0.576067 0.004697 0.012987
4 0.439457 0.566790 0.010438 0.016698
2 0.454332 0.568646 0.002610 0.009276
10 0.454593 0.569573 0.004175 0.012987
2 0.444937 0.564471 0.003653 0.010204
10 0.445198 0.565863 0.006263 0.009276
4 0.448852 0.557978 0.010438 0.010204
0 0.402662 0.579314 0.009916 0.013915
4 0.415449 0.573748 0.016701 0.012059
4 0.457985 0.553340 0.013048 0.010204
1 0.450939 0.551484 0.003132 0.010204
4 0.445198 0.549165 0.007307 0.009276
2 0.487996 0.568646 0.003132 0.011132
3 0.487996 0.570501 0.004175 0.007421
10 0.506263 0.571892 0.004175 0.004638
10 0.508351 0.571892 0.005219 0.006494
4 0.520616 0.557978 0.014092 0.013915
2 0.473121 0.548237 0.002610 0.007421
7 0.473382 0.550093 0.004175 0.007421
4 0.482777 0.542208 0.004175 0.006494
4 0.453810 0.533859 0.003653 0.006494
0 0.468424 0.531076 0.019311 0.013915
