0 0.369750 0.122667 0.129500 0.141333
0 0.362250 0.240000 0.050500 0.085333
6 0.330000 0.307667 0.018000 0.040667
4 0.430500 0.274333 0.012000 0.016667
4 0.448750 0.252333 0.009500 0.012667
4 0.453250 0.262333 0.010500 0.011333
1 0.466750 0.269333 0.005500 0.012000
4 0.481000 0.321000 0.015000 0.019333
4 0.456000 0.345667 0.015000 0.020667
4 0.436750 0.343333 0.016500 0.018667
4 0.493250 0.346667 0.014500 0.017333
4 0.522250 0.409333 0.016500 0.020000
4 0.530750 0.434333 0.017500 0.024667
4 0.499000 0.459667 0.020000 0.027333
4 0.458750 0.400000 0.018500 0.026667
1 0.538500 0.474667 0.007000 0.020000
4 0.534250 0.657000 0.030500 0.044667
10 0.350500 0.358333 0.007000 0.016667
4 0.283750 0.323000 0.039500 0.022000
4 0.280250 0.349000 0.029500 0.016667
4 0.264250 0.414333 0.029500 0.018000
4 0.274250 0.432333 0.030500 0.024667
4 0.268000 0.450333 0.044000 0.024667
4 0.252750 0.557333 0.044500 0.026667
4 0.390500 0.466333 0.018000 0.034000
4 0.339250 0.456667 0.015500 0.029333
4 0.454000 0.691667 0.027000 0.063333
1 0.346500 0.515000 0.008000 0.023333
4 0.356000 0.706000 0.027000 0.057333
5 0.247000 0.692333 0.047000 0.051333
1 0.287000 0.636000 0.010000 0.026667
1 0.298250 0.634333 0.008500 0.024667
1 0.276000 0.712000 0.010000 0.032000
1 0.576000 0.578667 0.006000 0.024000
1 0.581750 0.580333 0.005500 0.024667
10 0.354500 0.407000 0.009000 0.022000
0 0.267000 0.230333 0.054000 0.087333
