4 0.655357 0.556667 0.035000 0.094286
4 0.573571 0.359048 0.027143 0.072381
4 0.437500 0.430952 0.033571 0.090476
4 0.491786 0.822381 0.047857 0.140000
4 0.307857 0.730476 0.082857 0.118095
4 0.145714 0.930952 0.095714 0.119048
4 0.621429 0.231429 0.024286 0.055238
4 0.472857 0.170000 0.022857 0.050476
4 0.536429 0.306667 0.035714 0.085714
5 0.676786 0.208571 0.025000 0.053333
6 0.515357 0.104286 0.025000 0.056190
4 0.496071 0.024286 0.022143 0.048571
4 0.553571 0.014762 0.024286 0.029524
4 0.702500 0.932381 0.053571 0.133333
10 0.850714 0.778095 0.022857 0.057143
2 0.852500 0.775238 0.015000 0.038095
2 0.746786 0.171905 0.009286 0.020000
2 0.770357 0.172381 0.010714 0.019048
10 0.771429 0.181429 0.010000 0.027619
10 0.748214 0.181905 0.009286 0.026667
10 0.426429 0.277619 0.012857 0.023810
2 0.426429 0.267619 0.011429 0.022857
