4 0.089056 0.772901 0.168097 0.190840
4 0.361230 0.665076 0.134478 0.156489
4 0.427396 0.404103 0.105150 0.134542
4 0.483190 0.541031 0.115165 0.129771
4 0.415236 0.590172 0.123748 0.144084
4 0.295422 0.747137 0.133047 0.188931
4 0.535050 0.481393 0.117310 0.140267
4 0.565093 0.417939 0.114449 0.124046
5 0.149499 0.924618 0.131617 0.146947
5 0.237482 0.866412 0.147353 0.236641
1 0.259299 0.820134 0.026466 0.027672
1 0.065451 0.517653 0.035050 0.037214
1 0.448498 0.330153 0.014306 0.041985
1 0.710300 0.625477 0.024320 0.039122
1 0.720315 0.441317 0.024320 0.042939
1 0.750358 0.416031 0.027182 0.041985
3 0.200286 0.584924 0.042918 0.047710
1 0.440629 0.958015 0.028612 0.047710
1 0.600143 0.579198 0.017167 0.041985
1 0.796137 0.229962 0.012876 0.043893
4 0.353720 0.208015 0.075107 0.087786
8 0.795422 0.510973 0.051502 0.063931
1 0.827969 0.461832 0.025036 0.045802
1 0.864449 0.353053 0.027897 0.041985
3 0.727825 0.239504 0.033619 0.040076
10 0.604793 0.621183 0.033619 0.061069
3 0.831545 0.335878 0.023605 0.038168
3 0.845851 0.349714 0.022175 0.041031
3 0.929900 0.198950 0.015737 0.031489
3 0.786838 0.230439 0.037196 0.039122
3 0.346567 0.130725 0.026466 0.030534
3 0.798641 0.183206 0.016452 0.030534
1 0.821531 0.122615 0.017883 0.041031
1 0.916667 0.161737 0.019313 0.039122
1 0.927396 0.167462 0.022175 0.044847
4 0.963162 0.276718 0.066524 0.089695
2 0.836195 0.314885 0.018598 0.026718
2 0.852289 0.332538 0.016452 0.023855
2 0.812589 0.536737 0.024320 0.023855
8 0.642346 0.471374 0.041488 0.085878
2 0.604077 0.616412 0.032189 0.038168
