4 0.207857 0.692857 0.061429 0.180000
4 0.212857 0.296190 0.044286 0.127619
4 0.110000 0.247619 0.050000 0.106667
4 0.057143 0.595238 0.064286 0.135238
4 0.620714 0.390000 0.097143 0.050476
4 0.661071 0.719048 0.116429 0.070476
4 0.629286 0.510000 0.097143 0.052381
4 0.623929 0.443810 0.095000 0.057143
4 0.679643 0.876667 0.113571 0.080952
4 0.670357 0.803333 0.115000 0.077143
5 0.655714 0.638095 0.098571 0.070476
5 0.641429 0.572857 0.097143 0.058095
5 0.611071 0.331905 0.077857 0.060000
4 0.027500 0.840476 0.055000 0.168571
4 0.287857 0.947143 0.052857 0.094286
5 0.121786 0.120952 0.045000 0.108571
4 0.580714 0.066190 0.075714 0.061905
5 0.575000 0.020476 0.075714 0.040952
0 0.156429 0.083810 0.030000 0.055238
0 0.155000 0.297143 0.022857 0.057143
0 0.406429 0.135714 0.012857 0.037143
2 0.399643 0.074762 0.007857 0.023810
0 0.400714 0.089048 0.008571 0.039048
1 0.425000 0.073333 0.012857 0.032381
1 0.677500 0.220000 0.015000 0.036190
1 0.687857 0.233810 0.008571 0.018095
1 0.705714 0.226190 0.011429 0.037143
2 0.638571 0.126190 0.014286 0.027619
10 0.636071 0.133333 0.035000 0.026667
10 0.703214 0.057143 0.012143 0.049524
1 0.786429 0.734286 0.022857 0.022857
1 0.565357 0.864762 0.012143 0.030476
1 0.798214 0.555714 0.015000 0.016190
10 0.776429 0.498095 0.025714 0.036190
10 0.773214 0.525238 0.019286 0.037143
3 0.800714 0.604286 0.035714 0.029524
10 0.827500 0.645238 0.015000 0.046667
0 0.440714 0.962381 0.024286 0.071429
5 0.692143 0.963333 0.121429 0.073333
5 0.085000 0.382857 0.067143 0.123810
