4 0.677857 0.709524 0.050000 0.034286
4 0.320714 0.489524 0.021429 0.041905
4 0.445000 0.788571 0.042857 0.062857
5 0.575000 0.842857 0.070000 0.057143
5 0.505714 0.920476 0.067143 0.052381
5 0.663571 0.661429 0.040000 0.040952
6 0.346786 0.931429 0.055000 0.135238
4 0.395714 0.331429 0.015714 0.020952
4 0.384643 0.270952 0.013571 0.016190
1 0.341786 0.160476 0.003571 0.010476
1 0.357143 0.189048 0.002857 0.012381
2 0.338571 0.326190 0.004286 0.010476
1 0.371786 0.356667 0.005000 0.014286
10 0.338929 0.330000 0.005000 0.012381
1 0.232857 0.282857 0.005714 0.015238
1 0.236786 0.273810 0.003571 0.012381
1 0.243929 0.264286 0.005000 0.012381
1 0.247143 0.259524 0.004286 0.012381
0 0.347857 0.187619 0.005714 0.013333
2 0.333929 0.197619 0.003571 0.008571
7 0.334286 0.201429 0.007143 0.014286
1 0.292857 0.029524 0.001429 0.005714
1 0.296429 0.107143 0.002857 0.010476
0 0.331071 0.111905 0.006429 0.014286
0 0.317857 0.088571 0.004286 0.009524
1 0.179643 0.249524 0.006429 0.015238
4 0.153929 0.191905 0.010714 0.014286
1 0.140357 0.277143 0.005000 0.015238
1 0.146071 0.269524 0.005000 0.017143
0 0.254643 0.014762 0.022143 0.029524
10 0.669286 0.634286 0.018571 0.019048
10 0.700714 0.639048 0.015714 0.013333
10 0.727143 0.695714 0.018571 0.014286
7 0.380000 0.530000 0.014286 0.031429
8 0.488571 0.598571 0.012857 0.033333
1 0.480357 0.564286 0.006429 0.018095
4 0.529643 0.217143 0.009286 0.013333
0 0.337857 0.033333 0.010000 0.047619
4 0.895714 0.317143 0.012857 0.015238
0 0.565000 0.375714 0.011429 0.020000
10 0.798214 0.961429 0.026429 0.016190
1 0.350714 0.676190 0.010000 0.026667
