10 0.137143 0.951905 0.034286 0.031429
10 0.032500 0.904286 0.030714 0.052381
10 0.006786 0.903810 0.013571 0.038095
10 0.015714 0.886667 0.022857 0.040000
10 0.081071 0.830476 0.015000 0.041905
10 0.115714 0.823810 0.021429 0.043810
10 0.103214 0.809524 0.017857 0.041905
2 0.012143 0.830000 0.012857 0.018095
2 0.026429 0.830476 0.014286 0.022857
2 0.031071 0.816667 0.017857 0.020000
2 0.027500 0.806190 0.013571 0.020000
2 0.013929 0.810952 0.015000 0.020000
2 0.053929 0.799048 0.019286 0.019048
2 0.067500 0.793810 0.012143 0.016190
2 0.082143 0.778095 0.018571 0.020952
2 0.070357 0.774286 0.015000 0.019048
2 0.052857 0.790000 0.015714 0.014286
2 0.045357 0.780476 0.013571 0.016190
1 0.062143 0.744286 0.014286 0.020000
2 0.112143 0.751905 0.010000 0.014286
1 0.279643 0.660952 0.012143 0.024762
2 0.261071 0.588571 0.009286 0.015238
4 0.328214 0.675714 0.053571 0.077143
10 0.302857 0.591429 0.022857 0.022857
10 0.281786 0.576190 0.025000 0.020952
10 0.276429 0.566190 0.024286 0.021905
3 0.323571 0.521905 0.015714 0.022857
1 0.386429 0.460000 0.005714 0.015238
1 0.315357 0.490000 0.010714 0.016190
10 0.443571 0.470952 0.021429 0.020000
10 0.453571 0.418095 0.015714 0.022857
10 0.495714 0.524762 0.021429 0.017143
10 0.501071 0.512857 0.023571 0.025714
10 0.509286 0.505714 0.024286 0.022857
10 0.516071 0.494286 0.022143 0.020952
10 0.522857 0.486667 0.022857 0.026667
2 0.459286 0.400476 0.010000 0.016190
2 0.467143 0.400952 0.007143 0.013333
10 0.505357 0.351429 0.013571 0.019048
1 0.532500 0.378571 0.006429 0.021905
7 0.547143 0.377619 0.030000 0.044762
1 0.524643 0.297143 0.007857 0.019048
10 0.549286 0.294762 0.014286 0.018095
1 0.551429 0.288571 0.007143 0.019048
4 0.614643 0.248095 0.040714 0.029524
4 0.653929 0.208095 0.039286 0.029524
4 0.668214 0.333333 0.046429 0.034286
4 0.736429 0.254286 0.040000 0.038095
9 0.615357 0.675238 0.057857 0.207619
4 0.812500 0.696667 0.049286 0.082857
6 0.729286 0.565238 0.131429 0.218095
4 0.827143 0.401429 0.034286 0.044762
6 0.881429 0.282381 0.072857 0.117143
10 0.770357 0.319048 0.013571 0.020952
2 0.772500 0.313810 0.009286 0.020000
2 0.828571 0.239524 0.008571 0.016190
10 0.828571 0.242857 0.012857 0.019048
10 0.893571 0.149048 0.011429 0.018095
2 0.895357 0.141429 0.009286 0.014286
6 0.798571 0.220000 0.072857 0.102857
6 0.846071 0.155714 0.057857 0.084762
4 0.948571 0.176190 0.025714 0.026667
6 0.975000 0.105238 0.050000 0.096190
4 0.891429 0.095714 0.022857 0.025714
6 0.924643 0.052381 0.035000 0.049524
6 0.947143 0.023333 0.040000 0.046667
8 0.763214 0.111429 0.020714 0.022857
6 0.759286 0.100476 0.032857 0.025714
10 0.737500 0.091905 0.012143 0.016190
6 0.788929 0.078095 0.049286 0.040000
4 0.807857 0.040476 0.031429 0.020000
10 0.824286 0.025238 0.015714 0.012381
3 0.819286 0.022381 0.014286 0.012381
1 0.344286 0.830952 0.008571 0.014286
1 0.354643 0.830000 0.010714 0.023810
10 0.373571 0.781429 0.025714 0.031429
2 0.372857 0.779524 0.018571 0.027619
10 0.588929 0.905714 0.025000 0.045714
2 0.591429 0.904286 0.020000 0.033333
