4 0.338571 0.387056 0.017143 0.071066
4 0.274643 0.920685 0.022143 0.097716
4 0.300714 0.748096 0.022857 0.079949
4 0.288929 0.384518 0.019286 0.058376
4 0.298929 0.110406 0.016429 0.045685
5 0.285357 0.225254 0.020714 0.057107
5 0.368571 0.362310 0.020000 0.072335
5 0.351071 0.560914 0.022143 0.078680
5 0.270357 0.559010 0.020714 0.072335
5 0.367143 0.783629 0.025714 0.090102
5 0.392857 0.681472 0.024286 0.093909
9 0.386071 0.522208 0.025000 0.107868
9 0.264286 0.061548 0.030000 0.123096
1 0.409643 0.248731 0.005000 0.017766
1 0.402857 0.258249 0.005714 0.019036
1 0.403214 0.244924 0.006429 0.015228
1 0.646786 0.951777 0.007857 0.025381
4 0.915714 0.834391 0.057143 0.052030
4 0.968929 0.821701 0.053571 0.046954
4 0.912500 0.342640 0.026429 0.060914
