4 0.492857 0.545714 0.022857 0.017143
4 0.502857 0.557619 0.018571 0.014286
4 0.511429 0.566190 0.022857 0.018095
4 0.517143 0.576190 0.024286 0.019048
4 0.557143 0.584286 0.020000 0.020000
4 0.522500 0.589524 0.023571 0.019048
4 0.557143 0.560476 0.010000 0.025714
4 0.563929 0.598095 0.025000 0.020952
0 0.373571 0.498095 0.008571 0.019048
0 0.449643 0.418095 0.009286 0.015238
0 0.465000 0.487143 0.010000 0.025714
1 0.038571 0.492857 0.004286 0.006667
1 0.056071 0.426667 0.005000 0.007619
1 0.045000 0.430952 0.002857 0.006667
1 0.053929 0.416190 0.005000 0.007619
1 0.048929 0.413810 0.003571 0.008571
1 0.077143 0.420476 0.004286 0.006667
1 0.084643 0.417143 0.006429 0.007619
1 0.136786 0.399048 0.003571 0.007619
0 0.083214 0.437143 0.017857 0.015238
0 0.205000 0.459048 0.035714 0.024762
