4 0.156786 0.646190 0.097857 0.138095
4 0.440357 0.568571 0.067857 0.102857
1 0.401429 0.424286 0.015714 0.048571
4 0.479286 0.423810 0.075714 0.047619
4 0.588571 0.406667 0.067143 0.041905
4 0.689286 0.406190 0.075714 0.040952
4 0.803214 0.401905 0.076429 0.043810
4 0.251071 0.417143 0.039286 0.051429
5 0.258571 0.377619 0.030000 0.044762
5 0.262143 0.358571 0.028571 0.046667
4 0.196429 0.343810 0.067143 0.034286
4 0.193929 0.330952 0.063571 0.025714
4 0.163214 0.310952 0.052143 0.020000
4 0.146786 0.296190 0.030714 0.015238
4 0.210714 0.276190 0.025714 0.019048
4 0.180000 0.270000 0.031429 0.020000
4 0.150357 0.266190 0.027857 0.018095
4 0.108929 0.253810 0.020714 0.018095
7 0.377500 0.347143 0.019286 0.031429
