1 0.292143 0.530476 0.025714 0.057143
1 0.320000 0.441429 0.014286 0.039048
1 0.301786 0.438571 0.015000 0.039048
1 0.257857 0.422857 0.014286 0.034286
1 0.182143 0.452857 0.012857 0.037143
1 0.228929 0.431429 0.009286 0.038095
1 0.233214 0.430000 0.012143 0.035238
1 0.256429 0.466190 0.011429 0.039048
1 0.260000 0.466190 0.012857 0.027619
1 0.365357 0.461429 0.015000 0.042857
1 0.352143 0.451429 0.017143 0.040000
1 0.278929 0.298095 0.007857 0.022857
5 0.333571 0.373333 0.037143 0.049524
4 0.469286 0.402857 0.034286 0.045714
4 0.469643 0.357143 0.030714 0.041905
4 0.480714 0.326190 0.024286 0.031429
4 0.485357 0.302381 0.022143 0.027619
4 0.493571 0.280000 0.021429 0.026667
4 0.496786 0.269048 0.017857 0.027619
9 0.498214 0.242857 0.025000 0.047619
9 0.485357 0.202381 0.007857 0.010476
2 0.481786 0.196190 0.003571 0.003810
10 0.481429 0.198095 0.004286 0.005714
1 0.644286 0.467619 0.015714 0.043810
2 0.627500 0.486190 0.019286 0.037143
2 0.765714 0.453810 0.018571 0.039048
1 0.814286 0.462381 0.012857 0.048571
1 0.702857 0.452857 0.011429 0.048571
1 0.723571 0.435238 0.014286 0.038095
1 0.730714 0.432857 0.008571 0.029524
1 0.728571 0.425238 0.011429 0.040952
1 0.711071 0.449524 0.010714 0.047619
1 0.697857 0.438571 0.012857 0.039048
1 0.705000 0.443810 0.012857 0.041905
1 0.667500 0.405714 0.013571 0.038095
1 0.670714 0.436667 0.014286 0.040952
1 0.678571 0.422857 0.015714 0.040000
1 0.677143 0.417143 0.010000 0.038095
1 0.659643 0.444286 0.015000 0.040952
1 0.651071 0.461905 0.012143 0.040000
1 0.649286 0.455238 0.015714 0.047619
7 0.615357 0.497619 0.063571 0.040952
3 0.762143 0.463333 0.032857 0.029524
1 0.763214 0.382857 0.013571 0.036190
4 0.899286 0.560476 0.144286 0.075238
2 0.910357 0.490952 0.020714 0.056190
2 0.978214 0.505238 0.019286 0.050476
3 0.975357 0.510952 0.040714 0.031429
3 0.907500 0.497143 0.043571 0.032381
1 0.977857 0.426190 0.011429 0.040952
4 0.967500 0.395238 0.065000 0.051429
4 0.949643 0.388095 0.072143 0.042857
4 0.928214 0.371905 0.085000 0.046667
5 0.913214 0.356190 0.073571 0.047619
4 0.888929 0.350000 0.063571 0.031429
4 0.878929 0.339524 0.060714 0.033333
4 0.862143 0.328095 0.065714 0.031429
4 0.843214 0.318571 0.056429 0.025714
4 0.836429 0.309048 0.052857 0.025714
7 0.888571 0.384286 0.032857 0.031429
2 0.906071 0.386190 0.013571 0.021905
1 0.737500 0.285238 0.009286 0.027619
1 0.708214 0.269048 0.006429 0.023810
2 0.702857 0.277619 0.008571 0.016190
9 0.651429 0.273333 0.040000 0.059048
4 0.755714 0.334286 0.040000 0.036190
1 0.616071 0.277619 0.007857 0.018095
3 0.616071 0.282381 0.007857 0.016190
2 0.642500 0.213333 0.003571 0.009524
10 0.642857 0.215238 0.004286 0.007619
10 0.621071 0.199524 0.003571 0.006667
2 0.621071 0.196667 0.003571 0.006667
1 0.566071 0.221905 0.006429 0.013333
1 0.525357 0.213333 0.003571 0.011429
4 0.536429 0.178095 0.007143 0.009524
4 0.537857 0.175714 0.005714 0.008571
4 0.538571 0.173810 0.007143 0.008571
4 0.546071 0.180000 0.007857 0.007619
9 0.577143 0.169524 0.010000 0.015238
0 0.559643 0.149048 0.035000 0.018095
4 0.537500 0.153810 0.003571 0.004762
4 0.537857 0.164286 0.005714 0.004762
4 0.530357 0.165238 0.005000 0.004762
4 0.533214 0.162857 0.003571 0.005714
4 0.557143 0.186190 0.007143 0.008571
4 0.569286 0.185714 0.005714 0.007619
4 0.564286 0.209048 0.011429 0.012381
0 0.556429 0.171429 0.027143 0.015238
4 0.533571 0.158095 0.004286 0.003810
4 0.522500 0.166190 0.005000 0.004762
4 0.525357 0.163333 0.005000 0.004762
4 0.527857 0.160952 0.005714 0.005714
4 0.528571 0.157619 0.004286 0.006667
9 0.514643 0.164286 0.010714 0.012381
9 0.522500 0.158571 0.009286 0.008571
4 0.506429 0.167619 0.004286 0.005714
4 0.493929 0.174762 0.010714 0.006667
4 0.500000 0.168571 0.004286 0.005714
4 0.496786 0.169524 0.003571 0.007619
4 0.492143 0.169524 0.005714 0.005714
0 0.490714 0.160952 0.020000 0.009524
4 0.481429 0.187143 0.007143 0.008571
4 0.468214 0.194762 0.006429 0.008571
4 0.464643 0.198095 0.007857 0.009524
4 0.460714 0.200952 0.007143 0.009524
4 0.457857 0.204286 0.008571 0.010476
4 0.453929 0.208571 0.009286 0.011429
4 0.443929 0.215714 0.012143 0.014286
4 0.436786 0.222381 0.010714 0.014286
4 0.435357 0.211905 0.022143 0.014286
2 0.426429 0.230952 0.004286 0.012381
3 0.426429 0.233333 0.004286 0.009524
4 0.416786 0.219048 0.013571 0.015238
1 0.044286 0.468095 0.027143 0.039048
4 0.035000 0.417619 0.070000 0.044762
4 0.067500 0.404762 0.082143 0.038095
4 0.093214 0.386667 0.073571 0.038095
1 0.121786 0.392381 0.015000 0.034286
4 0.112857 0.374286 0.067143 0.038095
4 0.136429 0.366667 0.065714 0.032381
1 0.153214 0.385714 0.010714 0.034286
1 0.160714 0.383810 0.015714 0.038095
4 0.154286 0.354762 0.062857 0.031429
4 0.175357 0.344286 0.050714 0.031429
4 0.183214 0.335238 0.046429 0.024762
4 0.191786 0.327143 0.040714 0.020000
4 0.211429 0.316190 0.054286 0.030476
4 0.225357 0.311905 0.045000 0.025714
1 0.221786 0.341905 0.009286 0.024762
1 0.223929 0.331905 0.012143 0.023810
1 0.230000 0.330952 0.008571 0.025714
4 0.257143 0.290476 0.042857 0.020952
4 0.271071 0.285238 0.043571 0.020000
5 0.277500 0.276667 0.035000 0.021905
4 0.285357 0.272857 0.032143 0.018095
4 0.292857 0.268571 0.031429 0.019048
1 0.281786 0.257619 0.005000 0.016190
1 0.313929 0.272381 0.006429 0.019048
5 0.306071 0.261905 0.029286 0.022857
1 0.332143 0.277619 0.005714 0.021905
1 0.337857 0.277143 0.007143 0.019048
1 0.344643 0.278095 0.006429 0.019048
1 0.352143 0.272857 0.008571 0.021905
1 0.346786 0.252381 0.003571 0.017143
1 0.337857 0.257143 0.005714 0.019048
0 0.337500 0.235714 0.040714 0.021905
0 0.379286 0.219524 0.034286 0.016190
0 0.408571 0.209048 0.018571 0.012381
0 0.421786 0.191905 0.030714 0.020000
0 0.448571 0.180476 0.018571 0.016190
0 0.470000 0.170476 0.018571 0.019048
1 0.381786 0.239048 0.006429 0.013333
1 0.371786 0.247143 0.005000 0.012381
1 0.373929 0.243810 0.006429 0.015238
1 0.420357 0.212381 0.003571 0.013333
1 0.448214 0.192857 0.005000 0.012381
1 0.472143 0.186190 0.004286 0.008571
1 0.467857 0.187143 0.002857 0.010476
1 0.465000 0.188095 0.004286 0.010476
1 0.461429 0.192857 0.002857 0.008571
1 0.458214 0.193333 0.005000 0.009524
