4 0.362000 0.890667 0.143000 0.101333
6 0.291000 0.810333 0.201000 0.182000
4 0.296000 0.764667 0.119000 0.084000
4 0.305000 0.707000 0.129000 0.091333
4 0.330250 0.648667 0.118500 0.066667
5 0.247750 0.568667 0.079500 0.089333
5 0.290250 0.486333 0.088500 0.062000
4 0.287750 0.455000 0.074500 0.042000
4 0.248750 0.441333 0.080500 0.038667
4 0.218500 0.406667 0.059000 0.034667
4 0.304250 0.405667 0.037500 0.039333
1 0.162250 0.390667 0.012500 0.034667
1 0.165750 0.383000 0.013500 0.031333
4 0.245750 0.347333 0.024500 0.038667
4 0.284750 0.342000 0.028500 0.036000
3 0.281250 0.369667 0.021500 0.022000
2 0.280500 0.362333 0.012000 0.026000
5 0.301250 0.311667 0.026500 0.043333
3 0.213250 0.343333 0.014500 0.020000
10 0.211500 0.361333 0.006000 0.013333
2 0.210000 0.359333 0.006000 0.017333
7 0.177000 0.320000 0.016000 0.025333
6 0.243000 0.317667 0.082000 0.044667
5 0.255000 0.302333 0.044000 0.027333
6 0.260500 0.269667 0.028000 0.032667
4 0.309250 0.283667 0.028500 0.030000
4 0.220750 0.267333 0.048500 0.024000
4 0.214750 0.281000 0.053500 0.020667
4 0.213000 0.294000 0.050000 0.020000
4 0.203250 0.265333 0.040500 0.022667
4 0.236250 0.246667 0.042500 0.026667
4 0.199000 0.240000 0.044000 0.026667
4 0.231250 0.231333 0.037500 0.018667
4 0.196500 0.225000 0.041000 0.022000
6 0.194250 0.204000 0.069500 0.034667
6 0.213750 0.216000 0.041500 0.021333
5 0.233000 0.195667 0.013000 0.024667
4 0.231250 0.154333 0.013500 0.016667
5 0.202750 0.127333 0.010500 0.014667
5 0.204500 0.116333 0.009000 0.012667
4 0.200500 0.107667 0.010000 0.008667
0 0.166000 0.158333 0.017000 0.032667
9 0.186000 0.123333 0.024000 0.026667
4 0.185750 0.043667 0.010500 0.004667
1 0.214000 0.121333 0.003000 0.010667
10 0.210500 0.105667 0.003000 0.007333
2 0.210000 0.102667 0.002000 0.006667
10 0.212750 0.091333 0.002500 0.006667
2 0.212500 0.089000 0.003000 0.007333
4 0.238000 0.111000 0.013000 0.010000
4 0.250250 0.109667 0.016500 0.008667
4 0.245500 0.103667 0.018000 0.008667
4 0.243000 0.100000 0.019000 0.008000
5 0.240250 0.093667 0.016500 0.010000
4 0.236500 0.094667 0.014000 0.006667
4 0.234500 0.093667 0.013000 0.007333
5 0.227000 0.087000 0.010000 0.010000
6 0.224500 0.076000 0.017000 0.013333
4 0.220750 0.068333 0.005500 0.006000
0 0.203250 0.051000 0.019500 0.028667
4 0.247500 0.124333 0.013000 0.012667
1 0.247750 0.117333 0.002500 0.008000
2 0.259250 0.119333 0.002500 0.008000
4 0.252000 0.137000 0.018000 0.010000
4 0.257750 0.139667 0.020500 0.012667
4 0.276250 0.140667 0.023500 0.009333
5 0.264000 0.143333 0.020000 0.014667
5 0.269500 0.145000 0.021000 0.012667
4 0.270000 0.149333 0.028000 0.013333
4 0.269500 0.156000 0.030000 0.014667
5 0.279000 0.161333 0.027000 0.017333
4 0.280000 0.167333 0.023000 0.014667
6 0.284750 0.175667 0.027500 0.014000
6 0.302000 0.175667 0.045000 0.031333
4 0.262750 0.187667 0.017500 0.016667
2 0.346750 0.214333 0.005500 0.011333
4 0.297500 0.199000 0.025000 0.015333
5 0.306250 0.202667 0.029500 0.022667
4 0.778250 0.880333 0.104500 0.150000
5 0.720500 0.767333 0.113000 0.133333
3 0.813750 0.775333 0.035500 0.044000
6 0.642000 0.645000 0.092000 0.142000
4 0.606500 0.615333 0.083000 0.098667
7 0.545750 0.564667 0.042500 0.030667
4 0.648000 0.554667 0.019000 0.040000
10 0.566250 0.461000 0.011500 0.031333
4 0.436000 0.378667 0.041000 0.041333
4 0.379000 0.325667 0.029000 0.042000
5 0.401250 0.320667 0.029500 0.036000
4 0.376000 0.302333 0.039000 0.026000
5 0.359500 0.284667 0.036000 0.033333
4 0.361250 0.266000 0.044500 0.028000
5 0.324000 0.219000 0.031000 0.023333
5 0.314500 0.184333 0.038000 0.022000
6 0.386750 0.163667 0.041500 0.028667
4 0.410500 0.194667 0.011000 0.017333
4 0.446750 0.213000 0.022500 0.019333
10 0.470750 0.219667 0.004500 0.015333
5 0.476000 0.246000 0.038000 0.026667
4 0.514750 0.230000 0.016500 0.020000
5 0.536500 0.224667 0.015000 0.021333
5 0.524750 0.246000 0.033500 0.025333
4 0.527250 0.266333 0.036500 0.020667
4 0.933250 0.582000 0.102500 0.068000
4 0.873750 0.537667 0.102500 0.063333
4 0.811500 0.482333 0.067000 0.044667
5 0.784000 0.456667 0.067000 0.049333
