4 0.075714 0.942857 0.055714 0.114286
4 0.740357 0.962857 0.095000 0.074286
5 0.713571 0.905714 0.084286 0.078095
4 0.692857 0.832857 0.090000 0.084762
4 0.669286 0.770476 0.088571 0.081905
4 0.896071 0.803333 0.095000 0.096190
4 0.626429 0.637619 0.092857 0.080952
4 0.610714 0.576190 0.078571 0.083810
5 0.582143 0.519524 0.070000 0.063810
4 0.477143 0.540952 0.094286 0.076190
4 0.560000 0.460476 0.084286 0.061905
4 0.540357 0.398571 0.080714 0.060000
4 0.531071 0.351905 0.082143 0.065714
1 0.653214 0.442381 0.016429 0.020000
4 0.733929 0.382857 0.079286 0.085714
1 0.615357 0.289048 0.012143 0.029524
1 0.582500 0.306190 0.013571 0.023810
1 0.587857 0.294286 0.011429 0.024762
1 0.572500 0.275714 0.016429 0.027619
1 0.578214 0.204762 0.012143 0.032381
1 0.591429 0.209524 0.012857 0.032381
1 0.600357 0.205238 0.010714 0.040952
4 0.655714 0.216667 0.077143 0.069524
1 0.518929 0.146667 0.010714 0.028571
1 0.531786 0.137619 0.010714 0.031429
1 0.579643 0.112381 0.010714 0.032381
4 0.473571 0.147619 0.074286 0.070476
4 0.461786 0.098095 0.076429 0.064762
3 0.510357 0.067619 0.013571 0.049524
2 0.509286 0.056190 0.011429 0.028571
3 0.589643 0.047143 0.020714 0.031429
10 0.580000 0.025714 0.027143 0.030476
4 0.449286 0.053333 0.071429 0.053333
4 0.435714 0.020952 0.074286 0.041905
10 0.343214 0.425238 0.025000 0.056190
