0 0.314286 0.184286 0.037143 0.061905
4 0.502857 0.665238 0.027143 0.048571
4 0.511429 0.715238 0.021429 0.043810
4 0.626071 0.716190 0.045000 0.036190
4 0.652500 0.761429 0.047857 0.037143
4 0.666071 0.789048 0.036429 0.039048
4 0.431786 0.391429 0.007857 0.017143
4 0.467857 0.353810 0.017143 0.010476
4 0.424643 0.354286 0.020714 0.011429
4 0.417857 0.336667 0.017143 0.010476
4 0.399643 0.345714 0.015000 0.009524
4 0.384286 0.310476 0.005714 0.009524
4 0.467857 0.305714 0.011429 0.007619
4 0.432500 0.282857 0.012143 0.007619
4 0.420357 0.343810 0.017857 0.009524
4 0.425000 0.379524 0.008571 0.014286
6 0.382857 0.340952 0.015714 0.030476
6 0.426429 0.368095 0.021429 0.016190
6 0.375714 0.310000 0.005714 0.010476
5 0.399286 0.290476 0.017143 0.011429
4 0.381786 0.292857 0.012143 0.010476
6 0.402500 0.353810 0.015000 0.012381
6 0.401786 0.340476 0.015000 0.010476
6 0.410357 0.371905 0.016429 0.012381
5 0.447857 0.311429 0.008571 0.009524
0 0.488929 0.393810 0.010714 0.020000
5 0.430357 0.279048 0.010714 0.005714
0 0.152143 0.383810 0.075714 0.041905
0 0.328571 0.330476 0.010000 0.017143
0 0.338929 0.227619 0.017857 0.024762
0 0.285357 0.256667 0.017857 0.021905
0 0.376786 0.267143 0.016429 0.025714
1 0.213929 0.313333 0.005000 0.013333
6 0.615714 0.974762 0.075714 0.050476
6 0.486071 0.612381 0.042143 0.028571
6 0.236429 0.404286 0.015714 0.029524
6 0.343929 0.292857 0.009286 0.025714
6 0.396786 0.431905 0.033571 0.018095
6 0.409286 0.451905 0.035714 0.020000
4 0.288929 0.408095 0.009286 0.012381
4 0.291786 0.391905 0.009286 0.014286
9 0.299643 0.365238 0.015000 0.029524
4 0.359643 0.251905 0.006429 0.006667
4 0.355357 0.243810 0.003571 0.005714
4 0.331071 0.278095 0.005000 0.007619
4 0.385714 0.315238 0.007143 0.009524
0 0.053929 0.413333 0.033571 0.038095
0 0.006429 0.514762 0.012857 0.020000
