4 0.263214 0.474286 0.057857 0.040000
4 0.320714 0.491905 0.054286 0.033333
4 0.492143 0.530476 0.060000 0.045714
4 0.591071 0.553810 0.077857 0.052381
5 0.411429 0.506667 0.061429 0.040000
10 0.118571 0.370000 0.007143 0.012381
2 0.118214 0.363810 0.007857 0.011429
1 0.149643 0.360476 0.005000 0.018095
1 0.223214 0.343810 0.006429 0.017143
1 0.230000 0.342381 0.007143 0.018095
10 0.306429 0.367619 0.018571 0.015238
1 0.622500 0.582381 0.007857 0.033333
1 0.629286 0.580952 0.008571 0.034286
1 0.501786 0.497143 0.007857 0.028571
1 0.506429 0.490952 0.007143 0.023810
1 0.921786 0.702857 0.019286 0.047619
1 0.936071 0.688571 0.019286 0.043810
2 0.149286 0.362857 0.007143 0.007619
2 0.148571 0.366190 0.005714 0.006667
