4 0.335357 0.788571 0.059286 0.091429
6 0.391786 0.769524 0.063571 0.112381
4 0.379643 0.699524 0.045000 0.065714
4 0.438571 0.661429 0.041429 0.065714
4 0.417857 0.619048 0.040000 0.053333
4 0.475714 0.576190 0.030000 0.047619
4 0.462857 0.533810 0.030000 0.040952
4 0.513214 0.558571 0.025000 0.039048
4 0.498929 0.514286 0.022143 0.036190
4 0.485357 0.490476 0.026429 0.030476
4 0.459643 0.481429 0.016429 0.027619
4 0.531071 0.437619 0.020714 0.025714
4 0.574286 0.376190 0.017143 0.022857
4 0.571071 0.346667 0.015000 0.022857
4 0.566429 0.321905 0.012857 0.017143
4 0.581786 0.308571 0.012143 0.015238
4 0.577500 0.292857 0.010714 0.012381
4 0.596071 0.277619 0.009286 0.012381
4 0.626786 0.235238 0.006429 0.009524
4 0.652143 0.236667 0.005714 0.008571
4 0.708571 0.229048 0.014286 0.008571
0 0.648214 0.161905 0.012143 0.024762
0 0.632500 0.191429 0.015000 0.032381
4 0.645357 0.221429 0.006429 0.006667
4 0.645714 0.215238 0.005714 0.007619
0 0.651071 0.204762 0.019286 0.007619
2 0.640000 0.402381 0.004286 0.010476
10 0.638929 0.409048 0.003571 0.010476
4 0.558571 0.229048 0.010000 0.008571
1 0.570714 0.248095 0.002857 0.010476
1 0.570357 0.239048 0.002143 0.009524
0 0.547857 0.297143 0.018571 0.013333
0 0.551429 0.271429 0.004286 0.007619
0 0.561429 0.259524 0.004286 0.006667
0 0.553929 0.282857 0.005000 0.007619
1 0.560714 0.284286 0.002857 0.008571
0 0.576786 0.256190 0.009286 0.007619
1 0.588571 0.235714 0.002857 0.006667
0 0.524286 0.334762 0.004286 0.010476
2 0.534286 0.334762 0.004286 0.008571
10 0.534286 0.339524 0.004286 0.006667
0 0.472500 0.969524 0.032143 0.038095
