2 0.020357 0.748095 0.030714 0.021905
3 0.023929 0.757619 0.015000 0.040952
3 0.301786 0.781429 0.016429 0.033333
3 0.325000 0.719524 0.011429 0.033333
2 0.301071 0.779524 0.020714 0.025714
1 0.338929 0.712381 0.012143 0.026667
1 0.315357 0.695714 0.007857 0.027619
1 0.368929 0.586190 0.010714 0.027619
1 0.482143 0.473333 0.008571 0.026667
2 0.482143 0.514286 0.011429 0.022857
3 0.482143 0.523810 0.012857 0.024762
3 0.514643 0.403333 0.006429 0.023810
1 0.656429 0.161429 0.002857 0.016190
1 0.629643 0.198571 0.003571 0.020000
1 0.525357 0.630476 0.005000 0.017143
1 0.781429 0.005238 0.004286 0.010476
3 0.856071 0.554762 0.023571 0.020000
3 0.856786 0.546667 0.027857 0.015238
3 0.856786 0.538095 0.026429 0.013333
3 0.860000 0.522857 0.030000 0.022857
3 0.865714 0.513333 0.031429 0.019048
3 0.870714 0.504762 0.024286 0.017143
3 0.872857 0.498571 0.022857 0.016190
