4 0.636221 0.918831 0.060543 0.106679
4 0.598121 0.657699 0.046973 0.053803
5 0.547756 0.636827 0.042276 0.069573
4 0.586117 0.598330 0.026096 0.066790
4 0.629697 0.560297 0.038100 0.055659
1 0.531315 0.570965 0.007307 0.023191
1 0.536013 0.570037 0.007307 0.028757
1 0.666754 0.461967 0.005741 0.018553
1 0.669363 0.458256 0.005741 0.025974
1 0.675104 0.461967 0.003653 0.018553
4 0.726253 0.459647 0.031837 0.045455
5 0.757307 0.427644 0.026096 0.035250
4 0.786795 0.397495 0.026618 0.036178
9 0.917797 0.403525 0.055846 0.089054
9 0.962944 0.346011 0.042797 0.074212
5 0.953288 0.248145 0.015136 0.036178
1 0.747390 0.411874 0.006263 0.025974
10 0.693111 0.456865 0.012526 0.021336
0 0.766962 0.388219 0.027662 0.034323
4 0.959029 0.205473 0.024530 0.017625
4 0.969990 0.191095 0.028706 0.014842
4 0.989040 0.164193 0.019833 0.022263
10 0.595772 0.556586 0.013048 0.020408
10 0.609081 0.543599 0.015658 0.018553
0 0.721816 0.409555 0.029228 0.038033
3 0.500261 0.639147 0.010960 0.024119
10 0.510438 0.623840 0.014614 0.028757
10 0.518006 0.621058 0.017223 0.028757
10 0.361952 0.740260 0.023486 0.029685
10 0.356733 0.732375 0.022443 0.034323
10 0.791232 0.365028 0.019833 0.025046
