6 0.490000 0.863810 0.045714 0.152381
6 0.468571 0.574762 0.052857 0.124762
6 0.518571 0.474286 0.055714 0.222857
6 0.528214 0.263810 0.045000 0.186667
6 0.534286 0.140952 0.032857 0.087619
6 0.538929 0.029048 0.030714 0.058095
6 0.499286 0.110952 0.034286 0.086667
1 0.507857 0.154762 0.010000 0.027619
2 0.499643 0.140476 0.007857 0.031429
7 0.497857 0.225714 0.018571 0.047619
7 0.498214 0.316667 0.026429 0.056190
1 0.494286 0.332857 0.011429 0.027619
4 0.357500 0.696190 0.039286 0.099048
4 0.323214 0.570476 0.046429 0.091429
2 0.308571 0.570952 0.014286 0.027619
4 0.298571 0.486190 0.038571 0.077143
7 0.265357 0.678571 0.025000 0.050476
4 0.053214 0.446190 0.053571 0.086667
5 0.025000 0.425238 0.050000 0.079048
4 0.026429 0.311905 0.052857 0.037143
5 0.338214 0.224762 0.027857 0.062857
1 0.233214 0.357143 0.013571 0.022857
1 0.215714 0.444762 0.012857 0.020952
1 0.301786 0.153333 0.012143 0.024762
2 0.299286 0.014286 0.010000 0.019048
10 0.166429 0.681429 0.025714 0.031429
10 0.148571 0.811905 0.034286 0.021905
1 0.482143 0.505714 0.011429 0.019048
1 0.485000 0.492381 0.007143 0.022857
1 0.484286 0.480476 0.008571 0.023810
1 0.484286 0.470952 0.007143 0.023810
