4 0.588571 0.912857 0.162857 0.147619
4 0.570714 0.788095 0.152857 0.115238
4 0.552143 0.680952 0.140000 0.108571
4 0.527857 0.584762 0.144286 0.100952
4 0.512500 0.485238 0.113571 0.094286
4 0.492143 0.411905 0.125714 0.107619
4 0.465714 0.344286 0.097143 0.080952
4 0.428929 0.093333 0.099286 0.070476
4 0.421429 0.031905 0.100000 0.063810
4 0.973214 0.095714 0.053571 0.096190
4 0.470714 0.280000 0.114286 0.062857
4 0.460357 0.229048 0.106429 0.073333
4 0.441786 0.172857 0.103571 0.082857
0 0.934286 0.463333 0.085714 0.162857
4 0.964643 0.763333 0.070714 0.199048
4 0.828214 0.249524 0.086429 0.142857
10 0.314643 0.609524 0.023571 0.076190
10 0.345000 0.678095 0.054286 0.043810
10 0.311071 0.199524 0.035000 0.039048
10 0.293571 0.228571 0.034286 0.041905
10 0.302143 0.211429 0.027143 0.032381
10 0.287143 0.277143 0.015714 0.049524
1 0.333929 0.240952 0.019286 0.045714
1 0.325000 0.350952 0.021429 0.052381
1 0.366786 0.255238 0.017857 0.047619
1 0.384643 0.217143 0.016429 0.049524
1 0.343214 0.180952 0.016429 0.051429
1 0.315714 0.179524 0.014286 0.042857
1 0.371786 0.229048 0.012143 0.023810
1 0.359286 0.217143 0.017143 0.041905
4 0.718571 0.170952 0.075714 0.115238
1 0.947500 0.071429 0.015000 0.049524
1 0.935000 0.072857 0.018571 0.039048
1 0.941071 0.051905 0.013571 0.042857
1 0.930714 0.046190 0.018571 0.039048
2 0.903929 0.062381 0.016429 0.040952
0 0.895714 0.070000 0.018571 0.044762
