5 0.034969 0.290353 0.036534 0.076067
8 0.073852 0.273655 0.019311 0.042672
4 0.087944 0.314007 0.034969 0.076994
4 0.117432 0.311224 0.031315 0.071429
4 0.149530 0.312152 0.031837 0.075139
4 0.176670 0.314007 0.033925 0.076994
5 0.206159 0.315399 0.033403 0.063080
4 0.232255 0.327922 0.036534 0.073284
4 0.260960 0.336271 0.031315 0.075139
4 0.288361 0.337199 0.031837 0.073284
4 0.317328 0.345083 0.031315 0.077922
4 0.348643 0.346939 0.029228 0.070501
10 0.374739 0.358071 0.009395 0.031540
4 0.402662 0.358998 0.028706 0.076067
4 0.429802 0.357143 0.023486 0.081633
4 0.456681 0.360853 0.024008 0.074212
5 0.484342 0.373840 0.024008 0.083488
5 0.520877 0.371058 0.024008 0.089054
5 0.580637 0.388219 0.023486 0.084416
7 0.553758 0.375232 0.024008 0.064007
3 0.539666 0.376623 0.007307 0.038961
4 0.639875 0.398423 0.025052 0.080705
3 0.725731 0.398423 0.007829 0.036178
10 0.745042 0.406308 0.009916 0.027829
4 0.680324 0.447124 0.053758 0.044527
4 0.688152 0.495826 0.058977 0.043599
4 0.703027 0.538961 0.063674 0.048237
4 0.607777 0.511596 0.058977 0.052876
5 0.661534 0.595547 0.052714 0.051948
6 0.736952 0.587662 0.078288 0.073284
10 0.725731 0.658163 0.027662 0.021336
4 0.821242 0.581633 0.069415 0.053803
10 0.887004 0.532468 0.013048 0.044527
4 0.498956 0.488868 0.059499 0.048237
4 0.384395 0.474026 0.062109 0.046382
10 0.414144 0.517161 0.010960 0.039889
10 0.414144 0.558442 0.017223 0.037106
10 0.457203 0.517161 0.020877 0.026902
5 0.480950 0.575139 0.050626 0.051948
4 0.371868 0.557514 0.058977 0.051948
10 0.342119 0.490260 0.017223 0.030612
7 0.336378 0.528757 0.013048 0.029685
8 0.322808 0.518089 0.018267 0.051020
7 0.280010 0.465213 0.030793 0.039889
10 0.238518 0.481447 0.019833 0.035250
4 0.261221 0.532004 0.061065 0.051020
4 0.174322 0.434137 0.056367 0.044527
6 0.148486 0.506030 0.076722 0.065863
4 0.063674 0.415584 0.061587 0.048237
4 0.036013 0.493970 0.061587 0.051020
10 0.234603 0.698516 0.010960 0.011132
10 0.262004 0.697124 0.007307 0.023191
10 0.272704 0.702690 0.005741 0.017625
10 0.280793 0.706865 0.006263 0.020408
10 0.289927 0.709184 0.005741 0.013915
10 0.294363 0.704082 0.007307 0.031540
10 0.303497 0.710575 0.006785 0.011132
10 0.311326 0.706401 0.005741 0.019481
10 0.319154 0.709647 0.008873 0.016698
10 0.330637 0.712894 0.006785 0.019481
10 0.339509 0.705937 0.007829 0.031540
10 0.346033 0.705473 0.005219 0.028757
10 0.352557 0.709647 0.008873 0.042672
10 0.364823 0.723562 0.007307 0.022263
10 0.373956 0.716141 0.009916 0.035250
10 0.386221 0.722635 0.007307 0.024119
10 0.397182 0.726809 0.008351 0.021336
10 0.405271 0.724490 0.007829 0.027829
10 0.419885 0.726345 0.020355 0.033395
10 0.394311 0.665584 0.022443 0.021336
1 0.391441 0.656772 0.008351 0.020408
10 0.455115 0.717996 0.026096 0.020408
2 0.455376 0.706865 0.009916 0.022263
2 0.726775 0.651206 0.010960 0.025974
