1 0.060714 0.270000 0.017143 0.031429
1 0.045357 0.268095 0.013571 0.037143
1 0.120357 0.241429 0.010714 0.037143
1 0.142500 0.238571 0.016429 0.037143
0 0.198929 0.207143 0.036429 0.052381
1 0.231429 0.196667 0.017143 0.033333
1 0.291071 0.196190 0.010714 0.030476
1 0.285357 0.194762 0.006429 0.031429
1 0.291786 0.180000 0.009286 0.019048
1 0.283214 0.170476 0.010714 0.017143
1 0.359643 0.179524 0.010714 0.031429
1 0.402500 0.187619 0.009286 0.034286
1 0.437143 0.177619 0.010000 0.027619
1 0.475000 0.194762 0.008571 0.023810
1 0.484286 0.188571 0.010000 0.026667
1 0.488929 0.179524 0.012143 0.021905
1 0.496786 0.176190 0.010714 0.028571
1 0.505714 0.173333 0.010000 0.030476
1 0.513929 0.169524 0.006429 0.020952
1 0.521429 0.164762 0.008571 0.020952
1 0.017143 0.315238 0.020000 0.034286
1 0.612143 0.198571 0.008571 0.035238
1 0.519286 0.405714 0.012857 0.032381
1 0.641786 0.391905 0.012143 0.040952
1 0.680357 0.404762 0.012143 0.045714
1 0.696071 0.416190 0.013571 0.040000
1 0.869286 0.635714 0.022857 0.058095
1 0.898571 0.644762 0.022857 0.060952
