9 0.542857 0.729695 0.062857 0.286802
9 0.510714 0.482868 0.048571 0.186548
9 0.490357 0.279188 0.046429 0.197970
9 0.558571 0.209391 0.047143 0.175127
9 0.648214 0.078046 0.115000 0.092640
9 0.762500 0.051396 0.107857 0.082487
9 0.463571 0.051396 0.034286 0.102792
4 0.247857 0.640228 0.030000 0.087563
4 0.381786 0.731599 0.065000 0.054569
4 0.844286 0.954949 0.048571 0.087563
4 0.846786 0.053299 0.043571 0.048223
6 0.919286 0.034264 0.080000 0.068528
5 0.852500 0.152919 0.055000 0.057107
5 0.870714 0.311548 0.064286 0.064721
5 0.708571 0.367386 0.041429 0.092640
5 0.684643 0.402284 0.039286 0.093909
5 0.660357 0.438452 0.043571 0.095178
5 0.638571 0.506980 0.042857 0.100254
1 0.492500 0.078046 0.007857 0.026650
1 0.491429 0.065990 0.008571 0.027919
4 0.652857 0.317259 0.044286 0.040609
10 0.975714 0.228426 0.017143 0.035533
2 0.976429 0.220812 0.014286 0.032995
