4 0.520000 0.824239 0.024286 0.054569
5 0.728929 0.616117 0.029286 0.062183
5 0.675357 0.559010 0.026429 0.054569
4 0.647857 0.455584 0.021429 0.038071
4 0.592500 0.236041 0.009286 0.022843
4 0.470357 0.443528 0.017857 0.024112
0 0.337500 0.060914 0.026429 0.045685
4 0.603929 0.196066 0.010714 0.016497
4 0.676071 0.131980 0.010714 0.010152
0 0.796071 0.237310 0.043571 0.032995
4 0.780714 0.092640 0.010000 0.010152
6 0.818571 0.208122 0.032857 0.025381
4 0.848214 0.217005 0.013571 0.015228
6 0.832143 0.179569 0.018571 0.024112
6 0.798929 0.180203 0.032143 0.025381
6 0.803214 0.176396 0.032143 0.025381
6 0.816429 0.173223 0.030000 0.024112
6 0.826429 0.166878 0.031429 0.021574
4 0.864643 0.156726 0.007857 0.011421
4 0.875000 0.153553 0.007143 0.010152
4 0.872857 0.097716 0.008571 0.010152
4 0.892500 0.085660 0.007857 0.008883
4 0.873571 0.066624 0.008571 0.011421
4 0.888571 0.063452 0.007143 0.010152
0 0.912143 0.027284 0.088571 0.054569
0 0.928571 0.284898 0.042857 0.041878
5 0.971071 0.231599 0.020714 0.019036
