1 0.887500 0.936667 0.053571 0.058095
1 0.922143 0.890000 0.048571 0.054286
1 0.528929 0.611905 0.043571 0.056190
1 0.369643 0.513810 0.045000 0.060000
1 0.275357 0.540476 0.033571 0.058095
1 0.305714 0.475238 0.037143 0.066667
1 0.214643 0.554286 0.032143 0.043810
1 0.222143 0.437619 0.042857 0.052381
1 0.160000 0.539048 0.038571 0.040000
1 0.177143 0.410476 0.031429 0.041905
1 0.124286 0.500476 0.031429 0.052381
1 0.076429 0.443810 0.030000 0.055238
1 0.012143 0.465238 0.024286 0.029524
1 0.015714 0.438095 0.027143 0.036190
