6 0.034643 0.687817 0.040714 0.088832
6 0.559643 0.230964 0.033571 0.030457
6 0.616071 0.178299 0.016429 0.021574
4 0.006786 0.669416 0.013571 0.054569
4 0.056071 0.515228 0.025000 0.040609
4 0.163929 0.232868 0.015000 0.016497
4 0.270357 0.162437 0.012143 0.017766
4 0.159643 0.347716 0.019286 0.032995
4 0.265000 0.138325 0.010000 0.012690
4 0.367857 0.237944 0.008571 0.019036
4 0.377143 0.536802 0.025714 0.027919
4 0.414643 0.495558 0.022143 0.021574
4 0.335357 0.585025 0.029286 0.035533
4 0.463929 0.744924 0.020714 0.055838
4 0.455000 0.546320 0.024286 0.041878
4 0.856786 0.795685 0.033571 0.045685
4 0.413214 0.188452 0.006429 0.008883
4 0.424643 0.184010 0.007857 0.012690
4 0.385357 0.065355 0.006429 0.006345
4 0.421071 0.039340 0.005000 0.005076
4 0.415714 0.037437 0.004286 0.006345
5 0.345714 0.852792 0.031429 0.083756
5 0.063929 0.567893 0.026429 0.057107
5 0.074643 0.354695 0.019286 0.026650
5 0.206429 0.186548 0.014286 0.020305
5 0.279643 0.121827 0.010714 0.012690
5 0.287857 0.125000 0.008571 0.013959
6 0.355714 0.078680 0.011429 0.020305
6 0.367857 0.076142 0.010000 0.017766
6 0.404286 0.048223 0.008571 0.015228
5 0.395357 0.051396 0.005000 0.008883
5 0.422500 0.234137 0.009286 0.021574
4 0.891071 0.243655 0.020714 0.017766
4 0.914286 0.250000 0.020000 0.015228
4 0.941786 0.255711 0.020714 0.016497
4 0.942500 0.243020 0.019286 0.013959
1 0.751429 0.196066 0.004286 0.013959
5 0.450000 0.463832 0.022857 0.031726
9 0.427857 0.094543 0.014286 0.026650
4 0.509286 0.168147 0.007143 0.011421
4 0.769286 0.255711 0.014286 0.016497
4 0.798571 0.223985 0.011429 0.016497
1 0.795714 0.197335 0.004286 0.011421
4 0.638929 0.241117 0.016429 0.012690
9 0.786786 0.604061 0.105000 0.101523
9 0.655714 0.201777 0.027143 0.032995
9 0.713214 0.189086 0.040714 0.032995
9 0.643929 0.184645 0.020714 0.016497
9 0.674643 0.184010 0.036429 0.030457
6 0.445714 0.073604 0.005714 0.015228
4 0.443214 0.084391 0.005000 0.006345
4 0.472500 0.093909 0.003571 0.010152
4 0.434286 0.029822 0.004286 0.006345
4 0.439643 0.024746 0.003571 0.006345
