1 0.024250 0.925667 0.048500 0.046000
1 0.162750 0.824333 0.077500 0.070000
2 0.227500 0.764333 0.056000 0.071333
10 0.229750 0.767333 0.063500 0.082667
1 0.081750 0.642333 0.056500 0.070000
2 0.299250 0.758667 0.054500 0.077333
2 0.339250 0.751667 0.058500 0.070000
4 0.289250 0.909667 0.266500 0.180667
2 0.673000 0.901667 0.052000 0.088667
10 0.674750 0.904667 0.068500 0.106667
1 0.569000 0.779333 0.035000 0.060000
1 0.675000 0.729333 0.035000 0.057333
1 0.619250 0.720000 0.031500 0.076000
1 0.585750 0.709667 0.030500 0.048667
1 0.626000 0.654667 0.035000 0.066667
1 0.662000 0.634667 0.035000 0.058667
1 0.665750 0.567667 0.028500 0.078000
1 0.701500 0.496333 0.031000 0.059333
3 0.708750 0.544000 0.030500 0.088000
1 0.618250 0.544667 0.022500 0.062667
1 0.600750 0.552667 0.022500 0.062667
2 0.558750 0.548333 0.031500 0.062000
10 0.557250 0.547333 0.050500 0.082667
1 0.610750 0.503000 0.030500 0.060667
1 0.631500 0.496333 0.019000 0.062000
1 0.662750 0.456667 0.028500 0.072000
1 0.670500 0.425333 0.028000 0.061333
10 0.633500 0.342000 0.030000 0.065333
1 0.674250 0.345667 0.027500 0.068667
1 0.698750 0.331000 0.020500 0.043333
1 0.692750 0.302333 0.021500 0.063333
10 0.762750 0.235667 0.052500 0.044667
10 0.700250 0.181667 0.045500 0.047333
1 0.634000 0.196333 0.018000 0.052667
1 0.648250 0.229667 0.016500 0.056667
1 0.647500 0.192333 0.026000 0.056667
4 0.549750 0.220333 0.146500 0.082000
10 0.465250 0.300000 0.029500 0.072000
5 0.555250 0.174000 0.106500 0.065333
5 0.582500 0.142667 0.091000 0.080000
5 0.589250 0.084000 0.091500 0.077333
1 0.516000 0.034333 0.019000 0.047333
5 0.362000 0.433667 0.087000 0.151333
5 0.256500 0.398333 0.171000 0.112667
5 0.207750 0.323333 0.142500 0.077333
5 0.315250 0.219333 0.141500 0.092000
10 0.404250 0.160000 0.028500 0.044000
5 0.409250 0.087333 0.084500 0.076000
5 0.407250 0.050667 0.087500 0.058667
1 0.446500 0.013667 0.012000 0.027333
5 0.684750 0.129333 0.051500 0.086667
0 0.289250 0.063667 0.145500 0.127333
1 0.190750 0.115667 0.025500 0.054000
2 0.170000 0.109333 0.027000 0.036000
2 0.152750 0.115333 0.020500 0.033333
3 0.107750 0.154333 0.030500 0.040667
1 0.720750 0.451333 0.021500 0.073333
