4 0.175500 0.595667 0.198000 0.184667
1 0.244500 0.647000 0.032000 0.100667
1 0.253250 0.623000 0.040500 0.091333
1 0.303500 0.582333 0.037000 0.094000
5 0.508000 0.578333 0.193000 0.143333
4 0.735000 0.586667 0.220000 0.144000
3 0.641000 0.729333 0.093000 0.064000
2 0.646750 0.702667 0.037500 0.088000
5 0.758000 0.303333 0.081000 0.166667
4 0.867250 0.315333 0.108500 0.137333
4 0.946000 0.586333 0.108000 0.132667
5 0.658000 0.289667 0.084000 0.175333
4 0.551000 0.302000 0.080000 0.142667
5 0.455750 0.305000 0.070500 0.170000
4 0.365000 0.295333 0.086000 0.138667
5 0.287750 0.276000 0.090500 0.138667
3 0.893250 0.067000 0.021500 0.052667
3 0.869250 0.061333 0.028500 0.048000
10 0.825500 0.073667 0.022000 0.054000
6 0.782000 0.090667 0.066000 0.102667
5 0.706250 0.077000 0.054500 0.114000
1 0.570500 0.049333 0.018000 0.057333
8 0.500500 0.088000 0.034000 0.077333
10 0.189500 0.055333 0.023000 0.041333
10 0.260250 0.040333 0.020500 0.047333
2 0.189000 0.037333 0.020000 0.050667
2 0.259500 0.033000 0.022000 0.051333
7 0.308250 0.024000 0.029500 0.048000
2 0.311750 0.013667 0.018500 0.027333
