5 0.183750 0.724333 0.099500 0.246000
1 0.255250 0.805667 0.030500 0.038000
2 0.257250 0.731667 0.035500 0.044667
1 0.353500 0.821667 0.033000 0.038000
1 0.401750 0.831667 0.025500 0.048667
1 0.432000 0.841333 0.027000 0.048000
3 0.382250 0.874000 0.054500 0.060000
1 0.400250 0.577667 0.029500 0.052667
2 0.701250 0.601667 0.033500 0.051333
5 0.735250 0.441333 0.084500 0.216000
2 0.630250 0.225667 0.022500 0.060667
2 0.555500 0.277000 0.023000 0.040667
10 0.555500 0.285333 0.024000 0.074667
1 0.577250 0.165000 0.024500 0.063333
2 0.402250 0.307000 0.020500 0.046000
2 0.403000 0.293333 0.017000 0.032000
3 0.401750 0.323000 0.020500 0.060667
5 0.223750 0.235000 0.083500 0.186000
2 0.319000 0.255000 0.030000 0.051333
1 0.289750 0.236333 0.031500 0.068667
2 0.343000 0.028333 0.028000 0.056667
10 0.343250 0.044000 0.027500 0.056000
5 0.173000 0.049000 0.117000 0.098000
