0 0.246429 0.604762 0.031429 0.060952
0 0.326429 0.681905 0.051429 0.036190
0 0.312857 0.789048 0.044286 0.140000
4 0.112500 0.873333 0.069286 0.142857
4 0.071429 0.851905 0.045714 0.115238
4 0.016429 0.937619 0.032857 0.120952
1 0.569643 0.624762 0.012143 0.043810
4 0.513929 0.707619 0.036429 0.118095
4 0.525714 0.593810 0.035714 0.103810
4 0.535000 0.494286 0.027143 0.085714
4 0.541071 0.390476 0.027857 0.080000
4 0.548571 0.308571 0.028571 0.068571
4 0.553571 0.234286 0.028571 0.060952
4 0.561786 0.150952 0.027857 0.052381
4 0.571786 0.095238 0.020714 0.051429
4 0.572500 0.043333 0.022143 0.046667
5 0.581786 0.282381 0.023571 0.069524
5 0.440357 0.131429 0.022143 0.043810
4 0.450000 0.089524 0.017143 0.040000
1 0.503571 0.077143 0.004286 0.019048
1 0.497143 0.075238 0.004286 0.017143
1 0.492857 0.097143 0.004286 0.017143
1 0.488214 0.083333 0.005000 0.020000
1 0.480357 0.082857 0.005000 0.017143
1 0.473214 0.092381 0.005000 0.015238
1 0.516071 0.112381 0.005000 0.024762
1 0.522143 0.113333 0.002857 0.015238
1 0.414643 0.179048 0.005000 0.026667
1 0.404643 0.172857 0.005000 0.020000
1 0.397500 0.174286 0.005000 0.020952
1 0.392143 0.159524 0.004286 0.020000
4 0.576071 0.010000 0.019286 0.018095
1 0.612143 0.249524 0.007143 0.034286
1 0.393929 0.227143 0.003571 0.016190
1 0.401071 0.218095 0.003571 0.009524
4 0.736786 0.958571 0.039286 0.080952
4 0.731786 0.837619 0.037857 0.111429
4 0.718571 0.550476 0.034286 0.089524
4 0.724286 0.670000 0.038571 0.105714
4 0.610714 0.404762 0.030000 0.080000
4 0.709643 0.307143 0.026429 0.061905
4 0.711786 0.409524 0.029286 0.074286
4 0.702857 0.225238 0.025714 0.052381
4 0.700357 0.166667 0.023571 0.053333
4 0.656786 0.154762 0.022143 0.050476
4 0.693214 0.021905 0.020714 0.041905
5 0.780000 0.013333 0.041429 0.026667
5 0.784286 0.009524 0.038571 0.019048
5 0.783214 0.046190 0.047857 0.025714
5 0.794286 0.088095 0.045714 0.040952
4 0.792143 0.066190 0.044286 0.029524
4 0.786786 0.154762 0.049286 0.037143
4 0.788929 0.179048 0.047857 0.034286
4 0.788571 0.200952 0.050000 0.032381
4 0.792500 0.233810 0.049286 0.035238
5 0.800000 0.262857 0.061429 0.049524
4 0.903571 0.076667 0.027143 0.044762
4 0.883571 0.025714 0.024286 0.043810
1 0.842857 0.089524 0.007143 0.022857
1 0.850357 0.085714 0.005000 0.019048
0 0.879286 0.163810 0.042857 0.047619
4 0.798929 0.293810 0.045000 0.035238
4 0.812143 0.327619 0.062857 0.036190
4 0.825000 0.366190 0.051429 0.046667
4 0.819286 0.416667 0.067143 0.054286
4 0.823571 0.454762 0.065714 0.050476
5 0.820357 0.493333 0.063571 0.051429
5 0.825714 0.549048 0.072857 0.052381
4 0.840000 0.616667 0.081429 0.071429
4 0.848214 0.678095 0.083571 0.078095
4 0.852500 0.747619 0.089286 0.060952
4 0.870357 0.830000 0.100714 0.092381
4 0.888929 0.939524 0.107857 0.090476
0 0.879643 0.237143 0.017857 0.038095
