4 0.131429 0.086190 0.044286 0.023810
5 0.090000 0.179524 0.054286 0.037143
6 0.173214 0.169524 0.070714 0.051429
6 0.117857 0.220952 0.080000 0.045714
5 0.328571 0.012857 0.041429 0.025714
5 0.277500 0.091429 0.046429 0.028571
5 0.377857 0.087619 0.034286 0.030476
8 0.326071 0.099524 0.036429 0.025714
8 0.411429 0.128571 0.035714 0.049524
8 0.381071 0.225238 0.029286 0.046667
8 0.373929 0.321429 0.026429 0.039048
1 0.540000 0.011905 0.004286 0.012381
1 0.544643 0.010000 0.003571 0.018095
4 0.556429 0.028095 0.037143 0.021905
8 0.448571 0.116667 0.025714 0.027619
8 0.443929 0.100000 0.035000 0.030476
8 0.470357 0.106667 0.019286 0.017143
1 0.471786 0.105714 0.006429 0.020952
1 0.475714 0.097143 0.005714 0.019048
1 0.441786 0.103810 0.005000 0.019048
1 0.394286 0.110952 0.005714 0.020000
1 0.447143 0.104286 0.004286 0.020000
2 0.431786 0.126190 0.006429 0.010476
6 0.356429 0.124286 0.031429 0.052381
1 0.366429 0.126667 0.005714 0.024762
8 0.261071 0.364762 0.039286 0.024762
4 0.030357 0.307619 0.043571 0.053333
1 0.012143 0.391429 0.014286 0.024762
1 0.011429 0.377143 0.012857 0.024762
6 0.088929 0.296190 0.060714 0.091429
5 0.141071 0.469524 0.049286 0.059048
3 0.307500 0.824762 0.035000 0.020952
10 0.308929 0.790952 0.032143 0.018095
1 0.298929 0.365238 0.009286 0.025714
1 0.318929 0.331905 0.009286 0.021905
1 0.320714 0.346667 0.010000 0.026667
1 0.346786 0.326190 0.007857 0.023810
1 0.324286 0.256667 0.007143 0.020000
1 0.346786 0.262381 0.009286 0.023810
2 0.347143 0.240000 0.010000 0.022857
10 0.346786 0.243333 0.010714 0.021905
10 0.376786 0.272381 0.017857 0.024762
1 0.401071 0.219524 0.006429 0.023810
1 0.406786 0.205714 0.006429 0.022857
1 0.428571 0.199048 0.005714 0.024762
1 0.453214 0.201905 0.006429 0.020952
10 0.423571 0.206667 0.021429 0.017143
2 0.464286 0.155238 0.005714 0.015238
2 0.465714 0.147619 0.008571 0.015238
2 0.492143 0.130000 0.007143 0.014286
8 0.495000 0.125238 0.010000 0.020000
8 0.566429 0.115714 0.028571 0.023810
8 0.726071 0.119524 0.025000 0.020000
6 0.815714 0.016667 0.071429 0.033333
6 0.670000 0.030000 0.075714 0.058095
5 0.701071 0.031429 0.033571 0.024762
1 0.769643 0.021429 0.006429 0.016190
1 0.748214 0.022857 0.006429 0.015238
1 0.824286 0.124286 0.007143 0.018095
1 0.817500 0.128095 0.007857 0.020000
1 0.785357 0.129524 0.005000 0.020952
1 0.799643 0.124762 0.007857 0.020952
10 0.748214 0.123810 0.017857 0.017143
4 0.695357 0.116190 0.032143 0.026667
4 0.634286 0.011429 0.034286 0.020952
1 0.643214 0.115238 0.005000 0.019048
1 0.622500 0.119524 0.003571 0.020000
1 0.587857 0.122857 0.004286 0.020952
2 0.612857 0.113333 0.007143 0.015238
2 0.615357 0.121905 0.006429 0.009524
2 0.623214 0.140000 0.005000 0.019048
2 0.616071 0.139048 0.005000 0.015238
2 0.612143 0.127143 0.005714 0.010476
1 0.601429 0.126190 0.008571 0.012381
1 0.600714 0.137143 0.007143 0.013333
1 0.592143 0.150952 0.005714 0.025714
1 0.546786 0.230000 0.006429 0.021905
4 0.538929 0.232857 0.032143 0.044762
4 0.510357 0.176667 0.026429 0.039048
1 0.541071 0.165714 0.005000 0.024762
1 0.531786 0.103333 0.006429 0.021905
10 0.596071 0.968095 0.007857 0.031429
2 0.597143 0.961429 0.011429 0.012381
