4 0.685000 0.766667 0.054286 0.040000
4 0.493214 0.292857 0.007857 0.014286
4 0.528214 0.158571 0.005000 0.008571
4 0.379286 0.263333 0.014286 0.010476
4 0.361429 0.296667 0.018571 0.012381
9 0.158214 0.459524 0.125000 0.077143
9 0.119643 0.463810 0.107857 0.080000
9 0.079643 0.466190 0.107857 0.075238
9 0.048929 0.477619 0.096429 0.092381
9 0.032143 0.460952 0.064286 0.060952
9 0.020714 0.449048 0.041429 0.042857
9 0.009286 0.434762 0.018571 0.025714
1 0.315000 0.267619 0.002857 0.007619
1 0.320000 0.271905 0.004286 0.008571
1 0.315357 0.293810 0.005000 0.010476
1 0.314643 0.280000 0.003571 0.007619
1 0.302857 0.280476 0.004286 0.010476
1 0.297857 0.284762 0.004286 0.009524
1 0.293929 0.292857 0.005000 0.008571
1 0.271429 0.326667 0.004286 0.011429
1 0.266429 0.326190 0.004286 0.012381
1 0.260357 0.333810 0.006429 0.012381
1 0.256071 0.334286 0.005000 0.011429
1 0.250714 0.337143 0.004286 0.011429
1 0.263571 0.391429 0.004286 0.011429
1 0.262500 0.380000 0.005000 0.013333
1 0.269643 0.369048 0.005000 0.012381
1 0.278214 0.354286 0.003571 0.011429
1 0.282143 0.353810 0.004286 0.010476
1 0.290714 0.359524 0.004286 0.014286
1 0.287500 0.360476 0.003571 0.014286
1 0.077857 0.417619 0.007143 0.012381
1 0.145357 0.373333 0.005000 0.013333
1 0.142500 0.371905 0.003571 0.012381
1 0.125357 0.418571 0.006429 0.014286
