1 0.352143 0.756345 0.008571 0.038071
4 0.397857 0.819797 0.070000 0.091371
4 0.565714 0.772208 0.057143 0.079949
4 0.623929 0.686548 0.055000 0.073604
4 0.575714 0.686548 0.055714 0.073604
4 0.552500 0.643401 0.053571 0.068528
4 0.489643 0.712563 0.057857 0.077411
1 0.863571 0.848985 0.014286 0.038071
10 0.886071 0.958122 0.016429 0.060914
2 0.887857 0.965102 0.010000 0.026650
2 0.885714 0.947335 0.015714 0.034264
3 0.828571 0.766497 0.022857 0.035533
2 0.830714 0.753807 0.012857 0.035533
1 0.978214 0.675127 0.012143 0.032995
1 0.674643 0.623096 0.010714 0.032995
1 0.631071 0.368020 0.007857 0.030457
3 0.592500 0.387690 0.015000 0.024112
2 0.592143 0.379442 0.010000 0.025381
6 0.910714 0.381980 0.060000 0.091371
4 0.972500 0.430838 0.030714 0.049492
4 0.988929 0.394670 0.022143 0.050761
1 0.608214 0.223350 0.005000 0.017766
5 0.606786 0.185914 0.033571 0.044416
