1 0.414405 0.685529 0.021921 0.096475
8 0.504175 0.733766 0.034447 0.176252
1 0.504436 0.250000 0.007829 0.041744
1 0.497912 0.229128 0.007307 0.038961
1 0.492954 0.244898 0.004697 0.027829
1 0.488518 0.261596 0.006263 0.025974
1 0.476514 0.258349 0.009395 0.034323
3 0.519833 0.267161 0.011482 0.029685
4 0.495564 0.055195 0.026618 0.019481
5 0.553758 0.057514 0.026096 0.022263
1 0.563413 0.178571 0.005741 0.026902
1 0.567850 0.183210 0.004175 0.017625
4 0.723904 0.361781 0.091858 0.061224
1 0.647182 0.110390 0.005219 0.025974
1 0.586378 0.024583 0.003653 0.017625
10 0.553236 0.087662 0.003132 0.019481
10 0.651879 0.704082 0.028184 0.074212
7 0.746868 0.943878 0.126305 0.110390
4 0.896399 0.686456 0.099687 0.204082
10 0.984342 0.797310 0.030271 0.082560
4 0.294363 0.924861 0.172234 0.142857
6 0.561065 0.035714 0.005219 0.015770
2 0.647965 0.694805 0.029749 0.087199
2 0.553236 0.083024 0.003132 0.017625
10 0.562109 0.079777 0.006263 0.016698
2 0.562109 0.074212 0.006263 0.016698
7 0.467902 0.095083 0.019311 0.019481
