4 0.351786 0.932857 0.145000 0.134286
4 0.199286 0.911905 0.177143 0.176190
4 0.144643 0.826667 0.173571 0.190476
4 0.501786 0.720000 0.120714 0.154286
4 0.430000 0.654286 0.112857 0.118095
4 0.337500 0.632381 0.115000 0.116190
1 0.334286 0.465714 0.020000 0.038095
1 0.360000 0.444286 0.014286 0.048571
2 0.331786 0.460000 0.012143 0.026667
2 0.362857 0.432381 0.008571 0.028571
4 0.209286 0.393810 0.088571 0.071429
4 0.145000 0.397619 0.087143 0.071429
4 0.250000 0.330000 0.080000 0.060000
4 0.339286 0.284286 0.064286 0.052381
5 0.408929 0.238571 0.055000 0.058095
5 0.458929 0.209048 0.045000 0.044762
4 0.506786 0.181429 0.042143 0.040952
1 0.108214 0.310000 0.017857 0.040952
1 0.027500 0.215238 0.016429 0.032381
1 0.048214 0.193810 0.013571 0.033333
1 0.176786 0.050000 0.006429 0.016190
4 0.034286 0.105238 0.052857 0.025714
4 0.066786 0.089524 0.045000 0.020952
4 0.038571 0.042857 0.045714 0.020952
4 0.027857 0.038095 0.035714 0.020952
4 0.016429 0.036667 0.032857 0.021905
4 0.055000 0.028571 0.041429 0.020952
4 0.015000 0.015714 0.030000 0.014286
4 0.012143 0.034286 0.024286 0.024762
9 0.174286 0.024286 0.054286 0.035238
4 0.101429 0.009048 0.025714 0.018095
4 0.085000 0.007143 0.021429 0.014286
0 0.068929 0.006190 0.009286 0.010476
10 0.203929 0.045714 0.010714 0.022857
1 0.648214 0.508095 0.013571 0.048571
1 0.670357 0.483810 0.015000 0.043810
9 0.630357 0.241905 0.086429 0.106667
1 0.587500 0.138571 0.007857 0.025714
1 0.552857 0.124762 0.005714 0.028571
1 0.538929 0.114286 0.005000 0.026667
10 0.570714 0.117143 0.015714 0.024762
1 0.570000 0.114286 0.005714 0.017143
4 0.943929 0.266667 0.055000 0.066667
0 0.877857 0.158095 0.041429 0.055238
0 0.830357 0.098571 0.036429 0.039048
0 0.789643 0.032381 0.093571 0.049524
5 0.551429 0.040000 0.037143 0.022857
4 0.550000 0.054762 0.031429 0.020000
9 0.477857 0.054286 0.091429 0.053333
4 0.363571 0.040476 0.024286 0.016190
4 0.377857 0.029524 0.018571 0.015238
4 0.299286 0.029524 0.021429 0.017143
0 0.405000 0.029048 0.020000 0.016190
0 0.331786 0.030476 0.027857 0.020952
0 0.350357 0.017619 0.027857 0.020000
1 0.875000 0.045714 0.008571 0.019048
1 0.933214 0.034762 0.006429 0.018095
0 0.700000 0.379524 0.018571 0.063810
