5 0.432411 0.732839 0.025574 0.079777
5 0.818111 0.887291 0.055846 0.054731
5 0.618998 0.365492 0.013570 0.029685
5 0.640397 0.343228 0.025052 0.031540
4 0.474948 0.323284 0.013570 0.026902
4 0.469207 0.269481 0.012526 0.030612
4 0.502349 0.227737 0.012004 0.026902
4 0.516180 0.219852 0.010438 0.018553
4 0.512787 0.142393 0.008873 0.019481
4 0.511221 0.099258 0.006785 0.012987
4 0.504436 0.062152 0.007829 0.016698
4 0.511743 0.052412 0.006785 0.012059
4 0.797495 0.841837 0.060543 0.054731
4 0.705898 0.743506 0.029749 0.065863
4 0.647182 0.608071 0.024008 0.052876
4 0.727296 0.621058 0.048539 0.039889
4 0.722077 0.598794 0.048539 0.032468
4 0.696503 0.526902 0.040188 0.040816
4 0.742432 0.526438 0.045407 0.036178
4 0.820198 0.983302 0.074635 0.031540
9 0.571503 0.392857 0.026096 0.088126
9 0.434499 0.323748 0.019311 0.076067
10 0.676931 0.417904 0.013570 0.013915
10 0.641962 0.375696 0.010438 0.020408
4 0.579071 0.171614 0.009916 0.016698
5 0.574896 0.153061 0.008873 0.016698
4 0.572025 0.146104 0.009395 0.013915
4 0.565762 0.117347 0.008351 0.013915
4 0.564196 0.108071 0.011482 0.010204
5 0.562109 0.099258 0.007307 0.011132
2 0.534447 0.153525 0.003132 0.008349
4 0.506785 0.026438 0.005219 0.008349
0 0.594990 0.184137 0.011482 0.023191
0 0.601775 0.161410 0.006263 0.016698
1 0.395355 0.259740 0.003653 0.014842
1 0.412578 0.191558 0.002610 0.008349
1 0.415710 0.173006 0.002610 0.006494
10 0.415971 0.179963 0.003132 0.007421
10 0.412839 0.197588 0.003132 0.011132
10 0.395094 0.263451 0.004175 0.007421
0 0.450939 0.035250 0.006263 0.018553
2 0.590031 0.290353 0.003653 0.009276
10 0.589509 0.297310 0.003653 0.010204
10 0.796712 0.581169 0.018267 0.023191
10 0.794885 0.659091 0.011482 0.034323
10 0.856994 0.773191 0.018789 0.026902
10 0.884656 0.860853 0.022965 0.025974
1 0.730167 0.772727 0.005219 0.025974
1 0.737996 0.773655 0.006263 0.029685
0 0.614301 0.234230 0.009395 0.017625
10 0.620303 0.217532 0.006785 0.008349
10 0.588466 0.153525 0.006785 0.008349
2 0.443894 0.070501 0.001566 0.005566
10 0.444154 0.074675 0.002088 0.004638
0 0.456942 0.010204 0.008873 0.020408
