0 0.072750 0.228333 0.066500 0.048667
7 0.142500 0.220333 0.032000 0.022000
10 0.149750 0.235333 0.018500 0.016000
10 0.163750 0.226333 0.014500 0.023333
10 0.171250 0.217000 0.012500 0.023333
10 0.179750 0.203333 0.011500 0.025333
10 0.176250 0.263333 0.018500 0.018667
3 0.187500 0.250667 0.018000 0.018667
10 0.193000 0.234000 0.013000 0.025333
10 0.200000 0.214667 0.021000 0.020000
10 0.204500 0.225333 0.014000 0.020000
10 0.209500 0.222000 0.012000 0.022667
10 0.219250 0.217667 0.011500 0.022000
10 0.226500 0.211333 0.013000 0.022667
10 0.235000 0.207667 0.012000 0.022000
10 0.242000 0.204667 0.011000 0.022667
10 0.254500 0.200333 0.015000 0.023333
10 0.261000 0.189333 0.014000 0.022667
7 0.191000 0.191000 0.017000 0.035333
7 0.160250 0.179000 0.015500 0.031333
7 0.142750 0.192333 0.018500 0.030000
10 0.128750 0.200667 0.012500 0.020000
7 0.148750 0.217000 0.026500 0.019333
7 0.162750 0.203333 0.024500 0.020000
7 0.189250 0.162667 0.018500 0.029333
3 0.255750 0.127000 0.016500 0.022000
5 0.235500 0.056667 0.039000 0.037333
1 0.283000 0.013667 0.011000 0.020667
1 0.294750 0.022000 0.008500 0.020000
1 0.317000 0.040000 0.010000 0.024000
1 0.320750 0.028333 0.008500 0.020667
1 0.306000 0.012000 0.011000 0.021333
1 0.315500 0.009000 0.009000 0.016667
1 0.325000 0.021000 0.010000 0.024667
1 0.336250 0.028000 0.007500 0.024000
1 0.342250 0.034000 0.007500 0.020000
2 0.342250 0.027000 0.004500 0.011333
1 0.356750 0.078333 0.010500 0.022000
1 0.368250 0.068000 0.007500 0.024000
1 0.359250 0.106667 0.009500 0.024000
1 0.198500 0.287333 0.013000 0.020000
5 0.256500 0.301333 0.039000 0.049333
7 0.272250 0.240000 0.034500 0.029333
6 0.273250 0.281333 0.044500 0.061333
5 0.298750 0.250000 0.048500 0.046667
5 0.343500 0.213000 0.045000 0.055333
1 0.362000 0.328000 0.010000 0.017333
1 0.431000 0.304000 0.008000 0.018667
1 0.426500 0.300667 0.004000 0.012000
2 0.414750 0.287333 0.008500 0.017333
2 0.406250 0.281333 0.010500 0.016000
2 0.380250 0.228667 0.007500 0.013333
1 0.402500 0.223667 0.008000 0.019333
1 0.412000 0.225333 0.008000 0.018667
1 0.428250 0.222667 0.009500 0.026667
1 0.376750 0.186333 0.006500 0.014000
6 0.453500 0.017333 0.037000 0.034667
5 0.430250 0.046333 0.034500 0.030000
5 0.505750 0.071000 0.027500 0.034000
10 0.488500 0.032667 0.013000 0.022667
4 0.490750 0.214000 0.050500 0.049333
1 0.516000 0.156000 0.006000 0.018667
4 0.551000 0.172333 0.038000 0.055333
5 0.579000 0.191667 0.043000 0.047333
1 0.591250 0.199000 0.007500 0.012667
1 0.563000 0.234667 0.006000 0.018667
2 0.565000 0.228333 0.003000 0.010000
1 0.567500 0.240333 0.006000 0.012667
1 0.572750 0.237333 0.006500 0.018667
1 0.579000 0.237333 0.005000 0.018667
1 0.520500 0.297667 0.010000 0.020667
1 0.561500 0.128667 0.006000 0.020000
1 0.563500 0.136000 0.006000 0.022667
1 0.569250 0.134333 0.006500 0.023333
1 0.570750 0.122000 0.005500 0.018667
2 0.579000 0.127333 0.009000 0.020000
10 0.579000 0.130333 0.005000 0.026000
1 0.588500 0.145000 0.009000 0.022000
1 0.592000 0.154333 0.006000 0.022000
1 0.570000 0.029667 0.005000 0.018000
1 0.556750 0.006667 0.004500 0.013333
1 0.574000 0.025667 0.006000 0.024667
1 0.577750 0.035667 0.005500 0.019333
1 0.579000 0.028333 0.005000 0.019333
3 0.588000 0.027000 0.011000 0.023333
1 0.597000 0.061000 0.007000 0.024667
1 0.601250 0.082333 0.007500 0.022000
1 0.618000 0.095667 0.005000 0.012667
1 0.624250 0.092000 0.006500 0.021333
1 0.608000 0.116667 0.008000 0.022667
1 0.611250 0.137000 0.008500 0.022000
10 0.653500 0.090000 0.013000 0.020000
2 0.664250 0.081667 0.007500 0.020667
2 0.649250 0.170667 0.008500 0.018667
2 0.666000 0.112000 0.009000 0.021333
2 0.670250 0.110000 0.008500 0.017333
10 0.665000 0.117667 0.015000 0.020667
1 0.691250 0.032333 0.011500 0.023333
1 0.699750 0.066000 0.010500 0.022667
1 0.714750 0.070667 0.009500 0.024000
1 0.714500 0.063333 0.009000 0.022667
10 0.710500 0.020000 0.013000 0.022667
1 0.717750 0.009333 0.006500 0.018667
3 0.732500 0.030000 0.011000 0.024000
1 0.751250 0.043333 0.007500 0.021333
2 0.766750 0.047667 0.010500 0.019333
2 0.768500 0.043333 0.008000 0.017333
10 0.765750 0.050000 0.007500 0.018667
2 0.726000 0.110667 0.010000 0.021333
3 0.725000 0.115333 0.010000 0.022667
1 0.738500 0.114333 0.008000 0.022000
2 0.718500 0.183333 0.009000 0.018667
3 0.716000 0.188333 0.014000 0.023333
1 0.751500 0.191667 0.012000 0.023333
2 0.756000 0.219000 0.012000 0.018000
10 0.754750 0.222333 0.010500 0.024667
1 0.750500 0.258333 0.010000 0.019333
2 0.813000 0.049000 0.010000 0.018000
1 0.814000 0.032333 0.009000 0.019333
1 0.818000 0.025333 0.009000 0.018667
2 0.811500 0.062667 0.008000 0.013333
2 0.793750 0.077333 0.008500 0.013333
2 0.783250 0.082000 0.008500 0.017333
10 0.768250 0.085667 0.016500 0.019333
1 0.801500 0.285333 0.015000 0.022667
1 0.809750 0.271667 0.014500 0.016667
1 0.811000 0.265000 0.011000 0.018000
1 0.821750 0.268667 0.013500 0.017333
1 0.816250 0.281333 0.012500 0.021333
7 0.855000 0.266000 0.031000 0.033333
3 0.880500 0.251333 0.021000 0.024000
3 0.898250 0.279667 0.019500 0.015333
2 0.849500 0.305000 0.011000 0.014000
1 0.863500 0.309000 0.014000 0.019333
1 0.867750 0.328000 0.015500 0.021333
1 0.875750 0.332000 0.013500 0.018667
1 0.851500 0.338333 0.014000 0.020667
1 0.850000 0.356000 0.015000 0.020000
2 0.819000 0.354667 0.012000 0.017333
2 0.882000 0.364000 0.015000 0.018667
1 0.871000 0.392000 0.016000 0.020000
1 0.784500 0.208333 0.011000 0.020667
1 0.880000 0.405333 0.013000 0.014667
1 0.893000 0.399333 0.014000 0.017333
1 0.899750 0.385000 0.016500 0.018000
1 0.903750 0.396000 0.015500 0.016000
2 0.881750 0.428667 0.020500 0.018667
2 0.884000 0.437667 0.013000 0.011333
10 0.880250 0.430333 0.016500 0.028667
10 0.971500 0.405333 0.017000 0.026667
3 0.988250 0.439000 0.022500 0.018000
5 0.962000 0.465667 0.066000 0.068667
1 0.895250 0.483667 0.016500 0.018000
1 0.984000 0.534000 0.023000 0.016000
1 0.964000 0.560333 0.021000 0.012667
1 0.976500 0.572333 0.020000 0.014000
5 0.695000 0.349333 0.047000 0.058667
5 0.653750 0.359667 0.051500 0.038000
10 0.630750 0.316333 0.011500 0.030000
10 0.582750 0.388000 0.012500 0.022667
10 0.729500 0.396000 0.019000 0.017333
10 0.737750 0.404000 0.018500 0.020000
2 0.705500 0.419667 0.012000 0.012667
2 0.716500 0.422667 0.008000 0.009333
2 0.712250 0.433667 0.009500 0.014000
2 0.703250 0.428667 0.009500 0.013333
2 0.437250 0.382667 0.009500 0.013333
10 0.437250 0.389333 0.009500 0.025333
5 0.475250 0.443000 0.035500 0.080667
7 0.450750 0.500000 0.019500 0.045333
5 0.404750 0.476000 0.033500 0.065333
5 0.326500 0.508000 0.056000 0.050667
5 0.470500 0.581333 0.058000 0.048000
4 0.421250 0.519000 0.036500 0.075333
1 0.394500 0.512667 0.010000 0.016000
1 0.381750 0.526333 0.012500 0.014000
1 0.385250 0.539667 0.009500 0.014000
1 0.361750 0.531667 0.010500 0.014000
1 0.355750 0.543667 0.010500 0.014000
2 0.407000 0.594667 0.009000 0.009333
2 0.408500 0.600667 0.007000 0.008000
2 0.419000 0.587333 0.014000 0.014667
7 0.416000 0.594000 0.028000 0.032000
10 0.128250 0.262667 0.022500 0.017333
2 0.138500 0.262000 0.011000 0.012000
5 0.062250 0.530333 0.051500 0.044667
4 0.131750 0.580000 0.056500 0.046667
4 0.194000 0.566000 0.049000 0.066667
4 0.129000 0.644333 0.064000 0.058000
4 0.206750 0.630667 0.060500 0.054667
1 0.188750 0.650000 0.016500 0.012000
1 0.206000 0.667667 0.021000 0.008667
4 0.266000 0.599667 0.050000 0.066000
4 0.238500 0.675000 0.065000 0.054000
5 0.084500 0.743000 0.056000 0.039333
1 0.112750 0.749333 0.021500 0.010667
1 0.117000 0.758333 0.018000 0.012667
4 0.025750 0.787000 0.051500 0.079333
4 0.068750 0.790000 0.064500 0.057333
4 0.055250 0.837667 0.079500 0.068667
4 0.118000 0.839667 0.069000 0.063333
5 0.147250 0.919000 0.057500 0.076667
5 0.157000 0.963667 0.066000 0.072667
1 0.200500 0.827667 0.017000 0.014000
4 0.264000 0.919333 0.041000 0.098667
4 0.217750 0.863000 0.058500 0.091333
1 0.239500 0.808333 0.015000 0.010000
5 0.197250 0.797333 0.066500 0.077333
5 0.284750 0.735333 0.066500 0.045333
5 0.308500 0.688000 0.064000 0.038667
5 0.351000 0.864667 0.033000 0.098667
5 0.447750 0.833333 0.065500 0.065333
4 0.411500 0.743667 0.062000 0.055333
4 0.401750 0.686333 0.061500 0.050000
4 0.433500 0.655667 0.059000 0.048667
4 0.464750 0.630000 0.057500 0.049333
2 0.495000 0.683667 0.008000 0.015333
2 0.504250 0.685667 0.011500 0.016667
10 0.503500 0.685333 0.025000 0.016000
4 0.481500 0.727000 0.064000 0.054000
4 0.504500 0.781667 0.065000 0.062000
4 0.557500 0.760333 0.067000 0.058000
5 0.576500 0.724000 0.071000 0.065333
4 0.642750 0.726667 0.067500 0.061333
2 0.621750 0.792667 0.012500 0.017333
7 0.623250 0.792667 0.020500 0.021333
4 0.583750 0.827667 0.063500 0.051333
5 0.576250 0.914667 0.069500 0.085333
4 0.664250 0.879333 0.068500 0.070667
4 0.770500 0.924000 0.070000 0.054667
5 0.839000 0.974000 0.075000 0.052000
4 0.811250 0.819333 0.069500 0.064000
5 0.885500 0.859333 0.063000 0.052000
4 0.963250 0.903333 0.073500 0.064000
