2 0.001786 0.020305 0.003571 0.017766
1 0.020357 0.088832 0.007857 0.017766
1 0.030714 0.092640 0.008571 0.020305
2 0.027143 0.050127 0.004286 0.013959
2 0.034286 0.025381 0.005714 0.015228
2 0.041786 0.022208 0.005000 0.013959
2 0.042143 0.029188 0.005714 0.012690
2 0.023214 0.024746 0.005000 0.016497
2 0.015714 0.032360 0.007143 0.016497
2 0.027143 0.028553 0.005714 0.013959
10 0.092500 0.197970 0.012143 0.025381
10 0.002143 0.291244 0.004286 0.024112
10 0.049643 0.256345 0.019286 0.022843
10 0.068929 0.259518 0.019286 0.021574
10 0.042143 0.274746 0.020000 0.029188
5 0.051786 0.293147 0.047857 0.058376
5 0.061786 0.310914 0.049286 0.055838
4 0.066071 0.335660 0.043571 0.049492
4 0.063571 0.388325 0.027143 0.053299
4 0.114286 0.352157 0.041429 0.039340
4 0.108571 0.378807 0.047143 0.046954
5 0.081429 0.439721 0.024286 0.057107
10 0.120357 0.325508 0.023571 0.021574
10 0.121786 0.314086 0.022143 0.024112
4 0.068571 0.585660 0.032857 0.079949
10 0.007500 0.817259 0.015000 0.048223
10 0.004286 0.854061 0.008571 0.048223
10 0.012857 0.737944 0.025714 0.036802
10 0.012857 0.713198 0.025714 0.040609
10 0.009643 0.685914 0.019286 0.031726
0 0.003214 0.582487 0.006429 0.027919
1 0.165357 0.084391 0.003571 0.013959
1 0.191071 0.216371 0.005000 0.021574
1 0.219643 0.281726 0.006429 0.020305
1 0.230000 0.316624 0.005714 0.021574
1 0.263571 0.548858 0.007143 0.024112
1 0.286786 0.569797 0.006429 0.025381
1 0.277143 0.659898 0.007143 0.020305
1 0.189643 0.797589 0.009286 0.031726
4 0.566071 0.737310 0.036429 0.088832
5 0.540714 0.567259 0.025714 0.068528
5 0.529643 0.484137 0.020714 0.064721
5 0.516071 0.385787 0.022143 0.071066
5 0.496429 0.310914 0.024286 0.060914
5 0.423571 0.155457 0.035714 0.036802
4 0.466786 0.258883 0.022143 0.050761
1 0.474286 0.160533 0.002857 0.019036
1 0.477857 0.159264 0.004286 0.024112
6 0.395357 0.104695 0.032143 0.067259
6 0.366786 0.044416 0.032143 0.065990
