4 0.078214 0.811429 0.017857 0.043810
5 0.189643 0.878095 0.017857 0.036190
5 0.217500 0.871429 0.016429 0.043810
5 0.234286 0.868571 0.017143 0.049524
4 0.250357 0.845714 0.013571 0.043810
4 0.272500 0.841429 0.015000 0.044762
4 0.291429 0.830000 0.012857 0.040952
4 0.304643 0.828571 0.015000 0.040000
4 0.345357 0.691429 0.013571 0.040000
4 0.334643 0.478571 0.010714 0.027619
5 0.337857 0.545714 0.011429 0.030476
4 0.340357 0.581905 0.012143 0.034286
4 0.467500 0.566667 0.026429 0.015238
5 0.474643 0.617619 0.027857 0.018095
4 0.515000 0.601429 0.017143 0.035238
4 0.539286 0.620476 0.011429 0.037143
5 0.545714 0.653810 0.011429 0.033333
6 0.574643 0.653333 0.017857 0.040000
4 0.530000 0.565714 0.012857 0.030476
4 0.990357 0.441429 0.019286 0.018095
5 0.775714 0.590476 0.028571 0.026667
4 0.446071 0.726190 0.029286 0.021905
4 0.452857 0.746667 0.028571 0.017143
4 0.485000 0.766190 0.025714 0.025714
10 0.321429 0.893810 0.014286 0.010476
10 0.365714 0.869048 0.011429 0.008571
10 0.537143 0.739524 0.011429 0.010476
10 0.642857 0.658095 0.011429 0.009524
10 0.694286 0.623333 0.010000 0.012381
10 0.673929 0.628571 0.010714 0.011429
10 0.714286 0.640000 0.010000 0.011429
10 0.718214 0.605714 0.010714 0.013333
10 0.931429 0.489524 0.008571 0.007619
10 0.966429 0.461905 0.005714 0.009524
10 0.991786 0.453810 0.009286 0.008571
10 0.950714 0.457619 0.008571 0.008571
4 0.523214 0.367143 0.012143 0.031429
4 0.498571 0.364286 0.014286 0.025714
4 0.502857 0.390952 0.012857 0.029524
4 0.512857 0.463810 0.012857 0.032381
4 0.536786 0.452381 0.015000 0.030476
4 0.530000 0.396190 0.014286 0.032381
