4 0.595357 0.815714 0.032143 0.073333
4 0.717500 0.363333 0.020714 0.029524
4 0.735714 0.330000 0.028571 0.020000
4 0.756071 0.293333 0.029286 0.015238
5 0.814643 0.302381 0.020714 0.016190
6 0.790714 0.338571 0.042857 0.027619
6 0.857143 0.280952 0.045714 0.024762
6 0.853214 0.250000 0.026429 0.029524
6 0.994643 0.281429 0.010714 0.020000
6 0.831429 0.248095 0.025714 0.035238
6 0.791786 0.321429 0.077857 0.035238
6 0.816786 0.250476 0.023571 0.032381
6 0.472857 0.199048 0.015714 0.032381
1 0.939643 0.283333 0.006429 0.014286
4 0.727143 0.410000 0.022857 0.027619
3 0.485357 0.240000 0.005000 0.009524
3 0.456429 0.176190 0.004286 0.009524
7 0.456429 0.189524 0.005714 0.011429
4 0.452143 0.105714 0.007143 0.011429
4 0.441429 0.073810 0.005714 0.010476
4 0.422500 0.059524 0.006429 0.008571
0 0.427857 0.040476 0.025714 0.025714
