6 0.185714 0.796190 0.045714 0.120000
6 0.234286 0.780476 0.051429 0.115238
6 0.299286 0.720000 0.047143 0.085714
6 0.339643 0.620952 0.055000 0.100952
6 0.387143 0.710476 0.047143 0.104762
9 0.412857 0.708571 0.037143 0.072381
6 0.523214 0.640476 0.062143 0.098095
6 0.592500 0.618095 0.049286 0.062857
6 0.675714 0.624762 0.061429 0.045714
5 0.619643 0.592381 0.029286 0.028571
5 0.646429 0.605714 0.025714 0.024762
4 0.654286 0.588095 0.030000 0.025714
6 0.552143 0.573333 0.028571 0.043810
4 0.636429 0.569048 0.021429 0.025714
4 0.525714 0.564286 0.024286 0.021905
4 0.516786 0.549524 0.022143 0.024762
4 0.500357 0.536190 0.020714 0.022857
6 0.706786 0.599524 0.045000 0.044762
5 0.720357 0.591905 0.030714 0.031429
5 0.745714 0.584286 0.028571 0.025714
4 0.730357 0.565714 0.033571 0.032381
4 0.704643 0.547619 0.029286 0.026667
4 0.671071 0.576667 0.033571 0.031429
6 0.647500 0.550952 0.037857 0.042857
6 0.622500 0.577619 0.030714 0.033333
4 0.564643 0.566190 0.030714 0.029524
4 0.541429 0.550952 0.020000 0.021905
4 0.528929 0.531429 0.025000 0.020952
5 0.663571 0.552857 0.024286 0.025714
4 0.674286 0.549048 0.031429 0.027619
8 0.709643 0.515238 0.023571 0.017143
6 0.572500 0.540000 0.057857 0.062857
9 0.600000 0.543333 0.040000 0.044762
6 0.612500 0.531429 0.029286 0.028571
6 0.617500 0.524286 0.033571 0.029524
6 0.639286 0.518571 0.035714 0.029524
6 0.606071 0.498095 0.032143 0.034286
4 0.585000 0.519048 0.024286 0.020952
4 0.590357 0.509524 0.022143 0.020952
4 0.565000 0.500000 0.027143 0.022857
4 0.543214 0.520000 0.023571 0.019048
6 0.506071 0.518095 0.022143 0.022857
6 0.641071 0.488095 0.059286 0.052381
4 0.582500 0.484286 0.025000 0.020000
6 0.577857 0.494286 0.030000 0.020952
4 0.562143 0.478095 0.022857 0.017143
4 0.539643 0.487143 0.025000 0.018095
4 0.534286 0.499524 0.028571 0.021905
4 0.516786 0.505238 0.026429 0.023810
4 0.495714 0.506190 0.025714 0.020000
6 0.682857 0.481429 0.037143 0.029524
10 0.740357 0.488571 0.012143 0.011429
2 0.740714 0.484762 0.005714 0.011429
6 0.835714 0.495238 0.037143 0.036190
1 0.784286 0.450476 0.005714 0.013333
10 0.912500 0.515238 0.009286 0.015238
2 0.912143 0.513810 0.007143 0.010476
1 0.890714 0.555238 0.007143 0.015238
6 0.680714 0.785714 0.061429 0.060952
8 0.455714 0.530476 0.021429 0.020952
8 0.463929 0.507619 0.019286 0.017143
4 0.451786 0.495714 0.022143 0.018095
4 0.472500 0.490476 0.020714 0.017143
5 0.497143 0.491905 0.022857 0.021905
4 0.507857 0.484286 0.024286 0.023810
6 0.438571 0.484286 0.021429 0.020000
4 0.480000 0.480952 0.022857 0.017143
4 0.490714 0.473810 0.022857 0.018095
6 0.017500 0.857143 0.035000 0.074286
4 0.057500 0.610000 0.022143 0.031429
10 0.028571 0.570476 0.017143 0.015238
10 0.045357 0.535238 0.016429 0.011429
10 0.046429 0.521429 0.018571 0.012381
10 0.047143 0.515238 0.018571 0.009524
6 0.066786 0.483333 0.015000 0.023810
6 0.305714 0.443810 0.032857 0.047619
6 0.146429 0.430000 0.018571 0.035238
6 0.052857 0.425714 0.028571 0.019048
6 0.162143 0.366190 0.021429 0.014286
6 0.243571 0.350476 0.027143 0.019048
6 0.212143 0.342381 0.072857 0.031429
6 0.270357 0.325238 0.040714 0.021905
6 0.308929 0.329524 0.026429 0.019048
5 0.948929 0.975714 0.052143 0.048571
