4 0.718214 0.916244 0.066429 0.104061
4 0.552500 0.703680 0.059286 0.092640
4 0.452500 0.784264 0.057857 0.088832
4 0.387143 0.598985 0.051429 0.076142
5 0.382857 0.470812 0.054286 0.081218
5 0.396071 0.413071 0.070714 0.118020
4 0.248929 0.291878 0.045000 0.060914
4 0.198571 0.160533 0.047143 0.074873
4 0.139286 0.141497 0.041429 0.059645
4 0.342143 0.795051 0.037143 0.077411
4 0.105000 0.032995 0.044286 0.058376
9 0.249643 0.158629 0.079286 0.116751
4 0.257143 0.111041 0.030000 0.041878
9 0.376786 0.149112 0.065000 0.130711
9 0.333929 0.142132 0.056429 0.111675
9 0.275714 0.056472 0.065714 0.105330
9 0.302500 0.041878 0.060714 0.083756
4 0.119643 0.391497 0.032143 0.049492
4 0.093214 0.349619 0.032143 0.046954
4 0.059286 0.301396 0.028571 0.044416
4 0.027857 0.263325 0.032857 0.049492
1 0.183929 0.493655 0.017857 0.025381
1 0.227143 0.644036 0.011429 0.021574
1 0.222143 0.651650 0.012857 0.021574
1 0.285000 0.753807 0.011429 0.025381
1 0.374643 0.074239 0.010714 0.024112
1 0.428571 0.970178 0.012857 0.019036
