1 0.479643 0.684762 0.029286 0.068571
1 0.484643 0.538095 0.022143 0.068571
1 0.173929 0.579048 0.030714 0.072381
1 0.115714 0.564286 0.027143 0.079048
1 0.329286 0.457143 0.012857 0.040000
2 0.486071 0.523810 0.009286 0.040000
1 0.339643 0.440000 0.015000 0.043810
1 0.250714 0.369048 0.004286 0.016190
2 0.281071 0.371905 0.007857 0.014286
3 0.283214 0.379048 0.017857 0.017143
1 0.050714 0.381905 0.012857 0.030476
2 0.114643 0.367143 0.010714 0.016190
2 0.111071 0.365238 0.010714 0.016190
2 0.107857 0.366190 0.010000 0.014286
1 0.155714 0.383810 0.018571 0.036190
10 0.429286 0.412857 0.025714 0.020000
10 0.429286 0.360000 0.017143 0.019048
1 0.458929 0.355714 0.006429 0.025714
1 0.453214 0.354762 0.006429 0.023810
1 0.511786 0.354762 0.007857 0.021905
1 0.519286 0.354762 0.010000 0.025714
2 0.495357 0.389048 0.006429 0.023810
1 0.621786 0.349524 0.007857 0.022857
1 0.645000 0.390952 0.007143 0.020000
1 0.652500 0.384762 0.007857 0.030476
1 0.716786 0.340476 0.005000 0.018095
1 0.747857 0.341429 0.007143 0.014286
1 0.760714 0.344286 0.005714 0.018095
5 0.732857 0.340000 0.037143 0.022857
1 0.905357 0.339524 0.005000 0.012381
1 0.890000 0.370476 0.005714 0.024762
1 0.896429 0.372381 0.007143 0.026667
1 0.927143 0.378571 0.008571 0.027619
3 0.910000 0.372381 0.014286 0.013333
1 0.943929 0.381905 0.007857 0.026667
1 0.952143 0.376667 0.007143 0.027619
1 0.958214 0.382381 0.009286 0.025714
1 0.967857 0.385714 0.007143 0.026667
1 0.984643 0.383333 0.010714 0.029524
1 0.979643 0.372857 0.007857 0.023810
1 0.964643 0.376190 0.007857 0.026667
1 0.945357 0.373810 0.007857 0.031429
2 0.939643 0.498571 0.023571 0.044762
3 0.978571 0.480476 0.040000 0.029524
