2 0.348250 0.724667 0.012500 0.018667
4 0.349750 0.726333 0.066500 0.055333
4 0.485750 0.704667 0.060500 0.054667
4 0.488750 0.664667 0.057500 0.050667
2 0.486250 0.704333 0.012500 0.019333
2 0.488000 0.667333 0.012000 0.018667
1 0.422750 0.591000 0.006500 0.023333
2 0.499250 0.604667 0.008500 0.020000
7 0.501750 0.610667 0.027500 0.022667
4 0.697250 0.592333 0.044500 0.034000
2 0.697500 0.523000 0.007000 0.018000
10 0.697750 0.525667 0.010500 0.014000
4 0.748500 0.532000 0.034000 0.026667
4 0.783750 0.483000 0.027500 0.022000
4 0.854250 0.486000 0.027500 0.021333
1 0.802000 0.464667 0.004000 0.016000
2 0.808750 0.466667 0.004500 0.008000
1 0.806000 0.464333 0.004000 0.012667
10 0.804250 0.457000 0.009500 0.010000
5 0.923000 0.454333 0.022000 0.022000
4 0.987500 0.408333 0.025000 0.012667
2 0.937000 0.378000 0.004000 0.006667
2 0.938250 0.379000 0.004500 0.007333
10 0.936000 0.380333 0.007000 0.008667
6 0.983000 0.385333 0.027000 0.014667
4 0.799000 0.388667 0.011000 0.012000
5 0.018000 0.456000 0.019000 0.032000
0 0.052750 0.409667 0.023500 0.015333
4 0.057500 0.384000 0.025000 0.010667
4 0.052500 0.337667 0.012000 0.006000
5 0.042000 0.332333 0.005000 0.007333
1 0.035500 0.331000 0.002000 0.006000
4 0.007000 0.364000 0.014000 0.009333
4 0.008250 0.360333 0.016500 0.008667
6 0.012250 0.348333 0.018500 0.011333
4 0.016000 0.346667 0.019000 0.008000
1 0.027500 0.340667 0.002000 0.005333
1 0.025250 0.340667 0.002500 0.008000
0 0.025750 0.326000 0.013500 0.010667
4 0.019500 0.336000 0.016000 0.006667
0 0.030750 0.334667 0.002500 0.005333
