1 0.724286 0.403810 0.005714 0.005714
1 0.736071 0.338095 0.005000 0.007619
1 0.960714 0.397619 0.005714 0.004762
7 0.883929 0.252857 0.006429 0.012381
3 0.845357 0.255714 0.002143 0.008571
3 0.835714 0.254286 0.002857 0.009524
10 0.851786 0.249048 0.003571 0.010476
0 0.870000 0.248095 0.004286 0.010476
1 0.480000 0.366667 0.002857 0.007619
1 0.482857 0.370952 0.002857 0.008571
4 0.556071 0.255714 0.023571 0.018095
4 0.554286 0.241905 0.021429 0.015238
4 0.563214 0.227143 0.020714 0.012381
4 0.569286 0.214286 0.021429 0.013333
4 0.578214 0.196667 0.020714 0.014286
4 0.585714 0.167619 0.021429 0.015238
4 0.590714 0.154286 0.021429 0.015238
4 0.596429 0.140952 0.015714 0.013333
4 0.594643 0.127619 0.020714 0.015238
4 0.600000 0.112857 0.020000 0.014286
4 0.598214 0.078571 0.009286 0.023810
4 0.584643 0.076667 0.009286 0.021905
4 0.567500 0.056667 0.020714 0.016190
4 0.497857 0.027143 0.020000 0.014286
4 0.478929 0.053333 0.022143 0.015238
4 0.453214 0.054286 0.022143 0.015238
4 0.427500 0.053333 0.019286 0.015238
4 0.403571 0.051905 0.020000 0.014286
4 0.414286 0.025238 0.018571 0.014286
4 0.323929 0.050952 0.019286 0.012381
4 0.343214 0.050000 0.017857 0.014286
4 0.361071 0.051429 0.016429 0.013333
4 0.381429 0.050952 0.018571 0.014286
4 0.296429 0.049524 0.021429 0.011429
4 0.299286 0.021429 0.020000 0.012381
4 0.275357 0.020952 0.019286 0.013333
4 0.246071 0.048571 0.017857 0.013333
4 0.271786 0.049524 0.020714 0.013333
6 0.223571 0.042381 0.027143 0.023810
1 0.125357 0.186190 0.005000 0.008571
4 0.666071 0.033810 0.020714 0.012381
4 0.690357 0.035238 0.019286 0.013333
3 0.595357 0.030476 0.002143 0.007619
3 0.598929 0.030952 0.003571 0.006667
3 0.603929 0.030476 0.002143 0.007619
0 0.590714 0.030000 0.004286 0.008571
1 0.111429 0.610000 0.007143 0.004762
